2 0.660867003515625 0.5576829131944444 0.08607529765625 0.051007584722222214
2 0.81197696875 0.5536448104166667 0.0631218843750001 0.04548176250000001
2 0.314653030078125 0.5811464319444445 0.04399404140624998 0.054408088888888845
2 0.4117268375 0.5649940319444444 0.018171451562499996 0.028904297222222257
2 0.443765976171875 0.5649940305555555 0.015302275781249985 0.025503788888888896
2 0.46624119179687507 0.5581930201388889 0.014345882031250045 0.02550379027777778
2 0.162108475 0.59752888125 0.10233396406250002 0.12365835972222222
2 0.05273307109374999 0.5906678159722222 0.105203140625 0.12921921249999996
2 0.28117930351562503 0.5785960520833333 0.032517335156249993 0.05270783194444451
2 0.25440032148437497 0.5811464305555556 0.049732392968750004 0.05100758055555556
2 0.22283938046875 0.5896476965277778 0.055470746875 0.05780859583333332
2 0.3618988140625 0.5692446638888888 0.019127845312500023 0.03740556111111112
2 0.7172735921875 0.5453707833333333 0.0305634515625 0.025533202777777812
2 0.6169925109375001 0.5513069659722223 0.030843648437500003 0.020403034722222203
2 0.3992937390625 0.5666092381944444 0.004781960937499985 0.02040303194444443
7 0.377456121875 0.5375632618055556 0.013389489062499971 0.015302273611111162
7 0.389889220703125 0.5392635159722222 0.0076511367187499955 0.01190177083333334
7 0.389889220703125 0.5180103548611111 0.009563921093749973 0.006801012499999991
7 0.502297189453125 0.5262282340277779 0.0057383539062499265 0.015302273611111082
7 0.5032535816406251 0.5406803826388888 0.007651138281249992 0.010201518055555582
7 0.693384337109375 0.49165643680555554 0.007651138281249992 0.018702779166666676
2 0.332346286328125 0.5583630027777777 0.04495043203124997 0.06801011111111113
6 0.42009526914062506 0.5062502631944444 0.002869177343750007 0.015302273611111082
6 0.4645675046875001 0.5045500111111111 0.004781960937499985 0.015302275000000047
6 0.49034228750000003 0.5267383145833334 0.004781960937499985 0.013602020833333405
6 0.4520866003906249 0.5258881881944445 0.006694746093749959 0.015302273611111162
2 0.8571896398437499 0.5543977715277778 0.030501226562500074 0.03739614027777781
2 0.739391799609375 0.5459836395833334 0.019983561718750043 0.024307490277777788