6 0.44293526132812494 0.4118038013888889 0.01208554765624994 0.060875344444444424
6 0.170506903125 0.49685023888888885 0.013092674999999998 0.051923088888888934
6 0.6257291484375 0.5487733263888889 0.011078417187500023 0.01969496388888885
2 0.465125883203125 0.6492534027777778 0.028132033593750005 0.03086728055555557
2 0.43638892343749996 0.6660478868055556 0.017121190624999994 0.05013263750000003
2 0.4006358484375 0.6714192409722222 0.07452753437500004 0.08236075972222226
2 0.348741356640625 0.6705240131944444 0.03530422109374998 0.04834218472222223
2 0.29388018984375003 0.6732096916666667 0.0805703078125 0.07877985833333333
2 0.21230275039062502 0.6813820236111111 0.11682694921875 0.11660993611111105
2 0.020041858203125 0.7313993604166668 0.04008371640625 0.14144565416666666
6 0.08823953945312499 0.6203913777777778 0.013727080468750008 0.026856769444444477
6 0.454517241796875 0.5434019736111111 0.01309267578125004 0.03401857500000002
6 0.43336753671874995 0.5478780999999999 0.015106932812499974 0.02864722222222227
9 0.62378183671875 0.6168978861111111 0.06331522812500001 0.13410902777777775
2 0.545158840234375 0.6579908569444445 0.14401942734374992 0.27035814722222223
2 0.8650244257812499 0.675000142361111 0.26894512812499993 0.2828913069444444
7 0.7037816355468751 0.5532494534722222 0.020142575781250026 0.017904515277777793
7 0.70327807109375 0.5210213319444444 0.019135446875000017 0.032228125
7 0.71334936015625 0.47715527361111104 0.015106932812500062 0.01969496388888885
7 0.703781636328125 0.43507966875 0.012085547656250029 0.04655173472222221
7 0.442044094140625 0.4664125673611111 0.03648856328125003 0.04476128194444442
4 0.659971530078125 0.6266579583333333 0.009064158593750005 0.03580902499999997
6 0.1689311546875 0.5990620888888889 0.015820303125 0.028124983333333374