4 0.9234965578125 0.4171556409722222 0.029173723437500066 0.04576270416666664
4 0.63948178046875 0.4125793708333333 0.015444910937500023 0.03661016388888885
7 0.72957710234375 0.3065624416666667 0.018877114062499967 0.053389819444444424
7 0.45800406093750007 0.32029125277777776 0.014586860937499946 0.01983050555555555
7 0.5000485441406249 0.3569014152777778 0.01630296171875001 0.010677963888888876
7 0.51720955859375 0.34240989236111113 0.009438557812499937 0.012203387499999963
7 0.5142063808593751 0.3263929465277778 0.006864405468750068 0.013728809722222204
7 0.50948710234375 0.3752064958333334 0.007722454687500058 0.01677965555555553
7 0.46658456757812505 0.36910480138888885 0.01287076015625006 0.010677961111111106
7 0.214746691015625 0.37673191805555556 0.006864403906249983 0.013728811111111048
7 0.22375622343749998 0.396562425 0.007722456250000009 0.01983050277777778
6 0.21774986875 0.3401217576388889 0.006006353124999997 0.019830504166666665
6 0.280816594921875 0.31571498124999997 0.005148303906250007 0.02288135138888892
6 0.38249560078125 0.3385963340277778 0.0042902531249999765 0.022881351388888877
7 0.059010492578125004 0.3942742895833334 0.012870760156250004 0.018305079166666616
2 0.074026380078125 0.5643590041666666 0.14586861640624998 0.30050841944444445
2 0.322861078125 0.48732512013888885 0.12355929843749998 0.18915250416666674
2 0.5867116640625 0.5254607048611111 0.23081563437500002 0.2318643625
2 0.9101967714843751 0.5445284979166667 0.17761649296874998 0.22423724583333338
2 0.7621830289062499 0.48427427222222225 0.19563555624999998 0.17694911944444444
2 0.48589070859374994 0.4667319034722222 0.08237286562500001 0.12661014583333335
2 0.250784820703125 0.4560539388888889 0.049766939843750004 0.07474574722222221
2 0.42024983124999993 0.4377488583333333 0.04547668593749998 0.059491516666666654
2 0.40094368984374995 0.4346980111111111 0.015444910937500023 0.04423728055555556
2 0.39536636171875 0.42402004722222225 0.028315673437499987 0.05033897500000006
2 0.377776322265625 0.42402004652777775 0.010296608593750011 0.02593219861111109
2 0.09161641914062499 0.4415624152777778 0.026599571093750007 0.03355931388888883
2 0.125938445703125 0.44003699305555555 0.01801906328124998 0.01830508055555558
2 0.17699246171875 0.42707089375000007 0.020593215625000005 0.016779656944444415
2 0.201017880859375 0.42859631666666664 0.02230931796875 0.0167796583333333
2 0.238772111328125 0.4186810645833333 0.010296608593750011 0.024406776388888888