6 0.4083884003906251 0.3943701868055555 0.010762797656250012 0.02338583194444447
7 0.54730823046875 0.42413397708333334 0.014350398437500012 0.010629926388888893
2 0.520201915234375 0.4740946194444444 0.009566930468749924 0.021259850000000018
2 0.43987956367187503 0.4599213930555556 0.015546264843750013 0.025511819444444386
2 0.43210643125 0.4673623409722222 0.019133865625000013 0.03614174305555551
2 0.301557669140625 0.4886221895833333 0.025113194531249983 0.04889765416666671
2 0.27225893984375 0.4864962034722222 0.047834659375 0.06165355972222228
2 0.24594987812499997 0.4971261270833333 0.04065946093749999 0.05740159027777783
2 0.19791590234375 0.49500014305555556 0.06098919062499999 0.0871653777777777
2 0.529370231640625 0.47586627916666663 0.014350397656250014 0.040393711111111154
2 0.5371433624999999 0.4779922625 0.013154529687500017 0.04464567777777783
2 0.5449164964843749 0.4801182479166667 0.019133866406250012 0.044645679166666716
2 0.5556792933593749 0.48330722569444445 0.019133863281250017 0.05102363472222227
9 0.479741772265625 0.45035446111111116 0.07533958671874999 0.15944886388888896
2 0.11181351523437502 0.5059843923611111 0.11839078046875 0.11905515138888884
2 0.369921375390625 0.5183859770833333 0.12915357890624998 0.1764567402777778
9 0.778673502734375 0.3571654534722222 0.44007886171875 0.7143309069444445