6 0.0438135546875 0.28594496180555556 0.017937998437499998 0.0616535597222222
6 0.05995775156250001 0.2806299986111111 0.023917329687500006 0.0722834861111111
6 0.075504016015625 0.29444890069444446 0.01195866484375 0.0616535597222222
6 0.26445091875 0.4453938229166667 0.023917329687499978 0.044645681944444404
6 0.302120712890625 0.44220484861111103 0.027504928906249983 0.05527560555555553
7 0.27820338359374996 0.36779537708333326 0.05859745781250001 0.08929136527777778
7 0.281790983203125 0.2838189756944445 0.015546264843750013 0.02763780138888888
7 0.293151713671875 0.3114567784722222 0.026309063281250024 0.019133865277777752
7 0.8546110242187499 0.4113780659722222 0.022721464062499842 0.02338583194444447
2 0.44836450585937493 0.5714343548611112 0.06338092265625006 0.04889765138888886
9 0.551209023046875 0.5554894701388889 0.05620572421875005 0.046771668055555514
2 0.69351713359375 0.5428854131944445 0.025113195312499937 0.025815526388888878
2 0.795763716796875 0.5387852979166666 0.021525596093750023 0.01700787916666668
2 0.80473271484375 0.5355963208333333 0.02032972968750002 0.019133863888888904
2 0.8226707125000001 0.5331666298611111 0.010762796875000013 0.01488189305555557
2 0.40251584140625 0.5469855291666667 0.07452810781250001 0.1105512138888889
2 0.513923617578125 0.516082820138889 0.08371065234375 0.034015756944444475
2 0.51183085 0.5570080277777778 0.03348426093749994 0.036141744444444394
6 0.761931370703125 0.48451194791666663 0.009566932031250008 0.019133865277777714