6 0.5641070238281249 0.3159183013888889 0.01584184296875 0.02938774999999999
6 0.4161925082031249 0.47693866874999996 0.00929846640624996 0.011020404166666649
6 0.509693765234375 0.47051010069444443 0.008265305468749951 0.016530606944444453
7 0.6722447609375 0.37775501736111117 0.02479591249999995 0.01469387361111111
7 0.6551975703125 0.3942856243055556 0.023762749999999944 0.014693873611111187
7 0.60681108984375 0.3217346208333333 0.0681887609375 0.031224483333333334
7 0.743360812109375 0.3952039923611111 0.027895402343750052 0.020204076388888836
6 0.7679845257812501 0.3930611423611111 0.02892856562500006 0.03673468750000002
7 0.523641465234375 0.4723468340277778 0.02169642421875002 0.012857140277777844
6 0.26690044765625 0.36918359652777777 0.01446428281250003 0.03306121805555552
2 0.0902295671875 0.5690815111111112 0.0723214125 0.05693876111111117
2 0.195612197265625 0.557142738888889 0.04959182578125001 0.044081622222222214
2 0.263800959765625 0.5516325375 0.04752550078125002 0.040408152777777755
2 0.35161981718749996 0.5351019284722223 0.01446428281250003 0.02204081249999995
2 0.37021675234374996 0.5295917250000001 0.01446428281250003 0.018367341666666686
2 0.450803469921875 0.5240815215277778 0.022729586718750028 0.02204081250000003
2 0.499878716015625 0.5103060159722221 0.01136479296875006 0.020204076388888915
2 0.38468103671875 0.5259182555555556 0.014464282812499984 0.025714280555555608
2 0.5107269265625 0.5185713194444445 0.02272958593750003 0.03306121666666668
2 0.5251912101562499 0.5332651923611111 0.026862240625000044 0.05510202916666663
2 0.5536031937500001 0.5369386618055556 0.04029335781250003 0.062448968055555554
2 0.5696172207031249 0.5461223340277778 0.04545917421875005 0.058775498611111095
2 0.42704071953125 0.5418366201388889 0.04959182656250007 0.0734693708333334
2 0.47646036406250003 0.5240815215277778 0.017563771875000002 0.02571427916666672
2 0.7363008687500001 0.585612120138889 0.20249995625000006 0.2553060680555556
2 0.87784420625 0.6658161833333334 0.24176015156250008 0.5197958083333333