6 0.14449213710937497 0.3018748951388889 0.010546871093749988 0.01499999583333332
6 0.21199211367187498 0.23156241944444445 0.006328124218749976 0.024374991666666665
6 0.47144514726562503 0.22124992291666667 0.006328122656249935 0.02624999027777777
6 0.38179674179687495 0.1978124298611111 0.006328124218749976 0.028124990277777803
6 0.205663990234375 0.23062491944444444 0.006328122656250023 0.02999998888888891
6 0.21726554843749998 0.23249991875 0.004218748437499986 0.02624999027777777
6 0.375468618359375 0.19687493194444447 0.006328122656250023 0.02249999166666667
6 0.38917955195312504 0.19593743263888888 0.006328122656249979 0.020624993055555527
6 0.467226398828125 0.22031242222222222 0.006328122656250023 0.024374988888888855
7 0.5753318300781249 0.2712498840277778 0.02003905546875 0.02624999027777777
7 0.54685527734375 0.1953124111111111 0.013710932812499976 0.016874991666666655
7 0.4877927980468749 0.21687490555555552 0.013710930468749983 0.014999994444444435
7 0.47988264453124996 0.24781239374999997 0.01898436874999998 0.02812499027777776
7 0.43769515859374997 0.20937490763888889 0.016874993750000032 0.022499993055555556
7 0.185624934375 0.23468739722222223 0.029531239062499992 0.013124994444444442
7 0.1582030703125 0.2656248868055555 0.012656245312500003 0.007499995833333352
7 0.15398432109375 0.28156238194444444 0.012656245312500003 0.016874994444444465
4 0.11076313476562501 0.36158190625000003 0.01582030703124999 0.07124997638888889
4 0.070685025 0.35126940902777776 0.017929681250000006 0.061874979166666656
4 0.5858996871093749 0.28470693194444446 0.010546872656250006 0.02999998888888887
4 0.8990035871093749 0.27892567777777777 0.04324217109374988 0.069374975
2 0.12776215937500002 0.34818737499999997 0.0316406140625 0.04312498611111108
2 0.087156704296875 0.34631237361111117 0.05167966953125001 0.043124986111111124
2 0.1704769890625 0.3416248736111111 0.058007792187500004 0.05999998055555559
2 0.285437885546875 0.3097498861111111 0.011601557031249987 0.026249991666666656
2 0.528543268359375 0.2909998923611111 0.021093741406250022 0.022499993055555556
2 0.55912919609375 0.32943737916666666 0.05062498281250001 0.06562497777777779
2 0.681855230859375 0.3337498826388889 0.23941397890625 0.28124990138888883
3 0.772030980859375 0.3918748625 0.12023433359374999 0.2549999111111111
2 0.237831948046875 0.3571873743055556 0.09175778046875001 0.16687494027777777
4 0.005873287499999999 0.3641248715277778 0.011746574999999999 0.04499998472222227
2 0.42240219492187503 0.47156233541666664 0.38285142734374994 0.4331248486111111
2 0.8964840609374999 0.4574998395833333 0.20460930312500009 0.3562498763888889