7 0.767284887890625 0.08906246944444444 0.03902342421874998 0.0393749861111111
7 0.708222408203125 0.08624997013888888 0.026367177343750027 0.04499998472222221
7 0.71296850078125 0.1856249354166667 0.04640623437500002 0.04874998472222224
7 0.5095589 0.37912486041666665 0.010546870312500012 0.01499999305555551
7 0.50315826875 0.41474984930555553 0.018839351562500006 0.04124998472222217
6 0.4208201640625 0.42656234930555553 0.00632812031249994 0.01687499305555554
6 0.3965623609375 0.4232141354166667 0.0063281203124999855 0.01499999305555551
7 0.467753742578125 0.42857127222222224 0.009492183593749991 0.022499988888888902
7 0.3628123734375 0.4304462722222222 0.010546870312500012 0.014999991666666625
2 0.38443345781250005 0.45870519930555553 0.007382807812500003 0.020624993055555603
2 0.373359244921875 0.4643301979166667 0.014765621093749992 0.028124990277777803
2 0.41871078984375 0.45214269999999995 0.008437495312500065 0.011249997222222181
2 0.43083969296875 0.45776769930555555 0.013710932812500066 0.01499999305555559
2 0.3965623609375 0.4493302034722223 0.00843749531250002 0.013124995833333328
2 0.42187485195312496 0.47464269236111106 0.04429685859374999 0.02624999027777785
2 0.316406138671875 0.4830801916666667 0.04007810859375001 0.06187497777777777
2 0.281601463671875 0.49620518402777775 0.04640623359374998 0.06937497361111117
2 0.240996008984375 0.5055801819444444 0.06855466484375002 0.08437496944444445
2 0.462480307421875 0.47874979375000004 0.053789044531249976 0.06374997361111107
2 0.15082025976562502 0.5243747965277779 0.13921870078125 0.11999995694444444