7 0.9319163007812499 0.1802311395833333 0.08188385937499998 0.06238770138888887
7 0.6112045195312501 0.2755456840277778 0.04094192968749999 0.05198975138888891
7 0.3007282203125 0.16723370138888888 0.032168659375 0.0814506111111111
7 0.204709647265625 0.3006740645833333 0.019496155468750033 0.05372274305555555
7 0.927042261328125 0.35006432916666663 0.027294619531249963 0.07278565277777777
9 0.41624295 0.37779219583333334 0.04094192968750003 0.06931966944444447
4 0.14085973359374998 0.38559065972222223 0.043866353125 0.16810019999999998
4 0.21202070625 0.4011875840277778 0.053614431250000004 0.1888960958333334
4 0.254424848046875 0.39685510486111114 0.029244235156249986 0.1247754041666667
4 0.272458793359375 0.38299117222222223 0.030219044531250017 0.09358155555555554
4 0.284156487109375 0.40811955138888883 0.018521349218749972 0.0987805277777778
4 0.303652644140625 0.40378707222222227 0.010722886718749968 0.0866495861111111
4 0.332896879296875 0.40292057638888884 0.016571733593749992 0.06412069444444445
4 0.317299953515625 0.3959886097222223 0.014622116406250019 0.08145061111111107
4 0.752551656640625 0.5043005916666666 0.015596924218750008 0.07971761944444443
4 0.737442135546875 0.4791722125 0.010722886718750057 0.07798462777777779
4 0.713071939453125 0.5025676 0.014622117968750015 0.08318360277777773
4 0.764249351171875 0.5017011055555555 0.01949615703125005 0.09184856388888889
4 0.655070872265625 0.47570622916666666 0.013647310156250026 0.06758667777777781
4 0.64483538984375 0.44451237777777775 0.008773270312499993 0.01906290833333336
2 0.380662463671875 0.42458297361111114 0.07116097265625002 0.09011557222222225
2 0.6024312484375001 0.476572725 0.04289154531249997 0.09358155277777784
2 0.88707513984375 0.5580233361111111 0.21835695781249997 0.18023113888888886
2 0.8958484105468749 0.6862647236111111 0.20665926328124992 0.31193851111111104
2 0.49666459726562506 0.5302954680555555 0.20568445546875003 0.30500654444444447
7 0.468882573828125 0.3587292875 0.00974807890624998 0.010397950000000005
6 0.33728351484374997 0.34053287430555557 0.007798462500000003 0.032926843055555544
2 0.578548456640625 0.44104639444444443 0.026319811718749975 0.0779846277777777
0 0.701861648828125 0.5060335840277778 0.017546541406249984 0.06238770138888883