7 0.020368227734375 0.41818698958333334 0.02884688359375 0.04989730972222222
2 0.014520884765625 0.4791725923611111 0.02338936484375 0.03603694861111117
2 0.039859363281250004 0.4736284479166667 0.0350840453125 0.041581093055555525
2 0.07299429843750001 0.47640051944444445 0.0187114921875 0.03049280277777784
2 0.1045699390625 0.4715493909722222 0.024169009375000005 0.020790545833333358
2 0.15446725078125 0.47362844652777775 0.031965465625 0.02494865694444444
2 0.2515331140625 0.47778655833333333 0.023389364062499984 0.022176586111111066
2 0.269854782421875 0.4729354277777778 0.019491138281249976 0.015246399999999957
2 0.29285432421875 0.4770935375 0.021830073437500007 0.020790544444444396
2 0.33846358554687506 0.4921419305555555 0.022609719531250017 0.023562619444444426
2 0.4144790207031249 0.49214193125 0.01247432734374998 0.0180184736111111
2 0.49673162070312504 0.49976513125 0.02260971953124997 0.03326487361111106
2 0.6254288296875 0.5143185118055555 0.057693768749999916 0.07900407361111109
2 0.47172727968749995 0.5032302222222222 0.06549022187500002 0.0457392027777778
2 0.396157353125 0.4942209868055555 0.010135392187500036 0.01940450972222223
2 0.12055267109375001 0.5011511666666667 0.0732866765625 0.06930181944444445
2 0.21372030781249998 0.49768607847222224 0.0756256125 0.06791578749999998
2 0.38212373359375 0.49422098819444443 0.02572830156250001 0.03326487361111106
2 0.538442654296875 0.5392671701388889 0.09199816640625 0.1455338263888889
2 0.432076744140625 0.49283494930555555 0.014033619531249996 0.01940450972222223