2 0.4551473429687499 0.42126832499999994 0.01365783437500001 0.019424472222222197
2 0.44695264296875 0.4139841465277778 0.01365783437500001 0.019424476388888855
2 0.3385777234375 0.4074283743055555 0.034144587499999976 0.04370507083333332
2 0.31194494492187497 0.4050003145833333 0.03824193671875 0.048561190277777735
2 0.23477818046875001 0.4050003145833333 0.020486753125000014 0.048561190277777735
2 0.1412220109375 0.40621434375000004 0.04916820468749998 0.050989248611111135
2 0.18697575703125 0.3989301645833333 0.06692339062500001 0.06555760694444446
2 0.264825415234375 0.39650210625 0.06419182265625004 0.07041372361111119
2 0.43486545820312494 0.41471255277777774 0.021852535156250054 0.02913671388888888
2 0.48130209726562506 0.4159265840277778 0.02458410078125004 0.03156477638888894
6 0.064738136328125 0.33580061805555556 0.013657833593750002 0.026708655555555558
6 0.082493323046875 0.33628624027777776 0.010926267968750004 0.016996413888888878
7 0.074981512890625 0.31928982499999997 0.025949886718750002 0.016996416666666687
7 0.1678547890625 0.3265740034722222 0.012292051562500017 0.03642089027777777
7 0.605588393359375 0.15660983819444446 0.030047236718750002 0.036420895833333335
7 0.53320186875 0.2840829631944445 0.010926268750000023 0.02428059583333331
6 0.31809097070312503 0.1432555125 0.012292050781249975 0.06312954722222221
6 0.33926061406249997 0.14082745277777778 0.013657835937500007 0.06798566666666667
6 0.32970013046875 0.13961342222222223 0.01365783437500001 0.07526984444444444
6 0.5345676515625 0.19788685069444445 0.01365783437500001 0.06555760694444446
6 0.5133980082031251 0.20031490972222224 0.015023617968749913 0.06070148888888889
6 0.563249105859375 0.03277880347222222 0.03277880390624999 0.06555760694444444