6 0.363704620703125 0.13167346041666667 0.013253972656249991 0.06930182083333333
6 0.386314340234375 0.13583156944444447 0.016372555468749984 0.06652974722222221
6 0.012474328125 0.16563135277777777 0.010915035937500001 0.05128334722222221
6 0.89308390859375 0.2397843013888889 0.04132121093749994 0.07207389444444444
6 0.5523788296875001 0.3354208152777778 0.010135392187499991 0.024948655555555553
6 0.037422983203124996 0.2938397222222222 0.009355744531249998 0.03049280000000003
6 0.014423442187500001 0.29661179444444447 0.003898228125 0.024948658333333325
7 0.0077964546875 0.2335471375 0.01403361875 0.012474327777777777
7 0.5363960960937499 0.2986908486111111 0.028067237499999998 0.018018474999999985
7 0.82213616875 0.14414778749999999 0.06938844843750003 0.047125236111111114
7 0.8696945437499999 0.047818256249999996 0.04755837500000002 0.03465090972222223
7 0.851372874609375 0.0076232 0.010915036718750137 0.0152464
7 0.20504676328125 0.3090861236111111 0.012474326562499981 0.03326487499999998
2 0.042100856640625 0.42412714652777783 0.08108313046875001 0.1302874236111111
2 0.9811838484375001 0.533624023611111 0.03508404687500004 0.09979462222222221
2 0.8622879109374999 0.4560059847222222 0.18087775312499996 0.11088291388888893
2 0.435042183203125 0.4234341263888889 0.03898227421874996 0.0595995666666667
9 0.100964091796875 0.38323907152777775 0.07718490546875 0.0845482236111111
9 0.22375825585937498 0.3894762375 0.024948657031249998 0.0360369472222222
9 0.3886532765625 0.39224830833333335 0.021050428125 0.03880901944444446
4 0.6319026699218749 0.4421456201388889 0.021050428906249953 0.11088291527777783
2 0.5539381203125 0.4255131826388889 0.05535482968750003 0.041581093055555525
2 0.61786905078125 0.4102667833333333 0.06315128593750004 0.044353166666666666
2 0.41594086875 0.4151179083333334 0.014813264062500053 0.042967130555555615
2 0.40502583281250004 0.4102667826388889 0.005457518750000024 0.030492801388888876
2 0.397229377734375 0.40888074722222223 0.007016810156249953 0.022176583333333295
2 0.19530119531249998 0.3943273638888889 0.008576099999999998 0.018018474999999985
2 0.145014061328125 0.3984854722222222 0.009355746093749983 0.026334691666666684
2 0.1800981078125 0.39502038125000005 0.017152199999999996 0.01940450972222223
2 0.20465694140625001 0.3943273638888889 0.010135392187500014 0.018018474999999985
2 0.256113543359375 0.39502038125000005 0.010135391406249994 0.01940450972222223
2 0.275214857421875 0.39848547291666675 0.007796453906250012 0.012474329166666662
2 0.28418078046875 0.39987150833333335 0.008576101562499971 0.009702252777777826
2 0.34304401484375 0.40195056458333334 0.009355746875000025 0.011088293055555533
2 0.356297988671875 0.4040296180555556 0.009355746093749983 0.009702255555555518
2 0.36760284921875 0.40264358263888894 0.0070168093749999995 0.012474329166666662
2 0.244808683984375 0.3929413263888889 0.009355746093749983 0.020790544444444472