2 0.38025284296875 0.4791896770833333 0.02599648281249998 0.059965795833333384
2 0.34908315 0.48202166250000006 0.049732393750000006 0.0663098583333333
2 0.294090598046875 0.4964738111111111 0.06599106171875002 0.07481112222222223
2 0.22762133984375002 0.49392343263888894 0.08798808124999999 0.1241184541666667
9 0.095365963671875 0.4109753833333333 0.19073192734375 0.44983831944444447
2 0.4982803304687501 0.46382896388888895 0.040168471875000035 0.07141061666666665
6 0.500193115234375 0.4119712541666667 0.011476707031249945 0.01870278055555556
2 0.43228926953125 0.48848262986111113 0.09372643437500003 0.14792199305555553
6 0.60061429375 0.41112112777777776 0.00956392187499997 0.02380353888888891
2 0.551360096875 0.4876325027777778 0.08703168906249995 0.1496222444444444
2 0.600614294140625 0.4641690083333333 0.017215058593750054 0.017002527777777724
9 0.6319839757812501 0.4354347347222222 0.049732393750000006 0.16832502500000004
9 0.73479613671875 0.42608334444444446 0.16354306406249997 0.26863993888888893
2 0.863430886328125 0.4842319972222222 0.11859263359374986 0.1564232555555555
2 0.92562824140625 0.530478867361111 0.1463280031250001 0.1632242680555555
4 0.9189334960937501 0.4446161013888889 0.01817145 0.04250631944444439