6 0.11070886953125 0.018651316666666667 0.01199013124999999 0.037302633333333335
6 0.12219941250000002 0.01421052638888889 0.008992599999999995 0.024868422222222224
6 0.13219118867187502 0.017763159027777777 0.00899259765625 0.035526318055555554
6 0.32003658476562497 0.007105263194444445 0.012989308593750026 0.01421052638888889
6 0.23980263242187502 0.14003289375 0.005995064843750031 0.01953947361111111
7 0.771165287890625 0.016874998611111112 0.009991775781250035 0.015986841666666668
7 0.39047860820312497 0.006217105555555555 0.02398026328124998 0.01243421111111111
7 0.00879275078125 0.08615131666666667 0.0159868421875 0.012434211111111104
7 0.015786993359375 0.023980264583333334 0.023980263281250004 0.0408552625
7 0.027777126171875 0.1101315798611111 0.02198190859375 0.035526315277777776
7 0.263583048828125 0.14832236944444446 0.007993421093750008 0.012434211111111104
4 0.721705994140625 0.15720394791666667 0.028976150781249998 0.12256579027777778
4 0.694728198828125 0.16963815833333332 0.030974507031250022 0.1332236861111111
4 0.0176705953125 0.22026315902777777 0.0177556890625 0.0213157902777778
4 0.14912726210937502 0.22026315902777777 0.01998355234375 0.06572368472222223
4 0.21157586523437502 0.20161184236111113 0.012989308593750026 0.03197368194444444
4 0.102665501953125 0.219375 0.01099095390625 0.046184211111111116
4 0.15062602851562498 0.18917763194444445 0.00899259765625 0.028421052777777768
2 0.270077703515625 0.19450658055555556 0.014987664843750003 0.026644736111111123
2 0.255589626953125 0.19805921041666666 0.00999177734375003 0.023092104166666634
2 0.2445986734375 0.1980592125 0.015986842187500017 0.033750000000000016
2 0.191142669921875 0.20605263194444445 0.022981085156250015 0.05684210555555556
2 0.6812393 0.12434210624999999 0.12189967187500006 0.11368421249999999
2 0.778659119921875 0.10036184305555555 0.04296463828124999 0.07993421111111111
2 0.903056735546875 0.06661184236111112 0.02997532890624992 0.04440789861111111
2 0.829117590625 0.09325657916666666 0.13189144687499993 0.10480263055555555
9 0.141183787890625 0.18207236875 0.08093338828125 0.11546052638888889
1 0.442435845703125 0.13588815833333334 0.35171052734374997 0.20427631666666665
2 0.9744979359375001 0.02575657777777778 0.050958059374999996 0.037302630555555556
2 0.9445226082031251 0.10213815972222222 0.1109087179687501 0.12611842222222222
9 0.043763968359375 0.34371710694444446 0.08592927734375 0.44230263333333336
2 0.37948765390625 0.2904276319444445 0.1898437515625 0.27888158055555556
2 0.230234823046875 0.207890475 0.030322244531250007 0.035156224999999985