7 0.111065101171875 0.3840307881944444 0.015497457031250005 0.04744900138888886
7 0.22385214101562498 0.4689798055555556 0.025829092968750002 0.033673483333333344
7 0.6121495085937501 0.4842859340277778 0.012053576562500012 0.02448980694444442
7 0.5996654484375 0.32117361319444443 0.061128854687500046 0.06275512916666667
6 0.40422530859375005 0.3512756680555556 0.012914546875000044 0.048979613888888926
6 0.47310288945312495 0.34897974861111114 0.011192605468750028 0.04438777500000002
6 0.6269043828124999 0.4379083631944444 0.012053576562499923 0.0413265486111111
6 0.6931990562499999 0.4379083631944444 0.00860969843749997 0.0413265486111111
6 0.782309427734375 0.4111226368055556 0.016358427343750037 0.05510206527777773
6 0.803086373046875 0.4209484520833333 0.01808036484375002 0.030612259722222195
2 0.02465366796875 0.652071004861111 0.0493073359375 0.21428581249999998
2 0.49742528671875 0.5028063465277778 0.007748726562499986 0.016836743055555558
2 0.5068959546875 0.5066328812500001 0.012914546874999999 0.015306131944444464
2 0.5159361375 0.5127553326388888 0.02066327499999998 0.018367356944444423
2 0.44748903984375 0.4974492041666666 0.011192606250000025 0.01530613333333335
2 0.4690132847656249 0.4943879763888889 0.016358425781249953 0.01224490277777777
2 0.43414400937500003 0.500510429861111 0.012053576562500012 0.018367356944444423
2 0.422090431640625 0.5066328812500001 0.01205357734375001 0.027551034722222232
2 0.41261976406249995 0.5081634944444444 0.01205357812500001 0.03673471388888893
2 0.399705218359375 0.5119900256944444 0.027551033593750017 0.0413265486111111
2 0.10742279453124999 0.577070970138889 0.2126595328125 0.22653071249999995
2 0.43930982812499997 0.5116073715277778 0.021524245312499968 0.030612256944444423
2 0.38334679179687503 0.5223216631944445 0.031855882031250005 0.03979593472222223
2 0.47288764882812495 0.5452808569444444 0.06629467265624997 0.09489800277777773
2 0.550805413671875 0.5261481972222222 0.035299761718750045 0.05357145277777775
2 0.764541159375 0.5559951472222222 0.11450897812499994 0.06428574166666673