6 0.48939719492187506 0.5968421083333333 0.011990133593749962 0.06750000000000003
6 0.616292753125 0.5870723729166667 0.015986843750000014 0.06572368472222223
6 0.774162822265625 0.7753618472222222 0.021981907031250005 0.037302630555555535
6 0.4719115859375 0.8624013215277778 0.008992600000000017 0.01953947361111119
2 0.40828894531250004 0.9023684256944444 0.017985196874999953 0.035526318055555506
2 0.39380087148437504 0.8952631624999999 0.014987666406250044 0.031973683333333405
2 0.38830539374999995 0.9023684256944444 0.017985198437499995 0.04263157916666671
2 0.3723185515625 0.9041447409722221 0.02597861874999996 0.05328947361111113
2 0.36182718671875 0.9085855326388889 0.020982731249999987 0.04440789583333324
2 0.34284281054687504 0.9041447402777777 0.03297286171875 0.0710526333333334
2 0.33085267968750004 0.9130263222222222 0.03497121718750003 0.0639473722222222
2 0.31086912773437503 0.9227960583333334 0.036969572656250005 0.08348684444444451
2 0.259911067578125 0.9254605305555555 0.08892681015625001 0.11723684444444445
2 0.47423467070312497 0.893486848611111 0.009991775781250035 0.024868424999999975
2 0.484226446875 0.8979276368055555 0.01199013124999997 0.023092104166666634
2 0.49971370000000004 0.9005921090277778 0.010990954687499953 0.03197368472222214
2 0.505708765625 0.9014802680555556 0.006994243749999995 0.026644736111111123
2 0.512203420703125 0.8970394777777778 0.007993421093750008 0.03907894722222222
2 0.533186151953125 0.8943750048611111 0.03197368359374995 0.058618420833333414
2 0.594635576953125 0.9051435881944444 0.05295641640625002 0.1050240069444445
2 0.6465928128906249 0.9156907944444445 0.09492187421875001 0.12256578888888896
9 0.42627414492187504 0.8872697402777777 0.02198190859375 0.05861842222222214
2 0.44276057421875004 0.8908223743055554 0.03297286093750005 0.051513159722222215
7 0.7445122207031251 0.6767763305555555 0.040966283593750055 0.0319736861111111
7 0.6855607394531249 0.766480282638889 0.018984375781249962 0.01953947361111119
7 0.5701557234375001 0.827763176388889 0.009991775000000036 0.017763155555555618