7 0.9049409316406252 0.23043805208333334 0.1043853789062501 0.14274923750000001
7 0.6898611671875 0.23349696597222222 0.02523602500000006 0.04690332361111113
7 0.68986116796875 0.2681646361111111 0.016059289062499982 0.022432022222222237
7 0.6898611671875 0.3048715840277778 0.02523602500000006 0.04690332361111113
7 0.68871407578125 0.3364803430555556 0.011470921874999984 0.02039275000000001
7 0.489693616796875 0.33444106805555557 0.024088933593750018 0.03262839722222222
7 0.47374902734374996 0.36095164166666666 0.011470920312499988 0.020392749999999973
2 0.6495286312499999 0.5339528715277778 0.24125796093750002 0.3500810097222222
2 0.521926895703125 0.4180513347222222 0.03441276328125005 0.0448640444444444
2 0.460557469140625 0.40785495972222224 0.03785403828125 0.03262839444444442
2 0.431306620703125 0.39561931250000004 0.020647658593749972 0.024471299999999967
2 0.360760458203125 0.4047960493055555 0.021794750781250018 0.030589120833333303
2 0.38140811601562497 0.4058156875 0.024088933593750018 0.024471297222222195
2 0.398614495703125 0.4292673451388888 0.03785403828124996 0.04690331805555551
2 0.365348826953125 0.4496600965277778 0.040148222656249996 0.06729606805555556
2 0.40262931875 0.1566163013888889 0.002294182812500001 0.02120846388888889
2 0.343554075390625 0.4567975569444444 0.044736589843749994 0.06525679444444445
2 0.29824394062500004 0.4659742923611111 0.06423715468749998 0.08361026527777776
2 0.23515387421874995 0.41907097152777784 0.0367069453125 0.01835347083333332
2 0.19213792226562498 0.43946371875 0.04932495859374997 0.055060418055555574
2 0.150269061328125 0.4904455881944445 0.07341389296874998 0.09584591527777783
2 0.06423715625000001 0.49044559097222223 0.12847431250000002 0.1447885097222222
2 0.22941841484375 0.48126885416666665 0.1078266546875 0.11419938888888892