2 0.4250389144531249 0.47517840069444445 0.012656247656250041 0.018749993055555574
2 0.4703904609375 0.5258033826388889 0.05062498125000001 0.06374997916666669
2 0.37019518359375 0.5086605347222223 0.01898436874999998 0.02999999166666664
2 0.117597615234375 0.6042855076388889 0.23519523046875 0.4162498541666667
7 0.325370980078125 0.4854908986111111 0.011601558593750028 0.02062499166666672
7 0.5062498222656251 0.4479909104166667 0.01054687109375001 0.013124995833333328
6 0.28845692968750003 0.4676784048611111 0.011601557812499986 0.014999995833333281
6 0.33855456835937503 0.42642841805555554 0.010546869531250013 0.014999991666666625
6 0.450878748828125 0.4283034166666667 0.011601557031250032 0.014999994444444473
6 0.512050601953125 0.48455339999999997 0.007382810156249952 0.01874999444444446
7 0.53789043671875 0.43084806249999996 0.016874993750000032 0.009375
6 0.395759110546875 0.45153081458333333 0.00860969765624997 0.015306129166666693