6 0.33777243671874996 0.021841310416666666 0.014040842187500013 0.039522370833333334
6 0.35532348984375 0.024961497916666665 0.011700701562500004 0.04576274583333333
6 0.662466908203125 0.12376742083333334 0.00819049140625001 0.05200312222222223
7 0.2486399109375 0.28705721458333333 0.019891192187499972 0.020801245833333346
7 0.3647108671875 0.4950696875 0.0269116140625 0.004160247222222167
7 0.826537558203125 0.05928355625000001 0.023401402343749923 0.06448386805555556
7 0.8101565765625001 0.19865191527777779 0.021061264062499953 0.010400625
7 0.8394083296874999 0.2069724138888889 0.023401403125000008 0.010400625
7 0.8259525230468749 0.24233453263888888 0.024571472656250037 0.01456087361111113
6 0.31486293437499996 0.2965512430555555 0.013647309374999982 0.027308552777777786
6 0.670099198828125 0.12376742222222223 0.005850350781249958 0.04368261944444443
6 0.5174050417968751 0.30161808611111113 0.0046802804687499314 0.02080124722222223
4 0.28491208515625 0.37546251597222224 0.015210910937499999 0.06864411805555556
4 0.46135868750000003 0.37858270208333333 0.01287077187500003 0.07488449027777777
4 0.8786056804687501 0.3640218270833333 0.017551051562500142 0.08736524027777783
4 0.8575444179687499 0.36194170555555555 0.01287077187500003 0.08736524166666662
4 0.8487688914062499 0.36298176458333337 0.014040842187499968 0.08528511527777777
2 0.512256739453125 0.36610195347222224 0.007020421093749984 0.016640995833333328
2 0.506406389453125 0.36610195347222224 0.009360561718749948 0.024961495833333323
2 0.497045828125 0.36818208125000007 0.011700701562499916 0.02496149583333336
2 0.48593016171875 0.3692221423611111 0.01755105312500005 0.039522370833333334
2 0.47598456484374996 0.3744224534722222 0.014040842187500058 0.04160249583333331
2 0.433277002734375 0.37546251666666663 0.03861231640625 0.05200311944444442
2 0.42742665390625 0.3858631388888889 0.03159189375000002 0.05616336666666671
2 0.616041943359375 0.37026220347222216 0.02223133359374998 0.04160249305555554
2 0.55110304765625 0.36610195486111113 0.011700701562500004 0.012480748611111083
2 0.39770686093749996 0.3921035145833333 0.05967357968749996 0.06032361805555553
2 0.5384663062499999 0.36714201874999997 0.011700703125 0.022881370833333314
2 0.5630377777343749 0.36506189375 0.011700702343749914 0.018721120833333296
2 0.57590855078125 0.36818207847222223 0.011700703125 0.020801245833333346
2 0.736208162890625 0.3754625152777778 0.07020421015625003 0.0894453638888889
2 0.69233053203125 0.37858270208333333 0.022231332812499983 0.049922993055555566
2 0.6545823515625 0.3827429534722222 0.0754426921875 0.0915254902777778
2 0.00956775625 0.6001159875 0.017551053125 0.1352081083333333
2 0.054030422265625 0.405624325 0.10179610390625 0.08736523888888886