7 0.11907929921875 0.16484565902777779 0.015616957812500009 0.02429304583333334
7 0.118103239453125 0.20909370555555556 0.029281794531250016 0.03643956666666668
7 0.085405234375 0.13361174652777777 0.04197057187500001 0.02429304583333334
2 0.9611772390625 0.38955632152777775 0.07369715937500007 0.0919665263888889
9 0.808652983203125 0.3722041465277778 0.10836781171874996 0.1405526152777778
2 0.5300004871093751 0.3852182791666667 0.009760597656249991 0.017352174999999984
2 0.5402491152343749 0.3878211041666667 0.006832417968750004 0.019087391666666696
2 0.549521683203125 0.38695349791666667 0.009760597656249991 0.02429304583333334
2 0.5563541027343749 0.3921591479166666 0.011712716406249957 0.027763479166666688
2 0.5739231800781249 0.39910001805555556 0.02928179453125006 0.04164521944444444
2 0.64615160625 0.42339306250000003 0.09370174374999998 0.13187652777777778
2 0.511943380859375 0.3886887125 0.010736657031250018 0.01735217500000006
2 0.5031588425781249 0.38782110486111115 0.00878453984375005 0.015616959722222231
2 0.4933982437499999 0.3886887152777777 0.016593017187499993 0.034704350000000043
2 0.48412567539062507 0.3938943659722222 0.01952119609374998 0.03123391527777781
2 0.45874811953125005 0.3973648027777778 0.044898753125000024 0.06593826388888889
2 0.36895061484375 0.37046892986111113 0.03904239218750001 0.026028262499999972
2 0.328444132421875 0.37046893125 0.05758753046874996 0.029498698611111172
2 0.19716408515625 0.4069084972222223 0.06246782812500003 0.13708218055555557
2 0.015128926953125 0.46330306597222215 0.03025785390625 0.10064261527777782