7 0.254944075390625 0.5246147861111111 0.009355746093750028 0.018018472222222214
7 0.40424618671875 0.5059032958333334 0.03820262968750003 0.024948658333333325
7 0.41555104531250003 0.48857783958333334 0.014033618749999999 0.006930181944444453
7 0.43426253671875 0.5052102763888888 0.021830073437500007 0.015246399999999957
7 0.43894041015624996 0.4934289673611111 0.009355746875000025 0.008316218055555583
7 0.46544835781250005 0.4927359486111111 0.04054156562499998 0.023562619444444502
2 0.22960559609375003 0.5585726798611111 0.031965464062500004 0.030492801388888876
2 0.18633527148437498 0.5627307888888888 0.05613447578124999 0.04158109166666664
2 0.38397540390625 0.5599587166666666 0.005457518750000024 0.024948655555555553
2 0.45531296640625 0.5613447527777778 0.015592910937500015 0.03049279999999999
2 0.369162138671875 0.5564936243055556 0.027287591406250034 0.045739204166666686
9 0.29275688242187503 0.5412472263888889 0.01949113828125002 0.018018475000000065
9 0.30873961445312503 0.5454053340277778 0.01247432734374998 0.0180184736111111
9 0.05262607070312501 0.5395146798611111 0.10525214140625001 0.11919913194444444
2 0.01910131484375 0.586986425 0.0382026296875 0.05405541666666665
2 0.34889135703125 0.5715090347222221 0.03820262968749999 0.044353163888888894
2 0.27716397187499997 0.5971507083333333 0.08654064843749998 0.09563651111111113
2 0.4745442265625 0.5618067777777778 0.03118581875000004 0.049897311111111106
2 0.417500159765625 0.5665423916666666 0.06471057578125002 0.10395273333333337
2 0.760933998828125 0.6306465736111111 0.29158741328124993 0.3409649611111111