7 0.239693826171875 0.4720407173611111 0.02066326171874997 0.011020404166666649
7 0.555669536328125 0.43255092916666665 0.019630097656250012 0.012857141666666728
7 0.23297826640625 0.41785705347222224 0.00929846875 0.02387754861111107
7 0.230911941015625 0.4720407173611111 0.015497446093750034 0.011020404166666649
7 0.242276733984375 0.4839794902777778 0.017563772656249997 0.009183672222222267
7 0.56823967421875 0.4245917541666666 0.024795912500000038 0.009183669444444417
6 0.29806753906249994 0.39581624444444446 0.00929846875 0.03489795277777771
6 0.4749106183593749 0.4004080770833333 0.00826530546875004 0.033061218055555563
6 0.44081623828125 0.4775509194444445 0.006198978125000032 0.014693874999999995
6 0.3715943140625 0.4793876527777778 0.008265304687499997 0.022040811111111065
7 0.55618611640625 0.44632643541666667 0.008265303125000045 0.01469387638888888
6 0.30788258828125 0.39489787708333335 0.01033162968750001 0.036734687499999946
6 0.48248714257812503 0.4004080770833333 0.010331630468749964 0.03673468750000002
6 0.56462360390625 0.46377541180555554 0.017563771875000002 0.023877545833333298
6 0.575988398828125 0.47479581597222226 0.013431119531250068 0.020204076388888915
4 0.649687372265625 0.5213264402777777 0.011364792968749971 0.05693876388888886
4 0.640905486328125 0.5231631715277778 0.00826530546875004 0.05326529583333329
4 0.683265171875 0.525918275 0.016530609374999995 0.09183671666666665
2 0.139993592578125 0.5807141715277778 0.05269131640625 0.08999997916666673
2 0.07593748398437501 0.6156121222222222 0.11261477109375 0.12306119722222222
2 0.30581626171875 0.5341835798611112 0.012397956249999975 0.016530606944444453
2 0.287735908984375 0.5534692881944444 0.03616070703125 0.05142855972222217
2 0.36160706679687504 0.5396937819444444 0.030994891406250023 0.04224488888888895
2 0.40086726132812506 0.5222448069444444 0.010331630468750009 0.014693874999999995
2 0.39776777343749997 0.5314284756944444 0.01033162968750001 0.018367343055555572
2 0.38898588632812503 0.5323468423611112 0.011364792968750015 0.020204076388888915
2 0.37968741953125 0.5277550097222222 0.011364793750000013 0.022040811111111065
2 0.20198337500000002 0.5941835479166667 0.14567598906249998 0.1818366958333333
2 0.32751268671875 0.5476529541666666 0.051658153125000036 0.07530610555555554
2 0.41533154375 0.5246937763888889 0.014464282812499984 0.018367341666666686
2 0.42979582812500006 0.5219386743055556 0.014464282812499984 0.023877545833333378
2 0.43754455 0.5265305104166667 0.0072321406250000385 0.018367343055555492
2 0.44167720273437505 0.5265305090277778 0.00929846640624996 0.014693876388888959
2 0.446843016796875 0.53112234375 0.011364792968749971 0.023877545833333378
2 0.4571746484375 0.5329590784722222 0.015497445312499991 0.027551015277777837
2 0.46440678867187496 0.5357141826388889 0.01343111953124998 0.036734687499999946
2 0.48403688632812497 0.5302039784722222 0.03616070703125 0.058775498611111095
7 0.5153761765625 0.4631631763888889 0.00929846718749996 0.012857138888888958
7 0.513826431640625 0.47326521597222226 0.016530608593749996 0.011020404166666649
2 0.5029782203125001 0.5054080666666666 0.01963009843750001 0.02755101388888887
2 0.516925920703125 0.5458162194444444 0.05579080390625002 0.07897957500000001
2 0.54740423046875 0.5586733618055556 0.05475764062500001 0.08632651249999997
2 0.601128708984375 0.5724488687500001 0.09815048828125006 0.11020405972222223
2 0.843405475 0.6596937465277778 0.31201524062499997 0.27979587916666665
2 0.0108482125 0.6538774118055555 0.021696425 0.1028571208333333