6 0.6000343738281251 0.33093726458333333 0.007910150781250014 0.02343748194444445
6 0.5868507886718749 0.33445288819444446 0.007910150781250014 0.021093734722222222
6 0.75691903125 0.26531231041666664 0.01054686718750002 0.018749987499999992
7 0.45303740390625 0.36257786875 0.019775376562500037 0.035156226388888906
7 0.73846201328125 0.25710919097222223 0.015820301562499937 0.016406240277777803
7 0.747690521875 0.23132795902777778 0.018457018750000033 0.021093734722222222
7 0.94017085859375 0.018984358333333333 0.036914037500000066 0.037968716666666666
2 0.6277199015624999 0.35671849791666665 0.015820301562499937 0.02812498194444445
2 0.6422218449218751 0.35320287499999997 0.018457017968750034 0.021093736111111108
2 0.6138771375000001 0.35671849791666665 0.01186522656250002 0.018749987499999992
2 0.6020119109375 0.36609349305555555 0.019775376562500037 0.028124980555555564
2 0.6685890140625 0.35437474930555557 0.03427732031249997 0.05156246527777779