2 0.313027662109375 0.3728437965277777 0.11304859140624997 0.15246399861111107
2 0.46739747109375 0.3686856895833333 0.024169010937499992 0.02772072916666666
2 0.763272936328125 0.49481500277777773 0.28690954453124995 0.27166313888888893
9 0.115777355078125 0.3825460534722222 0.15047158046875 0.15246400694444442
2 0.22648701484374997 0.37977397708333327 0.06782915781249998 0.0887063236111111
2 0.264689644140625 0.32918365069444444 0.027287592968749986 0.029106765277777787
2 0.379297530078125 0.35759739791666667 0.014813263281250011 0.04158109305555557
2 0.38826345429687503 0.36106248888888887 0.012474328906250021 0.03465091111111111
2 0.406974945703125 0.3610624895833333 0.017152200781250036 0.02356262083333335
2 0.41866962812499997 0.35482532916666665 0.00779645468750001 0.019404516666666656
2 0.42958466289062497 0.3492811791666666 0.00935574140625004 0.013860363888888866
2 0.43894041250000004 0.34650910763888887 0.007796459375000087 0.016632437499999972
2 0.607733659375 0.39987150833333335 0.12864150624999998 0.15939418888888893
2 0.5356164515625 0.38116001666666666 0.04833802031249999 0.07484596666666662
2 0.516904960546875 0.3811600173611111 0.015592910156249928 0.05266938472222221
2 0.507549215625 0.37977397569444443 0.007796459374999998 0.027720720833333306
2 0.50326116328125 0.3693787027777778 0.007016809374999955 0.034650902777777756
2 0.492735949609375 0.3672996486111111 0.01091503671874996 0.016632430555555543
2 0.4880580765625 0.3589834333333333 0.00779645468750001 0.013860363888888906
2 0.48260055859374995 0.35136023055555554 0.00779645468750001 0.009702247222222207
2 0.03917743671875 0.3957133993055556 0.0744556421875 0.18157077083333337
2 0.9215409687499999 0.44768976666666666 0.15125122500000004 0.13860364444444445
7 0.22726666015625002 0.2792863395833333 0.014813264062500008 0.029106765277777787