6 0.368932949609375 0.23338450416666667 0.01462679453125002 0.07961042499999998
6 0.738868959375 0.4492773298611111 0.030472489062500063 0.047672515277777765
6 0.34943055742187495 0.5012837069444445 0.007313397656250009 0.02166932500000003
6 0.384169192578125 0.5142853027777777 0.006094497656249987 0.02166932499999995
2 0.40184323710937503 0.5782098159722222 0.01462679453125002 0.032503987500000005
2 0.387216444140625 0.5782098118055555 0.019502392968750025 0.04117171805555557
2 0.328709265234375 0.5836271451388889 0.019502392968750025 0.0390047847222222
2 0.21047601015625 0.6085468666666667 0.05606937812500001 0.08017650277777777
2 0.1586727796875 0.6117972666666667 0.09873086093749998 0.09534502777777776
9 0.134294789453125 0.5554570222222223 0.09141746484374999 0.0780095694444444
9 0.060138722265625 0.6128807361111112 0.12027744453125 0.1451844777777778
2 0.035760731640625 0.8144054569444444 0.07152146328125 0.2968697527777778
2 0.28543833203125 0.6182980625000001 0.10604426093750004 0.12568208611111112
4 0.564566325 0.5738759458333333 0.008532296874999989 0.03683785277777779
4 0.57553641953125 0.5727924798611111 0.008532296874999989 0.0346709208333333
4 0.63587194765625 0.5933783395833334 0.012188995312499973 0.07584264027777776
4 0.6657349851562501 0.5901279423611111 0.020721292187500052 0.10401275972222221
2 0.36283845195312503 0.5901279444444444 0.058507177343749994 0.07800956944444448
7 0.6980358242187499 0.15782490694444445 0.05850717812499999 0.06717490833333335
7 0.70656811953125 0.3084267145833333 0.048755981250000066 0.026003190277777775
7 0.694379125390625 0.3506819 0.01462679453125002 0.023836258333333325
7 0.73460281015625 0.3571826979166666 0.041442584375000015 0.02383625694444444
9 0.472539410546875 0.5305372986111111 0.13651674765625002 0.32720680833333327
6 0.710439784765625 0.4500003208333333 0.02223133359374998 0.04160249444444446