2 0.1231839875 0.6756927583333333 0.246367975 0.2952257611111112
2 0.9609130652343751 0.7061855583333334 0.07562561171874993 0.34235099722222223
2 0.253250674609375 0.5851222548611111 0.08446993203125 0.0938207097222222
2 0.8373392566406249 0.6549022118055556 0.20894499140625006 0.2758212486111111
2 0.707138458984375 0.6188652638888889 0.11226895078125007 0.176026625
2 0.6404787695312499 0.5959956631944444 0.04755837500000002 0.12197120694444447
2 0.6030557859375 0.5946096270833334 0.03352475625000002 0.08039011249999999
2 0.596038976953125 0.5828283166666667 0.03196546484375 0.07068785555555558
2 0.57888677578125 0.5772841722222222 0.03664333906250006 0.07623200555555557
2 0.55549741171875 0.5814422805555556 0.016372556249999982 0.05128334722222216
2 0.551209361328125 0.580056245138889 0.023389364843749937 0.03465091249999996
2 0.536396096875 0.5731260625 0.014033618749999999 0.03187883888888889
2 0.43972005585937507 0.5793632256944444 0.02494865546874996 0.047125237499999965
2 0.45570278867187497 0.5779771888888889 0.02572830078125001 0.02772072777777781
2 0.4673974718749999 0.5752051152777778 0.013253973437500033 0.027720724999999963