7 0.144161887890625 0.34933496388888885 0.040402057031249994 0.02448609444444444
7 0.4189417921875 0.40687728888888886 0.013773428124999931 0.029383313888888946
7 0.45291625 0.41912033680555555 0.010100512500000037 0.014691656944444433
7 0.493777421484375 0.47298974791666665 0.011018742968749962 0.032648129166666706
7 0.47219904921874994 0.4452388381944445 0.011936970312499984 0.03264812916666663
7 0.547952909375 0.43544440069444446 0.0257104 0.04244256527777779
7 0.541984421484375 0.4697249347222222 0.008264057031249994 0.01632406388888891
7 0.39414961875000004 0.4582980902777778 0.0064276 0.013059249999999956
6 0.0826405734375 0.4093258979166667 0.011018743750000004 0.03754534583333332
6 0.388640248828125 0.4117745090277778 0.006427599218750002 0.02938331249999998
6 0.13589783125000002 0.48955868611111114 0.007345829687499994 0.037545344444444434
6 0.397133862890625 0.41316206180555554 0.006427599218750002 0.031015720833333343
6 0.44120883476562495 0.4090810479166666 0.006427599218749957 0.03264812916666663
6 0.21275356875 0.34215238680555554 0.01377342812500002 0.05876662916666662
6 0.38492143515625 0.47421404861111116 0.005509371875000025 0.021221283333333375
6 0.31605428984375 0.4276904701388889 0.009182285937500012 0.032648129166666706
2 0.356731805078125 0.5566505722222223 0.018364572656250022 0.0391777527777778
2 0.41458020703125004 0.61949821875 0.15242594687500005 0.2236396736111111
2 0.041723887890625 0.5881081354166666 0.08225566484374999 0.0784144180555556