2 0.60135446796875 0.4916820513888889 0.009560484375000034 0.02185253611111114
2 0.595891334375 0.4941101111111111 0.009560484374999945 0.02185253611111114
2 0.5904282000000001 0.4953241409722222 0.009560484375000034 0.02428059583333335
2 0.584965066796875 0.4941101111111111 0.012292052343750016 0.02185253611111114
2 0.5774532570312501 0.49653817013888885 0.019120968749999977 0.026708654166666672
2 0.61364651875 0.49532414027777777 0.023218318750000043 0.03399283333333329
2 0.620202277734375 0.5062504076388888 0.019940435156250037 0.03156477361111109
2 0.56051753828125 0.5026083180555556 0.019120968750000068 0.024280594444444463
2 0.54494760625 0.4989662291666666 0.019120968749999977 0.026708655555555478
2 0.5285582046874999 0.5001802597222222 0.019120968749999977 0.02913671666666665
2 0.512851694921875 0.49653816875000006 0.017755185156249985 0.01699641805555553
2 0.50260831875 0.5062504076388888 0.02731567031250002 0.026708654166666672
9 0.53033372734375 0.48901120694444444 0.04507085468750001 0.04856119166666662
2 0.72591391640625 0.4910750354166667 0.062826040625 0.058273426388888876
2 0.868638288671875 0.4813627972222223 0.07238652265624985 0.07284178333333331
2 0.949447152734375 0.4686154854166667 0.09970219296874987 0.12140297638888889
7 0.7959103199218751 0.24887609930555554 0.09150749296875 0.1505396875
7 0.81025104609375 0.33143012361111107 0.0327788031249999 0.048561191666666656
7 0.6914278839843749 0.3690650458333333 0.024584102343750035 0.03642089444444443