2 0.2880790078125 0.4116528194444445 0.17386094531250001 0.2245379027777778
2 0.183606512890625 0.3977924555555556 0.09121852265625 0.1247432777777778
2 0.14111583359375 0.38670416111111117 0.05301589375 0.09979462222222225
2 0.12279416484375001 0.37007172638888886 0.06782915781249998 0.09147840555555556
2 0.07994195781249999 0.35485269444444445 0.022412093749999994 0.06935656111111115
2 0.098235332421875 0.36175550694444447 0.03274511015624999 0.08316218611111113
2 0.045999084765625 0.34373703333333333 0.012474327343749998 0.044353163888888894
9 0.07601543515625 0.32571856041666664 0.05535482968749998 0.10256669583333332
2 0.022609718359375 0.34373703333333333 0.03586369296875 0.05544145833333335
2 0.44868597890624995 0.4968940597222223 0.298604221875 0.27582124999999996
2 0.7180534953125 0.5488704243055555 0.14189547812499992 0.5156055513888889
7 0.40186382109374996 0.16675122013888888 0.027200735937500033 0.04243478749999999