2 0.5816510425781249 0.7012847361111111 0.021121688281249985 0.02860927222222216
2 0.567569917578125 0.7048608958333333 0.013075332031250043 0.02860927222222216
2 0.548459818359375 0.7066489743055555 0.01709850859375006 0.025033109722222155
1 0.51375990234375 0.6914503 0.0502897328125 0.07688741388888892
2 0.4916324203125001 0.7120132118055555 0.032185429687500024 0.05006622361111113
2 0.45240642812500004 0.7155893722222222 0.04224337656249997 0.07152317500000009
2 0.41167174414062496 0.7218476506944445 0.04324917109374997 0.0804635708333333
2 0.360376216015625 0.7245297694444445 0.06738824296875001 0.08940396944444444
2 0.27488366953125 0.7370463256944444 0.10560843906250002 0.12158940138888899
2 0.11596811328125001 0.7441986409722222 0.208199496875 0.22172184583333332
1 0.7953824089843751 0.6798277819444445 0.17299668203125 0.2896688611111111
2 0.9090063374999999 0.7939321972222223 0.1809813046875 0.34755274166666666
2 0.67518080625 0.6942182652777777 0.021093735937499948 0.023437483333333377
2 0.6086037035156251 0.6965620138888888 0.019775377343750032 0.03281247777777775
2 0.6231056464843749 0.7035932597222222 0.014501942968750025 0.028124980555555526
2 0.63299333515625 0.7000776368055556 0.015820301562499937 0.02578123194444441