2 0.50150373046875 0.6120533541666666 0.015820306250000016 0.026249991666666736
2 0.49042951640625 0.62424085 0.0253124921875 0.05812498055555556
1 0.573373128125 0.6061605055555556 0.01823102656250004 0.071249975
1 0.53789043671875 0.5705355166666667 0.06328122812499996 0.09749996666666666
1 0.8387776152343751 0.5424105256944445 0.32062488828125 0.6262497791666667
2 0.33908191289062495 0.577098011111111 0.13394526640625 0.19687493333333334
2 0.280019433203125 0.6780801194444445 0.15503900859375 0.20062493055555564
2 0.427148287890625 0.6652229819444445 0.15187494609375002 0.2981248944444445
2 0.53208965703125 0.6333479923611112 0.06644528906250002 0.08437496805555555
4 0.194589775 0.6539729847222222 0.024257803124999987 0.11437495833333332
4 0.17138665859375 0.6370979930555556 0.02214842968749999 0.13687495277777784
4 0.152402289453125 0.6464729888888889 0.03480467421875 0.15562494444444452
4 0.091230437109375 0.6427229909722223 0.024257803906250007 0.1481249486111112
4 0.07277341132812501 0.688660475 0.04429685859375 0.25124991111111117
6 0.008964840625000001 0.44303555625 0.017929681250000003 0.0824999708333333
7 0.008437496875 0.27870525138888885 0.01687499375 0.17437493888888894
7 0.6426058089843749 0.5245980277777778 0.01054687109375001 0.016874994444444427
7 0.6447151828125 0.5470980201388889 0.01687499531250003 0.03187498749999994
7 0.597781606640625 0.5602230152777777 0.011601558593750028 0.02062499166666672
7 0.6030550421875001 0.5827230083333333 0.009492185937499986 0.016874994444444427
4 0.590398796484375 0.6211604986111111 0.009492183593749991 0.02249999166666667
4 0.59830894921875 0.6230354972222222 0.008437495312499977 0.02999999166666672
4 0.603055041796875 0.6211604986111111 0.007382808593749957 0.02999998888888887
4 0.6194026914062499 0.6145979993055556 0.008437495312500065 0.0356249875
4 0.6267855015625 0.6230354979166667 0.010546868750000016 0.048749981944444444
4 0.6652815820312499 0.6108480000000001 0.00949218437499999 0.03937498333333333
4 0.6800472019531251 0.6239729951388889 0.013710932031249979 0.06937497361111108
4 0.65895345859375 0.6211605 0.015820306250000016 0.071249975
6 0.490429516015625 0.5408033798611112 0.006328122656249935 0.018749995833333265