2 0.18931634140625 0.5714730152777777 0.028476551562500018 0.0393749861111111
2 0.144492138671875 0.5555355208333334 0.025312491406250005 0.022499994444444442
2 0.10283199531250001 0.56116051875 0.03480467499999999 0.018749993055555574
2 0.076992161328125 0.5649105180555556 0.04007811328125001 0.026249991666666656
2 0.04429685859375 0.5620980208333334 0.0400781109375 0.016874994444444427
7 0.0126562453125 0.46272305555555554 0.012656245312499998 0.06187497777777777
7 0.170331973046875 0.48991054444444443 0.009492185156249989 0.03749998611111115
7 0.199863212109375 0.5114730375 0.007382810156250019 0.02812499166666669
7 0.22306632773437501 0.4455802 0.013710933593749974 0.016874994444444427
2 0.329589728125 0.5567408729166666 0.02003905625 0.028124990277777803
2 0.38337877148437505 0.5337051694444445 0.07910153515625003 0.1781249361111111
2 0.68426595078125 0.5714730152777778 0.17191400312499994 0.22312491944444446
9 0.50572247890625 0.5808480131944445 0.08964840624999999 0.12562495694444445
7 0.45562483945312504 0.49741054236111115 0.008437496093749974 0.022499990277777788
7 0.47355452109375007 0.48053554791666664 0.010546871874999919 0.03749998750000003
7 0.666336269140625 0.4427677027777777 0.02636717890625002 0.05249998333333339
4 0.95848460390625 0.5892855090277778 0.03902342343750007 0.19874992916666664
4 0.9806330335937499 0.5930355090277778 0.03691404999999985 0.19499993194444443