7 0.369788487109375 0.3997969909722222 0.02753021171875001 0.01495468194444448
7 0.43440800703125 0.4025160201388889 0.00994146406249996 0.01767371250000001
7 0.625590019921875 0.22577887291666668 0.02676548203125 0.03942597916666667
7 0.608766003515625 0.05380003263888889 0.04206004453125001 0.10604229305555554
7 0.8950716972656249 0.24549186111111113 0.047413138281249975 0.07341389444444443
7 0.97154450234375 0.4453407930555556 0.026000753125000033 0.04350452777777779
7 0.23366689453124997 0.4772894326388889 0.01835347500000002 0.025830815277777773
7 0.43054189296875 0.4914652277777778 0.011470921874999984 0.020392749999999973
7 0.47451375546875 0.49962232638888887 0.012235648437500047 0.017673713888888897
2 0.048815137109375004 0.5358761083333333 0.04358949921875001 0.04486404444444447
2 0.090492816796875 0.5379153840277777 0.04741313984375001 0.046223562499999975
2 0.127582125390625 0.5317975569444444 0.03441276171874998 0.04486404444444447
2 0.154729971484375 0.529078525 0.029059666406249997 0.03942598055555556
2 0.173848173046875 0.5270392493055556 0.01835347421875 0.029909365277777766
2 0.18990746210937498 0.5209214249999999 0.016824017968750014 0.02854984722222219
2 0.20520202304687502 0.5216011826388889 0.022941841406249996 0.03534742638888883
2 0.22508495156250002 0.5168428763888889 0.01988292812500001 0.03670694722222218
2 0.24840915703124997 0.5127643277777778 0.016059289062500027 0.03126888055555557
2 0.27020390703124997 0.5141238430555556 0.02141238593749999 0.023111780555555583
2 0.293528113671875 0.5114048097222222 0.020647657031249978 0.025830813888888887
2 0.392050578515625 0.4828549645833333 0.01682401640625004 0.01495468472222225
2 0.357485309375 0.4978765131944444 0.02732540000000001 0.042278748611111104
2 0.39064857460937497 0.5025679513888889 0.022177113281250004 0.02719033055555558
6 0.359294725 0.4601963458333333 0.005353096875000007 0.014954683333333366
2 0.015611294921875 0.5409790013888889 0.03047382265625 0.04685464722222221
2 0.39076876953125 0.4113966159722222 0.021414037499999993 0.013177870833333334
2 0.8622894167968751 0.3857729805555556 0.08647976953125003 0.07028196944444447
2 0.9841847105468752 0.37991615069444445 0.02882658984374995 0.07613880138888886