9 0.0321085 0.53713018125 0.0624624375 0.32439917916666666
2 0.060883332421875005 0.6275876458333334 0.05123323515625 0.04117374166666671
2 0.11352021718750001 0.6082484618055556 0.0919390953125 0.04990756527777778
4 0.830434609375 0.6151107541666666 0.014738328125000066 0.04616450000000004
4 0.73288091171875 0.6126153743055555 0.014738328124999978 0.04117374027777782
4 0.7037551687500001 0.6275876458333334 0.014036503124999999 0.05365063055555552
4 0.65813653359375 0.6257161118055555 0.011229201562500003 0.04491680694444445
4 0.620588888671875 0.6144869083333333 0.009123727343749976 0.034935294444444445
4 0.647960069140625 0.6269638006944445 0.011931027343750067 0.04242142916666667
2 0.397759402734375 0.6088723076388889 0.028774832031249975 0.036182984722222186
2 0.3588081078125 0.6207253541666666 0.056146012499999995 0.054898322222222226
2 0.519526066796875 0.6188538194444444 0.04632046015625004 0.05115525277777774
2 0.5465463359375 0.630083023611111 0.05544418750000002 0.05614601388888892
2 0.58339215546875 0.6356976256944444 0.09685187031250005 0.06487983472222222
2 0.7858687113281251 0.6787429006944444 0.21054754453125007 0.14098887361111107
2 0.323015025 0.6288353347222222 0.09895734531249997 0.06363214722222225
7 0.7402500769531251 0.5589647416666667 0.00912372578124998 0.04865987500000005
7 0.7865705359375 0.5271486694444445 0.01193102656249998 0.027449161111111113
7 0.7914833124999999 0.5652031875 0.0077200765625000225 0.04616450000000004