7 0.46474160273437504 0.44213861597222226 0.013183591406250006 0.032812495833333344
7 0.4493607472656249 0.4413573638888889 0.017578122656250007 0.015624994444444458
7 0.429585358203125 0.43823236736111115 0.013183591406249917 0.018749995833333345
7 0.5288176792968751 0.41484369930555554 0.010546874218750002 0.014062498611111115
2 0.511679008203125 0.43749994375 0.009667967968750002 0.012499998611111115
2 0.5011321343749999 0.43749994652777774 0.009667967187500005 0.018750001388888885
2 0.51299736796875 0.4812499402777778 0.04042968281250001 0.06874999166666669
2 0.4418059703125 0.46796869027777777 0.012304685937500004 0.02031249722222223
2 0.42378839453125006 0.46718744166666665 0.00791015625 0.015624994444444458
2 0.41060480312500003 0.4781249388888889 0.021972653125000054 0.028124994444444457
2 0.33941340546875 0.47578119027777777 0.020214842187500005 0.05156249166666669
2 0.18439449648437498 0.4960936888888889 0.07031249140625 0.07031248888888891
2 0.3043651859375 0.48984369027777774 0.08525389843749998 0.11093748611111115
2 0.091318342578125 0.5367186819444445 0.18263668515625 0.2234374722222222