2 0.080069034765625 0.6031993423611111 0.12565208046875 0.1068346180555555
9 0.44678189843750005 0.5643503902777778 0.11336002812499997 0.16996416666666672
2 0.34298235429687496 0.5740626277777778 0.08877592578124997 0.12140297500000001
2 0.21391581640625001 0.5837748652777778 0.06555760625 0.0728417833333334
2 0.293131257421875 0.5704205388888889 0.024584102343750035 0.0655576055555555
2 0.532143365625 0.5643503895833334 0.03277880312499999 0.048561190277777735
2 0.5204001019531249 0.5597563270833333 0.02894966015625 0.04505778472222228
4 0.62160218359375 0.544925913888889 0.015023617187500005 0.043705072222222204
2 0.61818772421875 0.5400697951388889 0.03551037031250006 0.05341730972222223
2 0.5908720546874999 0.5497820326388888 0.01365783437500001 0.04370507083333332
6 0.08962951875 0.53642770625 0.021852535937500008 0.02185253749999995
7 0.08006903515625 0.5157891993055556 0.01912096875 0.014568356944444518
7 0.216647382421875 0.5170032298611111 0.016389400781249997 0.03156477361111109
7 0.43790430546875003 0.46479995138888885 0.019120968750000068 0.024280594444444463
7 0.36483488867187497 0.4951506944444445 0.017755185156249985 0.012140297222222231
7 0.36551778164062504 0.4745121888888889 0.010926267968749981 0.01942447777777782
6 0.400055137109375 0.49393666388888885 0.008980238281250053 0.02913671388888888
6 0.45292792382812497 0.4672280097222223 0.008194700781249953 0.024280594444444383
6 0.290399689453125 0.44815040694444447 0.008194700781249998 0.03399283333333329