7 0.7276940566406249 0.3434789541666667 0.032168658593749996 0.02772786944444445
7 0.728181462109375 0.28715672430555556 0.03119385078125001 0.07451864305555556
7 0.32753543554687503 0.38767024652777776 0.03119385078125001 0.02946085972222221
2 0.5200599859375 0.4249295680555556 0.008773270312500081 0.01386393611111111
2 0.6706677984375 0.4379270048611111 0.025345003124999987 0.03639282916666665
2 0.312913319921875 0.4266625590277778 0.00974807890624998 0.013863937499999994
2 0.300240817578125 0.4240630694444445 0.019496157031250006 0.019062911111111133
2 0.4766810375 0.43186153263888893 0.009748078124999981 0.017329918055555598
2 0.51128671484375 0.4240630694444445 0.012672501562500039 0.019062911111111133
2 0.497152001171875 0.4309950368055556 0.015596925781250003 0.019062909722222247
2 0.46400853398437497 0.4379270048611111 0.023395388281250006 0.03639282916666665
2 0.3353339 0.44052649097222224 0.042891545312500015 0.05545573750000001