7 0.709266430859375 0.33367340833333337 0.019630097656250012 0.025714280555555528
4 0.13637752109374998 0.4729590833333333 0.014464282812500007 0.06979590277777774
4 0.12139665859375 0.47020398194444446 0.027895403125000006 0.07530610555555554
2 0.521230756640625 0.4867345902777777 0.01136479296875006 0.025714280555555608
2 0.46802286015625005 0.48765295763888883 0.020663260937500018 0.038571423611111065
6 0.48377859687499997 0.38158155416666667 0.007232142187500035 0.023877547222222184
6 0.44296865625000004 0.4082141986111111 0.0061989781249999435 0.022040811111111065
2 0.767123577734375 0.5368512104166666 0.06715559921874999 0.1175509958333333
4 0.826530452734375 0.5120552979166667 0.022729586718750028 0.07163263749999997
1 0.5813264125 0.4579590909722222 0.09505099999999995 0.21306117916666664
1 0.42945144453125 0.4717345986111111 0.039260195312500024 0.11204079166666661
2 0.407238438671875 0.47908153472222226 0.058890292968749945 0.11204079444444445
2 0.49230219101562495 0.5000509138888889 0.037193869531250014 0.05877549722222221
2 0.37374673203125 0.5184182583333333 0.08575253281249995 0.11387752777777772
2 0.65347562578125 0.5455100895833334 0.19423465156249992 0.26265300694444443
2 0.22710803203125002 0.5463710569444444 0.1694387390625 0.18367343055555554
2 0.869772573046875 0.6498978118055555 0.2593239242187499 0.5381631513888889
2 0.08973447265625 0.5911223138888889 0.1787372078125 0.3324489083333333