7 0.9157812265625 0.48445278472222225 0.019775376562500037 0.021093736111111067
7 0.88414062421875 0.4739059166666667 0.014501943750000024 0.028124980555555526
7 0.9441259343750001 0.4035934659722222 0.09492180937499999 0.06562495416666671
7 0.5769631000000001 0.42585907500000003 0.07250971718750003 0.10078118055555557
7 0.49522487617187505 0.4270309493055556 0.06723628203125002 0.09843743194444446
7 0.44710479101562495 0.5383589979166667 0.021093735156250036 0.0398437236111111
7 0.51500025234375 0.536015248611111 0.02241209375000004 0.025781233333333296
7 0.578940637890625 0.5453902416666666 0.02109373515624995 0.025781233333333375
7 0.637607589453125 0.5242965076388889 0.014501942968749936 0.053906212500000016
7 0.611899599609375 0.5500777402777778 0.010546867968750017 0.030468730555555604
7 0.49522487539062504 0.5606246076388889 0.009228510156250013 0.02812498194444449
7 0.63299333515625 0.47859341388888893 0.029003885937499963 0.023437483333333297
7 0.425351876171875 0.49031215624999996 0.01713866015624994 0.018749987499999954
2 0.081919494921875 0.5313277527777778 0.031640603906249995 0.021093736111111067
2 0.04830135390625 0.5324996263888888 0.035595678124999995 0.023437483333333297
2 0.11356009843749999 0.5371871236111111 0.029003885937499994 0.03281247777777775
2 0.1313579375 0.5313277520833334 0.019775376562499992 0.016406240277777723
2 0.17420458828125002 0.5313277520833334 0.015820301562500007 0.016406240277777723
2 0.197275861328125 0.5348433763888889 0.030322244531249987 0.01874998888888884
2 0.219687955078125 0.5301558784722222 0.01713866015625003 0.018749987499999954
2 0.25330609609375 0.5395308722222222 0.018457018749999988 0.018749986111111068
2 0.5795998171875001 0.5793745958333334 0.019775376562499947 0.028124980555555526
2 0.8267920300781249 0.4996871493055555 0.026367169531250133 0.02343748472222226
2 0.9737889996093749 0.49617152638888895 0.04086911171874998 0.025781233333333296
2 0.758896569140625 0.5032027708333333 0.02768552734375005 0.021093736111111146
2 0.79581060703125 0.5032027715277778 0.02768552812499996 0.02578123194444449
2 0.9177587644531251 0.49499965138888896 0.05800777265625001 0.023437483333333297
2 0.69825207890625 0.5078902673611111 0.019775376562500037 0.011718743055555573
7 0.52356958203125 0.49148402986111106 0.015820301562499937 0.016406240277777723
6 0.557187723046875 0.5207808854166667 0.009228510156250013 0.01874998750000003
6 0.5407082421875 0.5196090111111111 0.010546868750000016 0.021093736111111146
2 0.569052949609375 0.5910933368055555 0.01713866015625003 0.03281247638888887
2 0.5229104031249999 0.5946089604166667 0.040869112499999985 0.058593709722222165
2 0.289560954296875 0.5324996270833334 0.014501942968749982 0.014062490277777723
2 0.30867715273437496 0.5278121298611111 0.01582030234374998 0.018749987499999954