2 0.41164318398437494 0.3827239833333333 0.015137032031250008 0.02691028055555557
2 0.38956834492187503 0.3857140138888889 0.02396696796875002 0.02691028055555557
2 0.368124215234375 0.3868352770833334 0.02144413046875 0.03363785416666671
2 0.348572215625 0.3890777993055555 0.022705549999999963 0.03812289861111111
2 0.326497376953125 0.38571401527777777 0.026489805468749995 0.049335513888888884
2 0.2955926 0.39132032430555563 0.03784258125000002 0.05157803750000001
2 0.264057115625 0.39804789375000005 0.05045677500000001 0.06503317638888882
2 0.228737373828125 0.4002904173611111 0.055502452343749994 0.07848831805555558
2 0.49994254140625005 0.38795653750000003 0.015137032812500006 0.035880374999999985
2 0.5094031871093749 0.3958053701388889 0.021444128906250005 0.03812289861111111
2 0.481651958984375 0.37450139722222225 0.02396696796875002 0.040365419444444425
2 0.532108734765625 0.40701798680555556 0.04162683984375004 0.06054813194444443
2 0.161882146875 0.39692663333333333 0.105959228125 0.10315607499999999
2 0.742135059765625 0.46793987013888894 0.18921290703124996 0.2063121458333333
2 0.883666981640625 0.49550142222222227 0.23008422890625005 0.4542922583333333
2 0.011773240625 0.43093823541666665 0.0227055484375 0.10988364305555555
4 0.5907647359375 0.4051492180555556 0.01765987187500002 0.053820561111111054
7 0.561752090625 0.3165695451388889 0.020182710937500035 0.038122895833333344
6 0.466514925390625 0.31656953819444444 0.011352774218750028 0.020182709722222233
6 0.40722821640625 0.3277821618055555 0.011352774999999937 0.024667756944444442
6 0.44570150703125 0.3546924423611111 0.010091356250000062 0.020182709722222233
6 0.500573249609375 0.3423585652777778 0.011352774218750028 0.017940186111111107
2 0.437802623828125 0.39372301944444443 0.03153548515624997 0.049335513888888884
2 0.45293965742187503 0.4023727541666667 0.04667251796875007 0.06279065555555555