6 0.5880386375000001 0.5285439020833334 0.012757734375000052 0.026804129166666652
6 0.42566747695312496 0.6481315513888889 0.010438146093749979 0.026804127777777766
6 0.48539686796875003 0.6594717583333333 0.009278351562499943 0.0164948472222222
6 0.552085024609375 0.6130799993055556 0.010438146093749979 0.01855670416666663
6 0.585719048828125 0.5347294687499999 0.010438146093749979 0.026804129166666652
7 0.612974208984375 0.5202964777777778 0.02087629140624996 0.02268041666666668
7 0.411170051953125 0.6656573270833334 0.01855670390624997 0.02061856250000002
7 0.6098088484375 0.5625323034722223 0.013289484374999994 0.02480672083333333
2 0.32112981874999996 0.8265808166666665 0.025949885937499983 0.02913671388888888
2 0.480757691796875 0.6934923826388888 0.013917525781250006 0.03092784027777774
2 0.49409532304687503 0.69761609375 0.01739691015625002 0.05567010972222227
2 0.5387473933593749 0.6471006229166666 0.013917527343750003 0.024742270833333337
2 0.556144303515625 0.6440078375 0.013917527343750003 0.026804130555555538
2 0.626891737109375 0.5903995826388889 0.020876292968749953 0.030927837499999968
2 0.697403165625 0.5484842277777777 0.07375230781250001 0.052902866666666645
2 0.458141709765625 0.7213274375000001 0.03827320234374998 0.05773196944444447
2 0.59267781484375 0.6357604145833333 0.05682990624999995 0.10927836805555557
2 0.5242499671875 0.6862758868055555 0.049871142187499995 0.10309279861111109