6 0.6546766570312499 0.32180210000000004 0.03153548437499998 0.13679392222222225
7 0.503306331640625 0.45859602222222223 0.030274064843749927 0.02242523333333332
7 0.150739616796875 0.5931474201388889 0.016398452343750015 0.0358803736111111
7 0.132449034765625 0.5931474229166666 0.01765987109375 0.04036542083333335
7 0.263005940625 0.6110876090277778 0.01135277343750003 0.03139532638888885
4 0.68570758046875 0.5314780319444444 0.01513703125000001 0.04036542222222224
2 0.46546375156249997 0.5875411166666666 0.08073084062499998 0.07400326944444444
2 0.71648620625 0.574085975 0.11983484062500001 0.10091355277777778
2 0.529165429296875 0.5774497604166667 0.13749471328124993 0.1009135513888889
2 0.8276172613281251 0.5673584041666667 0.14001755078124994 0.10764111944444442
2 0.02081342109375 0.61803944375 0.016398451562499996 0.017940184722222183
2 0.020182710937499997 0.6281308 0.015137031249999997 0.015697663888888828
2 0.039734709765625 0.6202819708333334 0.01135277265625 0.01794019166666669
2 0.031535484375 0.6258882770833334 0.012614193750000002 0.01569766250000002
2 0.053610323437499996 0.6225244930555556 0.021444129687499997 0.013455141666666668
2 0.2812965203125 0.6281308 0.030274064062500015 0.038122897222222146
2 0.23903897265625 0.6415859416666666 0.049195354687500005 0.056063086111111146
2 0.2056113578125 0.644949725 0.025228385937500007 0.049335513888888884
2 0.18416722890624998 0.6449497243055556 0.0353197421875 0.053820556944444396
2 0.16083097109375002 0.6404646784722222 0.018921292187500004 0.03139532638888893
2 0.129047858984375 0.6331948249999999 0.019500566406249996 0.01427492222222221
2 0.12675367421875 0.6505286611111111 0.04244240781250001 0.028549847222222268
2 0.10381183359374999 0.6505286611111111 0.03555985468749999 0.028549847222222268
2 0.08717899765624999 0.6495090243055556 0.032118578125 0.03058912083333338
2 0.0906202734375 0.6291162763888889 0.02064765625 0.018353472222222205
2 0.11012083789062502 0.6291162763888889 0.01835347265625 0.018353472222222205
2 0.07398743906250001 0.6301359131944444 0.019500565625 0.01631419861111109
2 0.039001130859375 0.6790785090277778 0.07800226171875 0.10604229027777781