6 0.56246115703125 0.07781243958333334 0.01186522656250002 0.05156246527777779
6 0.7246192480468749 0.26765605833333334 0.009228508593750018 0.028124980555555564
6 0.5202736863281251 0.21960921527777774 0.006591791406250014 0.021093736111111108
6 0.45501494179687507 0.25007794722222226 0.007910150781250014 0.025781230555555566
6 0.16827197578125 0.21140609652777778 0.014501943750000001 0.04218747083333333
6 0.416123366796875 0.24421857430555557 0.009228508593750018 0.02812498194444445
7 0.1913432484375 0.1270311548611111 0.03427732031250001 0.02343748472222222
7 0.53411644921875 0.09070305763888889 0.018457018749999943 0.05859370972222221
7 0.582236534375 0.27703105208333334 0.009228509374999926 0.018749987499999992
2 0.20782272890625003 0.3414841333333334 0.022412093749999994 0.05859371111111109
2 0.07796442070312501 0.3356247625 0.08701165859375 0.1171874194444445
2 0.14058644765625 0.3391403847222222 0.1252440546875 0.11953116666666665
2 0.5156594316406251 0.3274216423611111 0.021093735156250036 0.03046872916666664
2 0.5525453179687501 0.3192185222222222 0.023786751562500007 0.042187469444444445
2 0.8913915953124999 0.33796851111111115 0.015820301562500028 0.06093745833333332
2 0.9223730191406251 0.33328101527777776 0.017138660156250117 0.023437483333333335
2 0.7536231351562501 0.33210914027777777 0.04350582968749998 0.05859371111111109
4 0.9078710753906251 0.33210914027777777 0.014501942968749936 0.05859371111111109
5 0.968515565625 0.37078098680555555 0.0435058296874999 0.13124990972222225
0 0.9671972066406249 0.4082809625 0.05141597890625001 0.10312493055555558
2 0.8063574750000001 0.33562476319444445 0.05668941562499992 0.07031245138888889
2 0.937534140625 0.3379685118055556 0.018457018750000033 0.02812498194444445
2 0.8637060671875 0.3414841333333334 0.05537105625000009 0.07734369722222224
7 0.312632227734375 0.13874989652777778 0.021093735156249994 0.032812476388888887
7 0.31592812265625003 0.17390612430555555 0.022412093749999994 0.018749987499999992