7 0.5135037121093751 0.5576088368055555 0.007003460156249997 0.01600790972222228
7 0.519506677734375 0.5255930180555555 0.013006425781249931 0.01956522222222227
7 0.8411656031250001 0.4740119777777778 0.026012853125000034 0.03023716111111104
7 0.8446673332031249 0.5122530937499999 0.021010378906249905 0.03557313194444447
6 0.42370934687500006 0.54996060625 0.00900445000000003 0.01778656527777779
6 0.38819179765625 0.5526285909722222 0.008003954687500014 0.012450593055555556
6 0.5031485960937501 0.5405337368055555 0.00900445000000003 0.012450595833333328
6 0.48864142734375005 0.5396444076388889 0.012005931249999957 0.01778656527777779
6 0.462628575 0.54586970625 0.008003953124999973 0.012450595833333328
6 0.3718086875 0.5376624715277778 0.01200593125 0.01778656527777779
2 0.452348480859375 0.5588793055555555 0.015007414843750056 0.01956522222222219
2 0.431338099609375 0.5642152756944444 0.025012357031249977 0.02667984861111113
2 0.41332920234375 0.5722192298611111 0.013006426562500017 0.01778656527777779
2 0.40382450625 0.5757765430555556 0.014006920312499949 0.02134387777777778
2 0.390818080078125 0.5828911687499999 0.018008897656249977 0.021343879166666666
2 0.3297879265625 0.6060137055555556 0.03801878437500004 0.03913044444444446
2 0.273259997265625 0.6166856451388889 0.037018289843749975 0.03913044305555549
2 0.23874294296874998 0.6229109430555556 0.030014829687499977 0.033794475000000074
2 0.20772761874999998 0.6255789277777778 0.046022739062500005 0.04980238333333331
2 0.16770784609375 0.63980818125 0.06803361406250001 0.06047432638888882
2 0.072660884765625 0.6869425791666667 0.10205042109375002 0.05869566666666673
2 0.47348393945312495 0.5691701048611111 0.013006427343750016 0.01778656527777779
2 0.478486409765625 0.5682807756944445 0.01100543828124998 0.012450595833333328
2 0.48198814062499995 0.5736167458333333 0.012005931249999957 0.012450597222222212
2 0.516505194140625 0.5745060743055556 0.019009391406249954 0.04980238472222227
2 0.5400168117187499 0.5736167451388889 0.04001977343749994 0.0693676041666667
2 0.565029169921875 0.5833993590277777 0.04202076171874998 0.06047432638888882
2 0.581037078515625 0.5914033118055555 0.022010874218750053 0.051581040277777705
2 0.5980454820312501 0.5905139826388889 0.030014829687500022 0.07114626249999997
2 0.64907069296875 0.5780633868055555 0.08804350000000002 0.1138340208333333
2 0.69809491484375 0.60029659375 0.06603262499999998 0.10138342361111118
2 0.7866386621093749 0.6118578618055556 0.15907859765624996 0.1280632736111111
2 0.9127009472656251 0.6198618166666666 0.17308551796875005 0.2258893861111111