6 0.34796127734375004 0.31411087569444446 0.012757734375000006 0.05979382361111113
6 0.5288891429687499 0.3965851166666667 0.01043814531249998 0.047422688888888904
6 0.529469041015625 0.45122430208333336 0.011597941406250012 0.02061856249999994
6 0.65008761796875 0.3842139805555555 0.013917526562500004 0.05154639999999999
6 0.628051531640625 0.38833769375 0.013917528906249999 0.051546401388888954
6 0.6309510167968749 0.43988409375000004 0.010438144531250072 0.022680415277777793
6 0.629211325 0.027512891666666667 0.027835054687500006 0.0515464
7 0.01626019453125 0.49039956458333334 0.0173969125 0.03298969583333336
7 0.36651798242187505 0.29039953125 0.015077324218749988 0.028865981944444424
7 0.011899427343750001 0.4306057423611111 0.023798854687500003 0.016494848611111165
4 0.6495077199218751 0.5079253402777777 0.01739691171875002 0.07628866944444444
4 0.5509252300781251 0.51720369375 0.01507732109375004 0.07835052916666664
4 0.5358479074218749 0.5223583340277778 0.012757733593749964 0.06804124861111108
2 0.35547686250000005 0.5202062736111112 0.015077321874999994 0.0226804166666666
2 0.29632736757812494 0.5325774097222222 0.024355674218750022 0.03917526388888888
2 0.28530932539062503 0.5356701944444444 0.018556703906250017 0.037113408333333334
2 0.4534794570312499 0.51195885 0.013917526562500004 0.03917526388888888
2 0.3908505796875 0.5140207048611111 0.0069587640625 0.01855670416666671
2 0.37983253554687496 0.5160825618055556 0.01275773359375001 0.014432993055555541
2 0.33923974765625 0.5274227638888889 0.019716498437500007 0.02474226944444445
2 0.26385313710937497 0.5428866854166667 0.035953614843749995 0.039175262499999995
2 0.473775850390625 0.5171134847222222 0.042912377343750044 0.06597938888888895
2 0.401288726171875 0.5171134875000001 0.011597939843750061 0.012371138888888883
4 0.4366624417968749 0.5129897722222222 0.008118557031249996 0.02886598333333331