7 0.36581081796875 0.1427492361111111 0.2554191687499999 0.21208458055555554
7 0.5642577472656249 0.07205437708333334 0.07111970859375001 0.04894259305555555
7 0.54858082265625 0.1427492361111111 0.11012084062500005 0.11419938888888889
7 0.72790955 0.25422959166666664 0.06653134062499992 0.11419938888888888
7 0.73593919453125 0.34055889097222225 0.032118578124999964 0.05030210972222227
7 0.654113294140625 0.31744711111111107 0.027530210156250057 0.039425980555555525
7 0.321456591015625 0.3507552652777778 0.03517748984374998 0.05709969444444442
7 0.2706021765625 0.31948638611111113 0.04053058749999998 0.04350453055555555
7 0.380340650390625 0.3589123645833333 0.01835347265624998 0.04078549583333329
2 0.520397437890625 0.4914652291666667 0.016824016406249954 0.02854984722222219
2 0.422512247265625 0.48602716180555555 0.02600075390624994 0.03126888194444446
2 0.37051074140625 0.4901057097222223 0.06423715625000001 0.09380663888888886
2 0.47719030351562497 0.5009818444444445 0.07417862109375006 0.10468277222222216
2 0.556339657421875 0.48670691875000005 0.06270769921875 0.07885195694444447
2 0.157040061328125 0.5764350118055556 0.31200904453125 0.3126888013888889
2 0.032636347656249995 0.4799093361111111 0.06527269531249999 0.08700905833333333