7 0.05397580507812501 0.43312484722222216 0.04957029453125 0.08624996944444448
7 0.622452169921875 0.2765624034722222 0.01792968203124996 0.054374981944444456
7 0.7068271394531249 0.3524998763888889 0.02003905546875 0.0637499777777778
5 0.20215934765625 0.47156233402777775 0.021093742187499997 0.1068749625
0 0.20163200390625002 0.5015623236111111 0.02214842968749999 0.08437496944444445
4 0.1826476359375 0.4818748312499999 0.017929681250000006 0.08624997083333336
4 0.8075497609374999 0.47999983263888896 0.03374998906249989 0.17249994027777776
4 0.7674716500000001 0.4424998458333333 0.016874993750000032 0.037499988888888836
4 0.666749028515625 0.47718733333333335 0.03691405078125003 0.1631249444444445
4 0.95678798984375 0.4762498333333333 0.024257804687499985 0.10499996388888885
4 0.609268580078125 0.48187483125 0.016874994531249944 0.11624995972222223
4 0.595030304296875 0.4903123277777778 0.022148430468750036 0.11812495833333338
4 0.5575889109375 0.49312482708333333 0.02109374218750002 0.09749996527777777
4 0.5349131375 0.4903123277777777 0.03269530156249996 0.10312496388888891
4 0.49430768281250004 0.4884373277777778 0.023203117187500056 0.12187495833333337
2 0.986316315234375 0.49687482708333336 0.026361349218749906 0.10124996249999998
9 0.80702241796875 0.4828123305555555 0.23730460468750003 0.13687495
2 0.36352647851562503 0.4828123319444444 0.01898436796874998 0.0393749861111111
2 0.37196397539062503 0.49218732916666663 0.018984367968750027 0.046874983333333294
9 0.41520614765624997 0.4499998423611111 0.07593747343750001 0.14999994583333331
2 0.328194460546875 0.48187483194444447 0.015820307031250015 0.04874998333333333
2 0.14415155546875 0.6365622770833333 0.010546871875000008 0.009374995833333344
2 0.298663220703125 0.49312482708333333 0.06644528984375002 0.08624996805555558
2 0.43208114140625 0.49499982847222224 0.06749997656249995 0.09749996527777777
6 0.602940458203125 0.37874986875 0.025312491406250005 0.03749998750000003
6 0.52647564140625 0.11437495902777778 0.02214842968749995 0.08624996805555554
6 0.503272523828125 0.11812495763888889 0.026367178906249934 0.09374996527777779