2 0.46073462070312504 0.5107689444444444 0.08208786640625006 0.08967028055555559
2 0.8612838464843751 0.5406590347222222 0.09989005234375004 0.1564834277777778
2 0.178866646875 0.6989007055555555 0.357032765625 0.4553843583333334
2 0.59177850390625 0.7472523256944444 0.3520877140625 0.49230741527777777
4 0.5937565234375 0.49142829444444447 0.01384614687500001 0.05802194722222222
4 0.617492775 0.4958238972222222 0.01384614687500001 0.052747225
4 0.7435916042968749 0.5573623215277778 0.024725260156249984 0.1687911125
6 0.734690510546875 0.3885712118055556 0.04450546953124999 0.06329666805555555
6 0.49188844921874997 0.23999986597222223 0.011868124999999985 0.06857139027777777
6 0.6432070457031249 0.31999981944444444 0.009890103906249958 0.0457142611111111
6 0.5863389460937499 0.41494482291666673 0.006923073437500005 0.028131851388888882
6 0.22929588750000002 0.36659319999999995 0.009890104687500002 0.03692305555555551
6 0.36380130546875 0.41054921944444445 0.009890104687500002 0.03692305555555559
7 0.7277571453125 0.21802185694444443 0.03164833437499999 0.0246153722222222
7 0.294725109375 0.4553843597222222 0.011868126562500025 0.014065927777777808
6 0.29027456171875 0.47296676666666665 0.008901093749999988 0.028131852777777765
2 0.395072366796875 0.537962745138889 0.02579011796874999 0.04075475416666663
7 0.69380789453125 0.17626430208333332 0.021491764062499995 0.0356604097222222