2 0.44942017617187496 0.45463925 0.01739691015625002 0.024742272222222222
2 0.433183061328125 0.45051553819444445 0.01739691015625002 0.03711340694444445
2 0.420425326953125 0.4515464659722222 0.010438146093749979 0.03505155138888891
2 0.409407283984375 0.4577320347222222 0.025515467968749973 0.04329897777777782
2 0.392010373828125 0.46391760277777777 0.032474232031249974 0.05567011388888893
2 0.35663665664062505 0.46804131388888887 0.04755155390624997 0.05154639999999999
2 0.30038664765625 0.4845361631944444 0.07190722812499999 0.07216495972222216
2 0.186146937890625 0.4618557472222222 0.11945878203125 0.059793825000000016
2 0.092203623828125 0.48659801874999997 0.12409795859374999 0.08041238472222226
2 0.17976807109374998 0.5092784340277777 0.1345361046875 0.12577321527777777
2 0.468556778515625 0.44742275416666666 0.02319588046874994 0.03505155277777779
2 0.49349234921875 0.4474227541666666 0.015077321875000039 0.026804127777777766
2 0.50682998046875 0.4536083222222222 0.01855670468749997 0.02268041666666668
2 0.53466503671875 0.45670110555555554 0.02783505625 0.045360830555555585
2 0.55032225546875 0.46391760416666666 0.022036085937499995 0.03917526388888888
2 0.5706186507812501 0.4639176020833333 0.04407217187499999 0.05979382361111113
2 0.603672780078125 0.4835052361111112 0.05914949453125003 0.07835052777777783
2 0.67673980234375 0.5051547215277777 0.11250001874999996 0.1505154875
2 0.8843429296875 0.6268042263888889 0.22731962500000008 0.4474227527777777
7 0.438402133984375 0.3989691375 0.011597939843750016 0.01649484999999997
6 0.451739765234375 0.40206192152777775 0.008118558593749992 0.01855670416666671
6 0.51378874453125 0.3979382083333333 0.009278351562499943 0.014432991666666655