2 0.09081145234375 0.57813440625 0.1816229046875 0.5159365236111111
2 0.8381419441406249 0.5883307805555555 0.32118578046875 0.5363292722222222
2 0.18640246289062498 0.4792295777777778 0.20532948203124998 0.25490935
2 0.289067202734375 0.43130662013888893 0.10323828828125 0.14682778194444446
2 0.350895465234375 0.40642746527777773 0.06859610390625001 0.09584591666666663
2 0.35663092421875 0.3921525416666667 0.06767843281250001 0.09584591666666663
2 0.38289933359374995 0.3921525416666667 0.020647659375000016 0.08361026944444443
2 0.40010571445312504 0.4145845659722222 0.034412761718750004 0.10808156250000003
2 0.555536690625 0.42376130069444445 0.06538424687499997 0.09788519027777783
2 0.587717218359375 0.38844374375 0.059295463281249995 0.05349061250000007
7 0.7771456285156251 0.18768347291666668 0.025510402343750016 0.03277230138888887
7 0.554078461328125 0.29228140277777775 0.022705549218749965 0.03437363611111108
6 0.40834352695312504 0.2786606333333333 0.005731136718749941 0.020377377777777757
6 0.47912308671875004 0.2850285666666667 0.005731137499999939 0.02292455000000003
6 0.40390189882812494 0.27993421944444447 0.0042983539062499965 0.02292454999999999
6 0.413214997265625 0.2773870465277778 0.0057311367187500295 0.028018895833333345
6 0.47296210937499994 0.28375498055555554 0.004298356249999991 0.025471722222222225
2 0.465884216796875 0.4556059923611111 0.14632464765624995 0.20855467083333332
7 0.237567309765625 0.2806891715277778 0.01765987109374998 0.04709299027777776