2 0.315705225 0.39290027777777775 0.022177112500000006 0.02990936388888888
2 0.29620466210937496 0.3992446895833333 0.01835347421875002 0.035347429166666604
2 0.28243955546875 0.40309665555555557 0.0244712984375 0.0358006
2 0.26408608359375 0.40898789375000005 0.01835347343749998 0.04214501249999998
2 0.24802679296875 0.4096676541666667 0.032118578125000005 0.05438066111111116
2 0.20354511484375 0.40989423680555553 0.07825716718750002 0.07341389305555555
2 0.41397278125000003 0.40422958541666665 0.02753020937500006 0.04078549583333329
2 0.43564007734375 0.4021903111111111 0.024981120312499973 0.07477340833333336
2 0.46227810703125005 0.4064954444444445 0.06194297187499993 0.07749244444444443
2 0.376934462890625 0.4067673409722222 0.04511895546874998 0.07069485972222225
2 0.33686270546874997 0.38854982847222225 0.019118201562499992 0.027190331944444462
6 0.187995642578125 0.06503020208333334 0.02370656953124999 0.042145012499999995
6 0.161983312109375 0.0489001111111111 0.01835347421875002 0.07477340833333333
6 0.374960073828125 0.17193635555555556 0.016059288281249983 0.03806646388888887
6 0.537117171484375 0.3167248673611111 0.021412385156249946 0.03670694583333333
2 0.797627273046875 0.4506797305555556 0.40224695546875006 0.35755285000000003
6 0.07880313671875 0.3209436840277778 0.02865568593750001 0.0254717208333333