7 0.57225792734375 0.33163280902777775 0.00860969843749997 0.015306131944444464
6 0.536814655078125 0.2674746083333333 0.005165817968750019 0.02448980555555554
2 0.5176150253906251 0.38693895624999997 0.01721939609374994 0.024489812499999965
2 0.508450471875 0.4118464819444444 0.022385215625000045 0.05051022777777779
9 0.448182584765625 0.35521380208333336 0.11192606328124999 0.2403062263888889
9 0.197640382421875 0.3483260444444444 0.17563783359375001 0.18979600555555554
2 0.574697323828125 0.3704083305555556 0.011192607031250024 0.06122451666666665
2 0.592777690625 0.3635205722222223 0.03529976093750005 0.11785719722222225
2 0.379380190234375 0.4082363472222222 0.20060595703125 0.33061239444444446
2 0.6127844734375 0.3697960833333333 0.018941331250000016 0.1622449722222222
2 0.164465401953125 0.48832531388888895 0.32630753671874996 0.5295920722222223
9 0.805887887890625 0.3092436027777778 0.38485348984375 0.618367625
4 0.9668892359375001 0.47684571875 0.05940691406250007 0.5250002374999999