7 0.27224102265625005 0.4141403520833333 0.0250488109375 0.0398437236111111
7 0.5273433875 0.4558590625 0.02373045312499995 0.021093736111111146
2 0.299926551953125 0.4453121902777778 0.011865225781249978 0.014062486111111145
2 0.30849588203125 0.44765594305555556 0.018457018750000033 0.014062491666666687
2 0.32695290000000005 0.4839840430555556 0.02109373593749999 0.025781230555555527
2 0.46603971875 0.4839840430555556 0.022412095312500036 0.030468730555555525
2 0.489770171484375 0.49453091180555553 0.030322244531249966 0.042187473611111095
2 0.441650086328125 0.47460904722222225 0.015820300781249942 0.025781233333333296
2 0.411987021875 0.48984341388888897 0.027685528125000046 0.03749997222222221
2 0.42055635234375 0.4582028097222222 0.01054686718750002 0.021093736111111146
2 0.3856198515625 0.4511715652777778 0.009228509375000016 0.021093736111111146
2 0.3908932859375 0.41015596875 0.009228509375000016 0.018749984722222262
2 0.39814425781249996 0.4242184569444444 0.005273434374999964 0.018749986111111068
2 0.4027585125 0.4570309361111111 0.011865228125000016 0.018749988888888916
2 0.39287082265624995 0.44999969305555554 0.007910148437499976 0.018749991666666688
2 0.359911863671875 0.4535153138888889 0.010546869531250013 0.016406238888888917
2 0.3460690984375 0.4582028097222222 0.011865226562499975 0.021093736111111146
2 0.36518529609375 0.4453121944444444 0.007910151562500013 0.018749988888888916
2 0.350683353125 0.439452825 0.007910151562500013 0.02109373888888884
7 0.460766284375 0.4406246972222222 0.01186522656250002 0.018749988888888916
7 0.84506777890625 0.4382809486111111 0.01977537812500003 0.0539062138888889