6 0.75652187421875 0.33745751597222223 0.018371978124999976 0.03946573194444443
6 0.7278156578124999 0.34358150972222223 0.01301348437500005 0.03266129444444444
6 0.748484133984375 0.19592523888888888 0.02219947421874995 0.034022183333333324
2 0.314565446484375 0.4699921458333334 0.04363344765625001 0.09662299722222221
2 0.25983226171874996 0.4747552520833333 0.08420489999999999 0.12520162916666666
2 0.44962136171875 0.4502592791666667 0.023730471874999992 0.04627016666666661
2 0.47296908476562505 0.44753750486111116 0.024495971093749968 0.04354839305555558
2 0.5024407996093749 0.4475375069444444 0.04210244921874997 0.05987904166666667
2 0.542192086328125 0.4563832736111111 0.026026967968750016 0.04490928055555562
2 0.021944305078124997 0.48765127500000005 0.04286794921875 0.06804436388888888
2 0.134472671484375 0.5110131708333333 0.20515375703125 0.2027722027777778
2 0.38734253984375 0.51917849375 0.1408518328125 0.2000504291666666