7 0.43720131953124997 0.4115855361111111 0.018521350000000058 0.015596924999999985
7 0.468882573828125 0.41765100555555557 0.00974807890624998 0.013863933333333339
7 0.475706229296875 0.4219834847222222 0.01949615703125005 0.012130944444444462
6 0.46573250078124995 0.4549103277777778 0.013196010937500002 0.015596924999999985
6 0.42599102890624996 0.4427793854166667 0.01754654218749998 0.02252889027777777
4 0.219819168359375 0.5146985409722222 0.032168658593749996 0.12130942083333333
4 0.18521349062499998 0.5068004770833333 0.031193851562499986 0.13324115416666665
4 0.378225443359375 0.49910161805555553 0.013647310156249981 0.04159180000000002
4 0.424041413671875 0.4826381951388889 0.017546541406249984 0.019062906944444395
4 0.452798244921875 0.4930361458333334 0.0068236554687500115 0.022528891666666655
4 0.46644555429687495 0.5155650381944444 0.014622117968750015 0.05718872638888889
3 0.501051232421875 0.5190310215277778 0.015596924218750008 0.0329268430555555
5 0.503000848046875 0.49910161805555553 0.011697692968750052 0.031193852777777743
9 0.500563828515625 0.47137375 0.012672500781249952 0.048523769444444455
2 0.41867996953125 0.5562903430555556 0.10040520781250004 0.1282413888888889
9 0.717945978515625 0.42804895555555555 0.42989026015625004 0.8491659444444445
2 0.051664815625000006 0.77373600625 0.10332963125000001 0.4522212402777778