7 0.22938694609375002 0.7459551520833333 0.006887759374999991 0.010714290277777788
2 0.39555411210937497 0.8313414979166668 0.10159443359375002 0.09489800138888885
2 0.22249918749999997 0.8321068041666666 0.034438790625000014 0.05051022777777771
2 0.178159244140625 0.8565966111111111 0.07318243046874999 0.11479596944444445
2 0.120474269140625 0.8520047729166667 0.05424109609375001 0.16683680972222215
2 0.30062194375000006 0.8966840916666667 0.20749371562500002 0.20051029444444438
2 0.062563801171875 0.8783167361111112 0.12397964765625 0.24030623055555556
2 0.658067883203125 0.8744902041666668 0.5607782882812501 0.24795929444444434
7 0.936878613671875 0.66020439375 0.045631397656249996 0.03673470972222227
7 0.939031037890625 0.7061227819444444 0.06887758203125002 0.03061225833333331
2 0.94075297734375 0.9158167534722221 0.11364800937500004 0.1622449708333333
4 0.8908167308593751 0.8209187513888889 0.013775516406250077 0.02755103333333327