2 0.27002177265625005 0.42631596666666666 0.08773270468749997 0.11091147500000002
7 0.56831297421875 0.38125817986111105 0.015596925000000006 0.01039795138888885
7 0.740366558984375 0.3543968076388889 0.06336251015624991 0.032926843055555544
2 0.55320345234375 0.41938399722222225 0.0321686578125 0.06931966944444447
2 0.5965824015625 0.4141850236111111 0.04289154531249997 0.03465983611111112
2 0.9533620734374999 0.43324793125 0.09163193749999987 0.05198975138888894
2 0.9674967871093749 0.4739732388888888 0.06141289453124994 0.09531454444444441
2 0.972370826171875 0.6351414673611111 0.05166481640624987 0.37605920416666666
2 0.66871818203125 0.44364588125 0.05069000781250006 0.045057784722222195
7 0.900235045703125 0.3907896340277778 0.008773271093750168 0.02946085972222221
2 0.811040128125 0.6100130847222223 0.34898120937500005 0.40205407500000007
2 0.41136891093749994 0.5337614520833334 0.35288044062499996 0.45404383194444436
2 0.123800596484375 0.5337614500000001 0.24760119296875 0.4852376833333334
7 0.450361224609375 0.31627098958333333 0.03119385078125001 0.025994876388888914