7 0.599434485546875 0.43898074027777784 0.01919430078124993 0.03199050000000001
2 0.36970270703125 0.5786725916666667 0.008397506249999997 0.01706160277777779
2 0.360105556640625 0.5754735423611111 0.01319608203125 0.02345970416666666
2 0.336712503125 0.5733408416666667 0.035989312500000016 0.05331750277777777
2 0.304921944921875 0.5914687916666667 0.037188955468749986 0.0639810027777778
2 0.27792996054687497 0.5999995916666667 0.05038503984375002 0.07251180277777773
2 0.25633637265625 0.6170611909722222 0.04318717656250004 0.0895734041666667
2 0.20221188046875 0.6293281659722223 0.0932911671875 0.1183727513888889
2 0.08977958593749999 0.6725113909722222 0.17955917187499998 0.19620840138888884
2 0.4260859632812499 0.5754735423611111 0.03958824375000001 0.053317504166666654
2 0.462075276171875 0.5957341916666667 0.06118183203124996 0.08957340277777782
2 0.47467153515625 0.6063976923611111 0.06238147499999993 0.09383880416666668
2 0.556847132421875 0.6565161409722222 0.14755618203124996 0.1855449013888889