7 0.750838332421875 0.029387747916666665 0.043392847656249955 0.05877549583333333
7 0.621176369921875 0.20204077222222222 0.06095661953124996 0.09918364999999998
7 0.62461809765625 0.27367341180555554 0.027210924999999976 0.04040815694444445
2 0.09487880078125 0.4842856048611111 0.10228314062499999 0.08448977638888885
2 0.3399106421875 0.4040815472222222 0.041326521875000036 0.031224483333333334
7 0.294709758984375 0.3503570701388889 0.012397957031250018 0.012857140277777804
7 0.387694432421875 0.32047733819444446 0.02066326015625002 0.017514576388888908
7 0.387878927734375 0.34386290138888886 0.022729586718750028 0.01285714166666665
7 0.3899452546875 0.33100576041666663 0.022729587500000027 0.012857140277777804
7 0.535104663671875 0.2933527069444445 0.015497446093749988 0.06612243611111109
2 0.513482033984375 0.3728570625 0.01963009765624992 0.014693874999999995
2 0.49643484375 0.37377543194444435 0.012397956250000064 0.012857138888888878
2 0.47473841953125007 0.3728570625 0.016530607812499997 0.014693874999999995
2 0.45097566953125 0.3728570638888889 0.01239795468749998 0.011020402777777842
2 0.43702796796875 0.3783672680555556 0.017563771875000002 0.011020405555555533
2 0.42256368554687496 0.3838774680555556 0.01343111953124998 0.014693874999999995
2 0.52846289765625 0.3792856333333333 0.014464282812499984 0.01653061111111111
2 0.425663175390625 0.40591828125 0.01963009921875001 0.025714279166666642
2 0.59045268046875 0.43071419513888887 0.1260458921875 0.11571425972222218
2 0.25669181484375 0.4585276055555555 0.11960091562500001 0.08632651388888893
2 0.4804946125000001 0.4787316833333334 0.13534435937499997 0.21122444722222228
2 0.9332749734375 0.39575884236111114 0.052691315625 0.02571427638888887
2 0.800513522265625 0.3930037458333333 0.03306121640625008 0.023877547222222184
2 0.7886321484375001 0.4040241486111111 0.040293359375000115 0.01653061111111111