2 0.4333020875000001 0.3803916854166666 0.008773270312499993 0.012130945833333268
2 0.396746793359375 0.38645715486111115 0.013647310156249981 0.017329918055555598
2 0.38504909921874997 0.3951221131944444 0.009748078124999981 0.020795901388888892
2 0.374813616796875 0.39945459305555553 0.016571733593749992 0.03292684444444439
2 0.33484649492187496 0.4081195520833333 0.010722886718750014 0.03639282638888888
2 0.315837741796875 0.41765100625 0.02144577265625003 0.038125818055555524
2 0.2854754109375 0.42689029027777775 0.04122850312499997 0.054307083333333374
2 0.21738214921875 0.4384469069444445 0.07993424218749998 0.0866495861111111
2 0.355317459765625 0.40898604791666665 0.03606788984375 0.038125818055555524
2 0.41575554648437496 0.3916561298611111 0.024370196093749998 0.031193851388888857
2 0.450848628515625 0.37865869166666666 0.016571733593749992 0.012130941666666692
2 0.450361224609375 0.40552006458333334 0.04289154453124997 0.048523770833333264
2 0.06010116953125 0.47329027916666666 0.11825272343750001 0.14593838333333337
1 0.47911805625000004 0.3699937340277778 0.012672501562500039 0.039858809722222256
1 0.49568978945312503 0.3769257006944444 0.032168658593749996 0.05372274305555559
2 0.676516644921875 0.4133185263888889 0.052639624218750035 0.08145061111111115
2 0.7671737753906249 0.4540438319444445 0.19106233984375 0.17676515555555558
2 0.5819602843749999 0.4809052041666667 0.1852134921875 0.26168175000000005
2 0.957875077734375 0.5275590305555555 0.08311140546875002 0.2584896666666666
6 0.40600746835937496 0.33360090694444444 0.0068236554687500115 0.015596924999999985
6 0.47131959453125 0.32580244444444445 0.004874039062499946 0.013863933333333339
7 0.510799311328125 0.3344674034722222 0.00974807890624998 0.006931968055555555