7 0.705759503125 0.6132901069444444 0.01755105312499996 0.027041622222222214
7 0.68879348671875 0.6247307930555556 0.011700701562500004 0.02080124722222223
2 0.665392084375 0.6573194194444445 0.021061264062499953 0.033281997222222276
2 0.6373103999999999 0.6614796680555556 0.011700703125 0.016640997222222214
2 0.618589276953125 0.679160725 0.016380982031250026 0.031201872222222152
2 0.6016232593749999 0.6760405423611111 0.029251753125000057 0.04992299305555561
2 0.575881716015625 0.6864411652777779 0.05031301640625001 0.06656399166666671
2 0.5507252066406251 0.7093225395833334 0.06786406796874997 0.0790447402777777
2 0.683528170703125 0.661479670138889 0.012870772656250029 0.049922993055555524
2 0.695813908203125 0.66251973125 0.016380982031250026 0.06864411805555556
2 0.729160906640625 0.6635597930555556 0.04797287578124996 0.08736523888888893
2 0.7812290300781249 0.66251973125 0.07722463203125 0.15184910694444448
2 0.8192563109375002 0.6687601041666665 0.09009540312500004 0.17265035277777774
2 0.91344695859375 0.6302777979166666 0.17083024531250005 0.3120187125