7 0.30179312382812495 0.31942673055555554 0.04746833515625002 0.037130788888888905
7 0.40622346093750006 0.3430554125 0.03227846718749996 0.016877630555555554
7 0.48691963046875 0.40043935486111115 0.07974680312500002 0.08438815138888892
7 0.41049561171875004 0.4038148833333333 0.050316435937499994 0.09789025555555557
7 0.318881725 0.3979077111111111 0.09493667187500003 0.11983117499999997
7 0.31698298906250005 0.5152072402777778 0.0189873328125 0.033755258333333336
7 0.34024247421875 0.5160511229166667 0.012341767187499996 0.01856539305555553
7 0.3744196765625 0.5109878340277777 0.03322783437500001 0.03544302361111112
7 0.401951310546875 0.5126755965277777 0.014240500781249965 0.02531644583333327
7 0.43945129570312497 0.5126755951388888 0.02658226640625001 0.021940915277777782
2 0.162366366015625 0.5430313993055556 0.030974507031249997 0.027378581944444372
2 0.43006311718750007 0.5660033888888889 0.009493667187499976 0.02194091944444444
2 0.373101114453125 0.5668472694444445 0.020886066406250015 0.03037973055555554
2 0.32468341171875 0.5626278618055556 0.015189867187500017 0.02531644583333335
2 0.30569607851562497 0.5651595069444445 0.011392400781249989 0.023628683333333338
2 0.29240494492187497 0.5643156243055556 0.022784800781249982 0.04219407638888886
2 0.44003146718749997 0.5733962291666667 0.01993670000000005 0.031266136111111106
2 0.4020568 0.5670883777777778 0.042721501562499986 0.07088604722222223
2 0.343670747265625 0.5679322597222222 0.030379733593749993 0.04556960277777777
2 0.25727837734375003 0.5645567340277777 0.047468334374999976 0.05907170416666669
2 0.224655759765625 0.5412656034722222 0.037025299218749995 0.028691970833333375