2 0.15840627499999999 0.7555843930555556 0.31291331875000006 0.4817717
2 0.290492737890625 0.5103660638888889 0.24760119296875 0.32060346944444446
2 0.39284756210937505 0.38559065833333334 0.11892655703125006 0.15770224444444444
9 0.63021327265625 0.3197369729166667 0.09455636093750001 0.12997437916666665
2 0.7837455078125 0.4046535680555556 0.26904696562499997 0.34833133611111106
2 0.5273710445312499 0.2885431222222223 0.05458923906250002 0.07451864444444445
2 0.456210071484375 0.27814517222222224 0.06628693203124998 0.09531454444444445
4 0.40600746796875004 0.25994875902777775 0.012672501562500039 0.05545573472222224
7 0.628263656640625 0.15943523888888889 0.02047096484375004 0.010397950000000005
7 0.628263656640625 0.1828306277777778 0.012672502343749947 0.008664961111111128
6 0.47716844062499997 0.20362652777777782 0.002924423437500057 0.01906290833333332
6 0.6287510609375 0.2070925111111111 0.005848848437500021 0.01906290833333332
2 0.5892713429687501 0.2712132048611111 0.034118275000000066 0.06412069305555555
2 0.6268014449218751 0.24608482430555556 0.025345003906249986 0.03119384861111109
2 0.613154134765625 0.235686875 0.02144577265625003 0.02079590000000001
2 0.574161821484375 0.2547497840277778 0.027294619531249963 0.038125818055555566
2 0.5580774917968749 0.24261884097222222 0.026319811718749975 0.0415918013888889
2 0.514698542578125 0.24348533819444443 0.02924423515625003 0.04679077916666666
2 0.50056382890625 0.22702191597222224 0.010722885937499971 0.024261884722222227
2 0.498614212890625 0.21402447777777778 0.016571733593749992 0.015596924999999985
9 0.558564895703125 0.21229148680555557 0.02924423515625003 0.05718872638888889
9 0.536144315234375 0.19496156944444445 0.009748078906250068 0.022528891666666655
9 0.52152219765625 0.1992940486111111 0.009748078124999981 0.017329916666666632
9 0.5132363312500001 0.1966945611111111 0.006823656250000009 0.015596924999999985