2 0.086039086328125 0.6375793277777778 0.17161013671875 0.19983047222222217
2 0.34130916796875 0.5986810305555555 0.15187497187500004 0.18305081111111118
2 0.367050688671875 0.5246979958333333 0.11755294140624999 0.20288131666666673
2 0.43269156484375 0.5590200201388889 0.02402541874999997 0.08237286527777772
2 0.44642037617187497 0.5491047666666666 0.01372881015624996 0.047288125000000035
2 0.45714601093749996 0.5552064631944444 0.00943855625000003 0.025932204166666712
2 0.49919049492187495 0.55063019375 0.009438557031250027 0.019830504166666665
2 0.50777100078125 0.5552064618055556 0.009438557812500026 0.02288135138888884
2 0.521070786328125 0.5567318868055556 0.01544491171875002 0.032033890277777824
2 0.548528409375 0.5574945944444445 0.04118643281250005 0.054915244444444435
2 0.587569715625 0.5620708715277778 0.04204448437500004 0.08237286805555558
2 0.622320765625 0.5643590048611111 0.041186432812499965 0.10830506527777778
2 0.6510654652343749 0.5803759506944444 0.042044483593749946 0.07932201805555555
2 0.716706343359375 0.5712234118055556 0.11154658671875 0.15864403750000006
2 0.8685813140625 0.5735115409722221 0.2591313093750001 0.24254232638888887
2 0.467013593359375 0.55063019375 0.010296608593749923 0.019830504166666665
2 0.479884353515625 0.5491047673611111 0.008580505468750044 0.02288135138888884
6 0.46401041523437503 0.5208844347222222 0.007722455468750056 0.015254233333333329
6 0.489322911328125 0.5185963020833333 0.006864407031249975 0.016779659722222263