2 0.370331607421875 0.6479720284722222 0.31185819609375 0.34789514027777774
2 0.00467787265625 0.5939166083333334 0.0077964546875 0.08454822222222226
2 0.16411537539062498 0.5273868604166667 0.06626986640624999 0.05682749305555556
2 0.13176008789062502 0.5266938423611112 0.031185819531250013 0.041581093055555525
2 0.086930473046875 0.5249612965277778 0.050676957031250004 0.034650909722222185
2 0.08381189023437499 0.5152590416666666 0.053795538281249985 0.023562619444444426
4 0.015300530859375 0.5321389777777777 0.0077964554687500005 0.026334691666666604
4 0.03557131367187501 0.533525013888889 0.010915036718749998 0.0595995666666667
7 0.15446725078124998 0.46353017499999993 0.010135392187500014 0.022176580555555603
7 0.07260447343750001 0.4780835569444445 0.0132539734375 0.020790547222222244
7 0.037130604296875 0.48847882986111113 0.00935574609375 0.01940450972222223
2 0.9380565125 0.5812499270833332 0.12216795312500003 0.16874997916666665