6 0.4932473375 0.39773409444444446 0.01054686718750002 0.035156224999999985
6 0.41084993281250004 0.3907028493055555 0.009228507812500019 0.03046872916666664
6 0.43817612656250005 0.4341144270833333 0.006823654687500014 0.025994876388888914
6 0.468882573828125 0.4311052145833333 0.007798463281250001 0.019976451388888865
6 0.37129917890624997 0.4457809368055556 0.009228507812500019 0.018749987499999954
7 0.37920933046875 0.4270309493055556 0.014501943750000024 0.01874998750000003
7 0.530820553125 0.41765595625 0.014501943749999935 0.01874998750000003
7 0.3212015578125 0.4340621930555555 0.014501943750000024 0.023437483333333297
2 0.39964388632812503 0.4750777916666667 0.023730452343749996 0.021093736111111146
2 0.37986850937499994 0.48445278541666664 0.026367168750000003 0.03046872916666664
2 0.34559118906249997 0.47039029444444447 0.03427732031249997 0.04921871666666667
2 0.303403718359375 0.4750777916666667 0.05800777265625001 0.06796870277777782
2 0.24144086914062504 0.4879684076388889 0.07646479140625 0.08437494305555562
2 0.490610620703125 0.4680465451388889 0.018457017968750034 0.03046872916666672
2 0.50379420546875 0.4739059180555556 0.021093735937500035 0.037499974999999984
2 0.528183836328125 0.4692184208333333 0.030322244531249966 0.06093745833333328
2 0.5558693640625 0.47390591736111104 0.04086911250000007 0.06562495416666671
2 0.586850788671875 0.4821090368055555 0.04746090390625 0.07734369861111116
2 0.6244240046874999 0.48562465833333335 0.05405269687500001 0.07499994722222228
2 0.665952297265625 0.5114058909722222 0.10019524296875 0.13124990972222222
2 0.8103125496093749 0.5184371375 0.24916975078124998 0.2343748388888889
2 0.92764645234375 0.5910933368055555 0.14370107343750008 0.32812477361111114