2 0.422027093359375 0.5380579854166666 0.010926267968750025 0.019424476388888934
2 0.4124666093749999 0.5404860444444444 0.010926267187500028 0.01942447499999997
2 0.39471142421875 0.5446137465277778 0.021852535937499962 0.027679879166666647
2 0.308667066015625 0.5548115986111111 0.04370507265625001 0.07041372777777775
2 0.28066850390625 0.5620957736111111 0.04507085468749996 0.0801259638888889
2 0.466415056640625 0.545706375 0.015023617968750003 0.01942447500000005
2 0.479389999609375 0.5453421638888888 0.01638940234374999 0.033992833333333375
2 0.49031626601562495 0.5441281326388889 0.01912096796874998 0.041277015277777766
2 0.5094372359375 0.5499554791666666 0.03551037031249997 0.04613313055555553
1 0.45275722187500006 0.5337684125000001 0.023218318749999956 0.04613313055555553
2 0.223988489453125 0.5675589090277777 0.09833641015625003 0.10926267361111104
6 0.4492175625 0.49107503680555553 0.005713534374999973 0.019424476388888934
6 0.46982951406249995 0.47650667916666667 0.00819470156250004 0.024280594444444463
6 0.41656396015624997 0.4809985854166667 0.008194701562499952 0.021852531944444486
4 0.6159683476562501 0.5432783152777778 0.0163894 0.0801259638888889
4 0.6002618371093751 0.5493484652777778 0.015023617968750003 0.08255402499999999
4 0.568165926171875 0.5432783152777778 0.021852533593750056 0.0801259638888889
4 0.8181526679687499 0.54648785 0.04351315937499996 0.1559611444444444