7 0.442777541796875 0.29212611527777776 0.15715161484374995 0.09380663888888886
7 0.4439246328125 0.35534363472222225 0.118150484375 0.02854984722222223
7 0.2847656078125 0.3420883486111111 0.13191558906249998 0.0469033222222222
7 0.290787840234375 0.27989046458333333 0.11585629921875 0.07341389305555555
7 0.022368294921875 0.3227152375 0.04473658984375 0.04486404444444444
7 0.535118453515625 0.4562877375 0.028677300781250015 0.046903322222222245
2 0.283905289453125 0.5694674888888889 0.012618014843750025 0.020392749999999973
2 0.275302098828125 0.5776245875 0.013765105468749983 0.0203927472222222
2 0.141909680078125 0.5785710208333333 0.02144412890624998 0.04485046666666671
2 0.21163848828125 0.5704871256944445 0.014912196875000028 0.022432023611111084
2 0.08829935625 0.579692282638889 0.025228387499999994 0.024667756944444442
2 0.017779927343749998 0.6184100840277778 0.035559854687499996 0.09788519027777774
2 0.039574677343749996 0.5893504180555555 0.0355598546875 0.028549847222222268
2 0.04760432109375 0.5832325930555555 0.03326567031250001 0.028549847222222268
2 0.165181258984375 0.561820207638889 0.013765105468750006 0.014274923611111094
2 0.168622534765625 0.57405585625 0.01835347265625 0.022432020833333313
2 0.24949252734375 0.5526434715277778 0.014912196875000028 0.01631419861111109
2 0.184797938671875 0.5606308347222222 0.01639845234374999 0.02242523333333332
2 0.11069438476562499 0.57405585625 0.012618011718750011 0.014274923611111094
2 0.119834841015625 0.5707221895833333 0.01765987109375 0.020182709722222192
2 0.26363665 0.5527820027777778 0.012614193749999992 0.020182711111111157
2 0.69327609765625 0.6312703194444444 0.03784258124999997 0.029152802777777806