6 0.60794452421875 0.4574996777777778 0.007910150000000015 0.03281247500000006
6 0.38118686757812503 0.5254683819444443 0.007910150781250014 0.028124980555555526
6 0.645517741015625 0.5207808840277778 0.009228510156250013 0.02343748194444441
6 0.13597219296875 0.5805464701388888 0.013183584375000001 0.04921871527777778
6 0.1188335328125 0.6203901923611111 0.02109373593749999 0.03046872916666664
6 0.38843783945312504 0.5207808847222222 0.011865225781249978 0.028124980555555526
6 0.28824259531249996 0.5547652368055556 0.009228507812499976 0.02578123194444449
6 0.599375194921875 0.4586715520833333 0.009228510156250013 0.03046872916666672
6 0.77867194609375 0.4117965861111112 0.01186522656250002 0.03984372222222221
7 0.140586447265625 0.6098433236111112 0.014501942968750004 0.018749986111111148
7 0.63233415625 0.45632780416666663 0.03823239531249998 0.021093736111111146
7 0.82415531328125 0.3907028493055555 0.013183584375000024 0.03515622638888887
7 0.8294287472656251 0.4680465458333333 0.02373045234374995 0.016406238888888917
7 0.352182981640625 0.5242965076388889 0.036914036718749973 0.016406240277777723
4 0.25857953085937496 0.6649214097222222 0.01582030234374998 0.0632812055555556
2 0.26583050195312496 0.6742964055555556 0.043505830468749986 0.025781233333333296
4 0.35679723554687504 0.6543745430555555 0.009228510156250013 0.03281247777777775
4 0.32449745390625 0.6520307944444445 0.010546868750000016 0.037499974999999984
2 0.799106501953125 0.5606246076388889 0.03691403671874989 0.02343748472222226
2 0.6435402027343751 0.5723433493055555 0.026367169531249957 0.0374999736111111
2 0.44446807539062494 0.6250776881944445 0.02373045390625004 0.03515622638888887
2 0.441831357421875 0.6403120520833333 0.02373045234375004 0.03281247638888895
2 0.422715159765625 0.6367964298611112 0.030322244531249966 0.04453121805555556
2 0.18211473867187497 0.7164838756944445 0.11074211015624999 0.11015617361111114
2 0.6956153625 0.6227339388888888 0.11206047031250002 0.21796859999999998
2 0.9184179433593751 0.6379683041666666 0.16215809140625 0.22499984444444443
2 0.967856387109375 0.847733784722222 0.06328120703125002 0.24140608611111106
2 0.5571877234375 0.7035932583333333 0.24916975000000008 0.4406246972222222