6 0.554401983203125 0.4832580645833333 0.011712717968749953 0.050321306944444505
6 0.29525809765625005 0.5847682868055556 0.008784539062500008 0.04511565416666667
6 0.141528675390625 0.7105715555555555 0.0078084789062500045 0.019087391666666696
6 0.53683290625 0.4928017638888889 0.01756907656249993 0.062467830555555534
6 0.4319064746093749 0.5318441569444444 0.018545136718749956 0.05379174166666666
6 0.414337396875 0.5309765479166667 0.018545135937500047 0.06593826527777777
6 0.28403341054687503 0.5873711159722222 0.009760599218749989 0.036439565277777794
7 0.1493371546875 0.6723967715277778 0.015616957812500009 0.03296913194444452
7 0.51877579921875 0.6940869902777778 0.014640895312499947 0.031233916666666695
7 0.47729325703125003 0.7123067743055556 0.00976059843749999 0.015616956944444461
7 0.8428276632812501 0.5656808965277779 0.04197057187500004 0.09023130972222222
2 0.14104064609375 0.789523951388889 0.13567231562499998 0.10758348333333348
2 0.46118826953125 0.7791126458333333 0.06734812812499999 0.21863740277777777
2 0.59149225703125 0.7808478631944445 0.124935659375 0.1908739208333333
2 0.77889574296875 0.8164198215277777 0.35919001718749993 0.34877871250000003
2 0.314291264453125 0.8362494555555555 0.35138153671875 0.3224997166666667
7 0.55586936484375 0.6060933340277778 0.019775376562500037 0.02343748472222226
6 0.159043466015625 0.7115620111111112 0.014501942968749982 0.028124980555555606