2 0.6603563105468749 0.4837908569444444 0.012292052343749926 0.02913671388888888
2 0.648747151171875 0.4837908569444444 0.01912096796874998 0.02913671388888888
2 0.6344064238281251 0.48864697638888893 0.015023617968750003 0.024280594444444463
2 0.623480155859375 0.4874329465277778 0.015023619531249999 0.026708654166666672
2 0.605724971484375 0.48500488680555554 0.023218319531249955 0.031564773611111166
2 0.577043518359375 0.48500488680555554 0.023218319531249955 0.031564773611111166
2 0.5538251984375 0.48500488888888893 0.03141301875 0.04127701111111111
2 0.511485910546875 0.4789347388888889 0.04233928828125002 0.06312954722222218
2 0.45070854726562504 0.47772070972222225 0.09014171015625001 0.12383103611111118
2 0.126334970703125 0.5068574236111111 0.15160196640624998 0.08498208055555555
2 0.26632777734375 0.5372081666666666 0.21852535624999997 0.22338147499999997
9 0.72181656640625 0.4752926493055556 0.1215547296875 0.14325550972222217
7 0.104653137109375 0.4089545819444445 0.03277880390625 0.06312954722222225
7 0.35800597226562497 0.42230890902777773 0.01775518515625003 0.03156477361111109
7 0.358688864453125 0.45023159305555555 0.010926267968749981 0.02913671388888888
7 0.6653072550781249 0.4465895048611111 0.012292050781250018 0.01699641805555561
7 0.7158412425781251 0.38831607638888893 0.017755185156250075 0.04613313055555553