2 0.527946316796875 0.4545917402777778 0.010331630468749964 0.034897952777777796
2 0.533628712890625 0.45367337222222215 0.013431121093749976 0.03673468333333329
2 0.54344376171875 0.45459173958333327 0.018596934375000006 0.03857141805555552
2 0.5630738597656251 0.4499999041666667 0.037193869531250014 0.06979590555555559
2 0.604645762109375 0.45642847361111116 0.06095661953124996 0.08632651111111116
2 0.6351240703125001 0.46653051319444444 0.0516581515625 0.08448977916666663
2 0.6960806894531251 0.46377541180555554 0.10331630390624999 0.1414285402777777
2 0.850848510546875 0.47816316736111114 0.22316321796875 0.24244892638888896
2 0.29531244023437503 0.4763264333333333 0.025829077343749996 0.0551020305555556
2 0.265867294140625 0.4910203083333334 0.037193869531250014 0.04775509166666667
2 0.21937495507812504 0.5029590819444445 0.06405610859375002 0.06061223055555555
2 0.362468037890625 0.47999990277777776 0.02582907578125 0.044081622222222214
2 0.32992340117187496 0.4891835729166667 0.06405611015625001 0.08816324305555553
2 0.43036979140625 0.4936414708333334 0.126045890625 0.20755097500000003
4 0.9574523374999998 0.5093114888888889 0.077680271875 0.3566639444444445
6 0.47636196171874995 0.3795480312499999 0.007232142187500035 0.020204079166666687
7 0.514072411328125 0.4069678444444444 0.012397955468749977 0.014693872222222223
4 0.753911544921875 0.41216037916666665 0.012617239843750027 0.05673772777777783
4 0.768485467578125 0.4083863930555556 0.01653060703125 0.06428570000000002
4 0.1901161765625 0.4694410569444445 0.013765104687500007 0.04078549722222225
4 0.20732255781250003 0.4592446833333333 0.016059289062500003 0.032628397222222265
2 0.5090077734375 0.44496975902777774 0.02294184218749997 0.040785495833333366