4 0.0438757734375 0.4927226347222222 0.020486753125000007 0.05584536944444444
4 0.0076825109375 0.5048629319444444 0.013657834375 0.08498208333333332
4 0.015877212109375 0.5012208430555556 0.019120969531249997 0.07284178611111117
4 0.052070473828125 0.45387368263888894 0.015023617968749996 0.021852534722222178
4 0.064362524609375 0.4781542770833333 0.009560483593750002 0.026708654166666672
4 0.09167819453125 0.47329815833333333 0.0259498875 0.036420891666666615
4 0.12035964765625 0.47936830694444443 0.012292051562500017 0.01942447777777774
4 0.31771536015625 0.5534241222222223 0.03277880312499999 0.1238310361111111
2 0.937098166015625 0.7901599249999999 0.1242862976562499 0.3205038555555555
2 0.096714532421875 0.5667784486111112 0.19342906484375 0.16510804722222222
2 0.8694918832031249 0.6262659076388889 0.22945162421875 0.2015289402777777
2 0.985583479296875 0.6493324729166667 0.027315669531250107 0.029136715277777763
2 0.21801316640625 0.5242874083333333 0.1311152140625 0.18696058333333335
2 0.30064306640625 0.5230733777777778 0.04507085468750001 0.1359713305555555
2 0.33751922031250003 0.541283825 0.028681453125000013 0.0801259638888889
2 0.355957296875 0.5497820333333334 0.019120968749999977 0.06312954722222225
2 0.370980915625 0.5546381534722222 0.021852535937500008 0.04856119027777781
9 0.39283345078125 0.5230733777777778 0.03277880312499999 0.04370506944444443
9 0.41536887812500006 0.5194312895833333 0.009560484375000034 0.021852537500000026
9 0.462488408203125 0.5376417354166667 0.01638940234374999 0.02428059583333335
9 0.4413187640625001 0.5279294979166667 0.015023617187500005 0.019424476388888934
2 0.407857069140625 0.5594942715277778 0.046436638281249956 0.058273426388888876
2 0.5956522968750001 0.6031993430555556 0.1652598 0.28165490555555556
2 0.43175828046875003 0.5497820326388888 0.02048675312499997 0.048561190277777735
9 0.51848553046875 0.5424978541666666 0.03551037031249997 0.1262590944444445
2 0.492535644921875 0.5667784493055555 0.019120969531249976 0.04856119027777781
2 0.7301819691406249 0.59712919375 0.11199424453125006 0.1286871541666667
2 0.47341467578124996 0.5570662111111111 0.016389401562499996 0.02913671388888888
6 0.443367439453125 0.4915086048611111 0.0054631335937499696 0.02428059583333335
7 0.22225618867187497 0.3786586923611111 0.02729461953125001 0.060654709722222186