6 0.22274634609375 0.3686016402777778 0.009597148437500013 0.03199050000000001
6 0.319917490625 0.3696679902777778 0.00959715000000001 0.02985779999999999
6 0.2689326328125 0.39419404027777777 0.008397506249999997 0.023459700000000003
6 0.18495756874999997 0.40379119027777777 0.01079679375 0.02132699999999998
6 0.3565066265625 0.4197864402777778 0.013196084374999995 0.01919429999999996
2 0.24014118085937497 0.43578169027777786 0.015595367968749985 0.025592400000000026
2 0.26473387890625 0.43578169027777786 0.019194303124999968 0.025592400000000026
2 0.29232568593749997 0.43898074027777784 0.00959715000000001 0.014928899999999995
2 0.29952354609375 0.44644518888888884 0.00959714843749997 0.021326997222222213
2 0.2725315640625 0.4549759902777778 0.044386821875 0.02985779999999999
2 0.318118025 0.45924139166666667 0.02279323125000001 0.034123202777777806
2 0.27613049375000004 0.5317531916666667 0.09717114375000002 0.14075820277777779
7 0.4158889914062501 0.3856632416666667 0.021593587500000046 0.0490521027777778
2 0.5970351980468751 0.5637436902777778 0.26392162578125006 0.3369666