9 0.036272149609375005 0.5704606965277778 0.07207625703125001 0.4713558430555556
2 0.12979967460937497 0.5880030666666667 0.17161013671874997 0.17694911944444444
2 0.276097315234375 0.5430030743055555 0.15359107265625 0.1235592986111111
2 0.9754086242187501 0.8259691243055555 0.04719278750000004 0.3416948541666666
9 0.8801649980468751 0.6696132208333333 0.23596393828125004 0.379830436111111
2 0.760876444140625 0.6063558173611111 0.09867582734375002 0.15559319027777782
2 0.7184029355468751 0.5781354833333333 0.06349575078124996 0.10830506388888889
2 0.6939484914062499 0.5506778618055556 0.0609215984375 0.0991525236111111
2 0.674642350390625 0.5369490506944444 0.03775422890625002 0.07169490138888884
2 0.660055488671875 0.5331354923611111 0.03603812734374996 0.06711863194444448
2 0.6433235007812501 0.5293219326388888 0.023167368749999983 0.04118643194444442
2 0.6330268921875 0.5224575284722223 0.021451265625000014 0.03661016250000004
2 0.46484895820312494 0.5171185458333334 0.030031774218749963 0.05644066666666671
2 0.48329704804687507 0.5163558347222222 0.018877114843750053 0.045762705555555526
2 0.497025859375 0.5079660048611111 0.025741521875000027 0.04728812638888892
2 0.512899796484375 0.5140676993055556 0.01115465859375 0.02593219861111109
2 0.40963339140625 0.52764398125 0.09438557500000004 0.10220337083333335
2 0.58570540234375 0.5352711 0.05491524375000001 0.09610167777777781
2 0.530361134375 0.5123897486111111 0.01801906406249998 0.019830508333333323
2 0.5441757546874999 0.5146778826388888 0.008580506249999953 0.015254234722222215
2 0.56331027421875 0.5131524590277777 0.007722456249999965 0.012203387500000041
2 0.55344269140625 0.5162033055555556 0.010296607812500014 0.015254233333333329
7 0.8274182648437499 0.4156778881944444 0.03689617968750003 0.08389829027777777
6 0.63950516484375 0.4820338069444445 0.006006354687499993 0.021355927777777752
6 0.5914543265625001 0.4385592395833333 0.006006354687499993 0.019830506944444437
6 0.573521077734375 0.4065253465277777 0.006864405468749979 0.02593219861111109
6 0.5456344304687499 0.40805077013888885 0.006006354687499993 0.02593219861111109
7 0.30623828945312503 0.4225422916666667 0.014586861718749988 0.04271185555555558
7 0.086039089453125 0.3752064965277778 0.02402541953125 0.041186431944444456