2 0.41807715546875 0.635734375 0.009465898437500009 0.018698069444444423
2 0.41176655703125 0.6385390854166666 0.013672964062500004 0.024307490277777708
2 0.490649039453125 0.62732024375 0.007362364843750057 0.01682826250000002
2 0.49538198828124996 0.639473988888889 0.010517664062500032 0.02617729722222219
2 0.502744353125 0.639473988888889 0.014724729687500026 0.03739613888888892
2 0.5197172308593749 0.6374172041666667 0.046277722656250034 0.04674517499999998
2 0.45909604609375004 0.64414850625 0.03681182499999993 0.054224401388888864
2 0.37074766640625 0.6404088923611111 0.019983562499999996 0.028047104166666594
2 0.28082163671875 0.6422786993055556 0.08834837968750002 0.11031861250000005
2 0.23664744648437502 0.6319947611111111 0.02524239453125001 0.03365652500000004
2 0.22455213281250003 0.6413437958333333 0.034708292187500024 0.05609420833333335
2 0.21193093554687498 0.6450834104166667 0.05784715390624999 0.0635734375
2 0.15513554804687502 0.6338645680555555 0.06415775234375001 0.08227150833333331
2 0.097288394921875 0.6413437958333332 0.14198846796875003 0.09349035000000004
2 0.039090649609375 0.6525626375 0.07677894921875 0.09722996388888892
7 0.31710757851562504 0.58384723125 0.019983561718749997 0.03739614027777781
7 0.5558585578124999 0.5707585819444445 0.013672964062500004 0.02617729722222219