2 0.26317461875000003 0.5754326805555555 0.08390572343749998 0.0892329333333333
2 0.07651144960937499 0.7097255993055556 0.14980864296875002 0.26632647361111106
2 0.349266494921875 0.5970725715277778 0.15394129453125 0.1414285402777778
2 0.6011110085937499 0.5091131326388888 0.02632361249999997 0.04142803194444448
2 0.711906723046875 0.5095215625 0.03202805546874998 0.04959182777777771
2 0.68866055390625 0.5095215611111111 0.018596934375000006 0.04224488888888895
2 0.67626259765625 0.4948276888888889 0.014464282812499984 0.034897952777777796
2 0.9397191750000001 0.6233990881944445 0.11778058906250007 0.21122444583333339
2 0.796626092578125 0.6794194833333332 0.2551912726562501 0.3710203277777777
2 0.46756366171875 0.6191133840277778 0.15290812968749995 0.17816322638888885
2 0.63472798046875 0.5507141583333333 0.0681887609375 0.10102038888888884
7 0.40639894570312496 0.3817346027777778 0.01653060859374995 0.01653061111111111
6 0.11711329492187499 0.2908162555555555 0.016530608593750017 0.04040815555555556
6 0.101099266796875 0.294489725 0.011364792968750004 0.044081624999999985
6 0.21939643593750002 0.42673459374999995 0.018596934374999964 0.033061215277777715
6 0.5143644851562501 0.3348978770833333 0.02789540312499996 0.06612243194444443
6 0.6481591 0.3560203243055555 0.024795914062499945 0.049591826388888864
7 0.677604246484375 0.3477550194444444 0.03409437890625 0.044081624999999985
7 0.79501887578125 0.3306121409722222 0.02026588906249991 0.05086340694444442
7 0.8874074847656249 0.2638539201388889 0.02145799921875007 0.027551012500000027
6 0.656495589453125 0.43975653333333325 0.01072899921874999 0.02331239444444443
6 0.598082146484375 0.44081618819444446 0.008344777343750031 0.02119308472222217
2 0.584968924609375 0.5043954458333333 0.01788166640624995 0.02967031944444448
6 0.412947291015625 0.46094961944444446 0.014305333593750014 0.02331239444444443
6 0.19634069687499997 0.4274645375 0.025034332812499983 0.03602824722222222
7 0.4199807390625 0.3320956666666667 0.027418554687499964 0.014835161111111085
7 0.16629949609375 0.4677314006944444 0.025034332812499983 0.0148351597222222
2 0.18665053515625 0.6062736416666666 0.0739108875 0.06145995000000003