2 0.5497916257812501 0.43186153194444443 0.023395389062500004 0.017329916666666712
2 0.56977518515625 0.4344610194444444 0.022420579687500018 0.019062911111111133
2 0.5522286449218751 0.45265743402777775 0.05361443046874994 0.04505778472222228
2 0.587321726953125 0.4474584590277778 0.028269427343749952 0.034659834722222234
2 0.597069805078125 0.4587229048611111 0.034118274218750064 0.04332479305555555
2 0.629725867578125 0.48731726875000003 0.06823654921875004 0.09704753749999995
2 0.810552724609375 0.45265743263888886 0.08480828203124995 0.07278565138888896
2 0.8490576335937501 0.4491914486111111 0.08773270624999992 0.0831836027777778
2 0.8802514859375 0.46998735 0.0877327062500001 0.10397950277777773
2 0.9051090859375 0.4708538465277778 0.08870751406250008 0.10917847916666672
2 0.44353756914062503 0.45352392986111106 0.015596925781250003 0.025994873611111066
2 0.42452881640625 0.45005794513888886 0.02242057968749993 0.0329268430555555
2 0.405520062890625 0.4500579458333334 0.019496157031250006 0.022528891666666655
2 0.39138535078125003 0.45179093888888894 0.022420579687499977 0.0329268416666667
2 0.366040346484375 0.4474584590277778 0.030219042968749978 0.024261881944444418
2 0.335821303125 0.4604558972222222 0.036067890625 0.03985880833333329
1 0.33484649453125004 0.4483249527777778 0.08285866718750001 0.07105266111111111
2 0.25929888749999996 0.46392188055555555 0.027294620312500007 0.029460861111111094
2 0.228592440625 0.47691931736111115 0.05946327812500003 0.05545573472222224
3 0.15548185234375 0.49164974652777776 0.036067890625 0.07105265972222223
4 0.07944683984375 0.4890502590277778 0.016571734375 0.055455734722222164
4 0.793493585546875 0.4899167555555555 0.031193850781250098 0.09531454444444441
2 0.357267076171875 0.5479719770833333 0.16279291015625003 0.1698331902777778
9 0.522984409765625 0.4257960625 0.01852134921875006 0.07798462777777779
9 0.47960546054687503 0.4257960611111111 0.06823654921874996 0.16116823055555554
2 0.5497916249999999 0.5566369381944445 0.13257386718750003 0.18369712361111112
7 0.7754596417968751 0.3478114326388889 0.012672502343750036 0.032926843055555544
7 0.7627871390625 0.14851738472222223 0.08870751406249999 0.046790775
7 0.3402079375 0.37813878958333336 0.025345003124999987 0.045057784722222195
7 0.213482918359375 0.3408794666666667 0.04484116171875001 0.043324794444444474
7 0.21689474609374998 0.39286922152777776 0.039967121875 0.0675866791666667
6 0.76327454296875 0.307952625 0.013647310937500023 0.07105266111111111
6 0.338258322265625 0.3062196326388889 0.01559692578124996 0.0779846263888889
2 0.664331546875 0.5167781263888889 0.08870751406250008 0.13170737222222226
7 0.259786290625 0.5150451368055556 0.05556404687500001 0.09358155416666665