7 0.840771767578125 0.42891545347222226 0.030219044531249926 0.019062909722222247
7 0.805191280859375 0.4193839979166667 0.0331434664062499 0.027727868055555563
6 0.8061660890625 0.5242299972222223 0.02339538750000001 0.046790777777777806
6 0.38407429140625 0.6126125743055556 0.005848846875000024 0.015596926388888871
6 0.403083044921875 0.6117460791666667 0.0048740398437500335 0.017329916666666632
7 0.43037766484375 0.615212061111111 0.006823654687500014 0.017329916666666712
7 0.42452881640625 0.6238770222222223 0.006823654687499925 0.01386393611111111
2 0.40795708320312496 0.6386074520833332 0.010722885156250061 0.019062906944444475
2 0.41721775820312496 0.64293993125 0.011697694531250047 0.024261881944444418
2 0.42891545234374995 0.6472724104166667 0.009748078124999981 0.03639282361111119
2 0.44402497343749997 0.6498718986111112 0.018521350000000058 0.05198975277777775
2 0.45621007109375 0.6602698493055555 0.02534500468750007 0.06238770138888891
2 0.372376596484375 0.6420734354166667 0.02144577265625003 0.02252889027777777
2 0.31632514609375006 0.6464059124999999 0.043866353125 0.048523769444444455
2 0.23785311484375 0.6654688215277778 0.10332963281249999 0.11784343750000004
2 0.503000848046875 0.6594033527777778 0.07993424296875 0.10224651111111108
2 0.1384227140625 0.6628693340277778 0.10138001562499999 0.1126444625000001
2 0.9392273597656249 0.700128657638889 0.11795174921875003 0.12824138750000008