2 0.35207013476562504 0.6898349472222222 0.019073777343749976 0.027551011111111183
2 0.33478452382812496 0.6908946020833333 0.020265888281249998 0.03814755416666663
2 0.31988313437500004 0.6972525284722222 0.021458000000000022 0.05086340694444434
2 0.251932803125 0.7152666513888889 0.05245288750000001 0.08265303611111108
2 0.203056249609375 0.7120876881944445 0.09298466484375001 0.12291989861111108
2 0.13033747304687499 0.7343404291666666 0.14782177578125003 0.15470952777777774
2 0.43194157734375 0.6802980590277777 0.011921110937499969 0.016954468055555498
2 0.39975457734375 0.6813577131944445 0.016689554687499976 0.019073776388888873
2 0.376508411328125 0.6788851874999999 0.022650110156250004 0.021193086111111134
2 0.52969468671875 0.6933671291666667 0.040531778124999994 0.05298271388888883
2 0.5815515175781251 0.6891285145833334 0.044108110156250026 0.057221334722222156
2 0.668774319140625 0.6817109326388889 0.07391088671875004 0.06781787638888888
2 0.9077925925781252 0.6340264888888889 0.02741855546875005 0.06145995000000003
2 0.481016823046875 0.673233698611111 0.008344777343750031 0.038147555555555594
2 0.9369993136718751 0.6209574180555555 0.02145799921875007 0.025431702777777804
9 0.8551410136718751 0.63755866875 0.0906004429687501 0.1716639958333333
7 0.5535369078125 0.5700940138888889 0.019073776562500023 0.04238617222222227
7 0.77228929140625 0.5753922833333334 0.027418554687499964 0.04874409999999993
9 0.27875530195312503 0.6725272604166667 0.06795033203125 0.1313971319444445
7 0.471281242578125 0.6213106388888889 0.009536888281250011 0.03178962777777786