2 0.67708834375 0.45282682500000004 0.12531640624999998 0.20421932777777782
2 0.06835440312499999 0.4359491875 0.13670880624999998 0.0928269638888889
2 0.223575859765625 0.4275103715277778 0.13955690546875 0.08607591250000005
2 0.31044291210937497 0.4337550965277778 0.03607593671875002 0.04725736250000002
2 0.36550618203125 0.42194075833333333 0.12151893906250004 0.06751052222222222
2 0.434335266796875 0.42194075694444444 0.05031643515624999 0.047257363888888904
2 0.488620571484375 0.4227846416666667 0.06964657578125007 0.03881855277777772
2 0.741930079296875 0.4362867465277778 0.019936702343749956 0.03544302361111112
2 0.762816146484375 0.4438816743055556 0.01993670078125005 0.027004206944444477
2 0.7903477808593751 0.43628674513888893 0.02563290078125009 0.04556960416666666
2 0.778480696484375 0.4354428618055555 0.015189867968750015 0.030379737499999965
2 0.751898428515625 0.4371306256944445 0.0075949335937500525 0.02362868749999999
7 0.7623414625 0.3440223534722222 0.04556960156250005 0.032067493055555556
7 0.4912972703125 0.17102664444444443 0.10727843749999995 0.0405063111111111
7 0.24588597695312497 0.08917013750000001 0.06645566953124997 0.021940922222222218
7 0.27721507734374995 0.11617434652777778 0.1215189390625 0.02869197361111111
7 0.242563191796875 0.17299571041666667 0.18132904140625 0.06919828750000002
7 0.27579102734375 0.24078752152777774 0.11677210468750002 0.03600559861111109
7 0.051740484765625004 0.3518985909722222 0.008544300781250003 0.01518986805555554
7 0.23132902031249997 0.3116735673611111 0.055063268749999984 0.0405063125
7 0.64018962421875 0.3218001465277778 0.00949366562500007 0.023628681944444414
2 0.13148728984375 0.37158915833333334 0.02943036874999998 0.015189866666666616
7 0.705986561328125 0.34641540555555556 0.04011796015625002 0.03566040833333335
2 0.5841998953124999 0.35787767986111113 0.022924548437500025 0.028018893055555574
2 0.5584097777343751 0.36297202430555553 0.02579011796874999 0.022924548611111106
2 0.53275695703125 0.4317456708333334 0.024357332812500056 0.017830205555555523
2 0.5585470746093749 0.42537774097222225 0.02435733359375005 0.020377376388888833
9 0.894513306640625 0.3259584291666667 0.20775372421875 0.6444345416666667