2 0.393334966015625 0.6100130868055555 0.018521349218749972 0.027727868055555563
2 0.40649487187499994 0.6108795840277778 0.009748078124999981 0.02252889305555554
2 0.41624295 0.6143455673611111 0.00974807812500007 0.025994876388888834
2 0.42745324023437503 0.6108795840277778 0.016571733593749992 0.02252889305555554
2 0.43622651093750003 0.6169450548611112 0.016571732812500083 0.034659834722222234
2 0.450848628515625 0.6204110381944444 0.012672502343749947 0.027727868055555563
2 0.46059670703125005 0.6221440291666667 0.010722885937499971 0.024261883333333303
2 0.468882573828125 0.6204110388888888 0.00974807890624998 0.041591802777777784
2 0.491790558203125 0.6238770208333334 0.034118274218750064 0.055455736111111126
2 0.36652775000000004 0.6238770215277777 0.03509308281250001 0.06238770138888891
2 0.336796110546875 0.6169450548611112 0.028269427343749997 0.045057784722222195
2 0.310963703125 0.6178115506944445 0.021445771874999985 0.03639282638888888
2 0.28951793007812504 0.6169450534722223 0.011697694531250002 0.020795898611111124
2 0.2748958125 0.6195445423611111 0.015596925000000006 0.025994876388888914
2 0.260761098828125 0.6212775340277777 0.014622117968750015 0.02946085972222221
2 0.24955080859374998 0.6264765090277777 0.015596925000000006 0.039858809722222256
2 0.22761763124999995 0.6238770215277777 0.036067890625 0.04852376805555557
2 0.18618829921875002 0.6247435166666667 0.04094192968750001 0.057188727777777774
2 0.159868486328125 0.6325419805555555 0.027294621093750006 0.055455736111111126
2 0.126725019140625 0.6351414673611111 0.05069000859374999 0.06758667638888885
2 0.08675789765625 0.6455394173611111 0.0760350125 0.07105265972222223