6 0.2714148734375 0.4409150229166667 0.010438143750000028 0.041237123611111155
6 0.47611851601562505 0.4089562541666666 0.0046391757812499716 0.026804127777777766
6 0.280693226171875 0.4378222375 0.010438146093749979 0.03917526388888888
6 0.595753483984375 0.4765662868055556 0.016589486718750025 0.02354284583333334
4 0.918579928515625 0.4924614215277778 0.031314436718750116 0.12371135972222223
7 0.586298946875 0.4532861576388889 0.016237117187500073 0.02061855972222225
6 0.48539686914062496 0.4099871826388889 0.0046391757812499716 0.028865984722222196
2 0.41103118789062504 0.5478565548611111 0.012989308593749981 0.012001595833333312
2 0.41346656328125003 0.535670188888889 0.015077321875000039 0.024742272222222222
2 0.4007088281250001 0.5459794694444444 0.01739690781250003 0.024742272222222222
2 0.3879510953125 0.5511341090277778 0.015077323437500035 0.022680415277777793
2 0.379832537109375 0.5501031819444445 0.01739691015624998 0.028865986111111082
2 0.36881449374999997 0.5511341097222222 0.01159794062499997 0.026804127777777766
2 0.350837685546875 0.5552578215277778 0.02899484765625 0.03505155138888891
2 0.338079953515625 0.5635052451388889 0.02667526171875001 0.03092784027777774
2 0.312564484375 0.5676289576388889 0.03131443750000003 0.03505155416666668
2 0.289368604296875 0.5810310215277777 0.03827320234374998 0.04123712083333331
2 0.2522551953125 0.5892784472222222 0.0429123765625 0.05360825555555553
2 0.507989774609375 0.5268042104166667 0.009278352343750029 0.01855670416666663
2 0.512354581640625 0.5268481784722222 0.00409043828125002 0.022768351388888892
2 0.52190730234375 0.5288660652777778 0.009278351562500032 0.030927836111111162
2 0.52828616953125 0.5278351381944445 0.010438143749999984 0.03298969583333336
2 0.6187731800781251 0.5532861736111111 0.06726805234375002 0.0927835194444444
2 0.702278346875 0.5378222541666667 0.11829898906250005 0.18969075277777775
2 0.815938159765625 0.5934923659722222 0.21572168515625006 0.19381446527777782
2 0.212845277734375 0.6141109270833334 0.06958763984375001 0.06185568194444444
2 0.45350253320312495 0.5347294701388889 0.012757733593749964 0.01855670416666663
2 0.43958500429687497 0.5336985416666666 0.010438146093749979 0.020618561111111135
2 0.4900360453125 0.527512975 0.016237117187499983 0.0164948472222222
2 0.47031954609375 0.5429768923611111 0.02783505625 0.04329897361111116
2 0.5457061566406249 0.5357603979166667 0.03479381953125005 0.04123712083333331
2 0.9293437082031251 0.6419459819444444 0.13866675234374987 0.25773200277777786