2 0.61932784375 0.39566344375 0.030994910937499932 0.038265323611111055
2 0.590485357421875 0.40025527986111104 0.03013394296875003 0.050510226388888906
2 0.571544022265625 0.40561242638888884 0.024968124218749922 0.061224519444444465
2 0.668833607421875 0.3956634451388889 0.014636486718749975 0.026020420833333287
2 0.6843310628906251 0.40102059027777776 0.023246183593750035 0.033673486111111116
2 0.698967549609375 0.4079083451388889 0.031855882031250005 0.044387776388888904
2 0.7291014921875 0.42474509097222224 0.061128854687500046 0.08112248749999998
2 0.21165865664062497 0.37959200555555556 0.13172837734375 0.091836775
2 0.7960481964843751 0.46298346180555555 0.09859364921875002 0.11168084305555558
2 0.528926018359375 0.3987246673611112 0.08609697578125006 0.10561229305555556
2 0.363619822265625 0.42551039583333333 0.18424753046875003 0.16836742500000001