2 0.1573265140625 0.6095406229166667 0.2496183609375 0.3247482819444445
2 0.81675892890625 0.6954033875 0.3653418171875 0.4012596583333333
7 0.527450291796875 0.48627229375000003 0.01625866640625002 0.040806068055555596
7 0.612569196875 0.32049765069444447 0.014345882812500044 0.042506320833333354
7 0.23192510468750002 0.306895625 0.014345882812499999 0.049307330555555536
6 0.62356770703125 0.3451513131944444 0.009563920312499974 0.023803540277777754
6 0.8765334410156249 0.3051953722222222 0.01625866796875002 0.04250631944444447
6 0.382556876171875 0.40295990902777784 0.007651138281249992 0.023803540277777716
6 0.225708556640625 0.36045358749999995 0.011476707031249988 0.044206572222222226
2 0.30461091093750003 0.4633188826388889 0.03156094218750001 0.04590682638888895
2 0.367664481640625 0.44279439930555553 0.011476707031249988 0.023803537500000024
2 0.354274991015625 0.4572465486111111 0.030604549218749978 0.028904294444444485
2 0.330843383203125 0.4657478131944444 0.023909803906250016 0.03570530972222225
2 0.4121367171875 0.45554629444444444 0.014345882812500044 0.02210328611111107
6 0.63251680859375 0.38498580624999995 0.012433096874999983 0.027204043055555537
2 0.018581332031249998 0.4385437680555556 0.02677898125 0.039105813888888875
2 0.08122502109375 0.4470450319444445 0.0258225890625 0.02210328611111115
2 0.25194102617187497 0.4691483166666667 0.028691766406249996 0.03910581388888896
6 0.623431083984375 0.4249417465277778 0.011476707031249945 0.02550379305555555