7 0.21050428281249997 0.1822637888888889 0.05301589375 0.10949687777777779
6 0.18953363359375 0.30850904791666667 0.020111223437500002 0.07045597083333337
6 0.48204129062500006 0.05780973541666667 0.022412093749999952 0.09344288472222223
6 0.1793184625 0.4123458354166666 0.028067237499999998 0.05128334861111112
6 0.467397470703125 0.46293616597222226 0.007016810156249953 0.027720729166666618
6 0.507159391796875 0.4641012354166667 0.008576100781250063 0.025390590277777788
6 0.555887234765625 0.5204566784722222 0.01247432734374998 0.02079054861111113
6 0.5913611035156251 0.5294659138888889 0.008576099218749977 0.016632438888888858
6 0.4599908390625 0.49273594930555553 0.004677871874999973 0.0180184736111111
7 0.23038524257812498 0.31047215833333336 0.039761921093750006 0.047125238888888886
7 0.23155471093750002 0.3700717256944444 0.062371639062500026 0.04435316527777782
7 0.237012229296875 0.2543376854166667 0.03586369140625001 0.04851127361111109
2 0.374229835546875 0.5627307888888888 0.06860880234374997 0.10811084166666668
2 0.5083288593749999 0.5460983506944445 0.018711492187500057 0.038809018055555575
2 0.5862934078125001 0.5738190784722222 0.03430440156249999 0.04435316527777778
2 0.561344752734375 0.5599587159722222 0.029626528906250015 0.04435316527777778
2 0.41165281835937506 0.5606517340277778 0.01247432734374998 0.05128334861111112
2 0.52859964140625 0.5523355159722223 0.017152201562500035 0.03187883750000001
7 0.512363535546875 0.5067183944444444 0.01713866015625003 0.018749986111111148