6 0.40625116914062503 0.6091465930555556 0.00877327109374999 0.013863933333333339
6 0.16352401523437501 0.6334084777777778 0.008773271093750012 0.01386393611111111
6 0.12989314531249999 0.6299424944444445 0.009748078125000004 0.01386393611111111
6 0.438419828515625 0.6030811208333333 0.006823653906250016 0.015596924999999985
7 0.70405496640625 0.5242299958333334 0.025345004687499985 0.024261883333333303
2 0.7050297750000001 0.560622823611111 0.02339538750000001 0.03812581666666664
2 0.4138059312499999 0.6715342923611111 0.008773270312499993 0.015596926388888871
2 0.40210823515625 0.6819322423611112 0.022420579687500018 0.039858809722222256
2 0.34118274648437497 0.6698013020833333 0.015596924218750008 0.0329268430555555
2 0.248088596875 0.6845317305555555 0.04386635312499996 0.04505778611111108
2 0.278673192578125 0.665468825 0.036798997656249985 0.04505778611111116
2 0.316325146484375 0.6793327555555556 0.03996712109375 0.041591799999999936
2 0.16864175742187498 0.6957961777777778 0.09553116796875001 0.09531454444444441
2 0.062875106640625 0.6888642104166667 0.12185098203125 0.11611044305555546
2 0.4469493968749999 0.6724007909722223 0.022420579687500018 0.031193854166666708
2 0.425503624609375 0.675866775 0.014622117968750015 0.020795902777777778
2 0.37140178984375 0.6819322430555556 0.048740393749999986 0.06758667499999997
2 0.49958902109375 0.696662675 0.04581596718749994 0.062387702777777714
2 0.6817881546875 0.7538514006944446 0.20875392656249997 0.2564827763888889
6 0.507021916796875 0.6384836555555555 0.0068236554687500115 0.017329916666666632