2 0.017340063281250002 0.5027954145833333 0.03228839375 0.048897651388888935
2 0.0633809234375 0.51448833125 0.1195866484375 0.13181105972222218
2 0.36713101601562503 0.4592127256944445 0.030135830468750013 0.04677166527777775
2 0.3514651671875 0.4581497326388889 0.02032972812499998 0.04889765138888886
2 0.3598362328125 0.4326379152777778 0.03468012812499999 0.040393711111111154
2 0.522115309375 0.4368898861111111 0.009566931250000011 0.019133866666666676
2 0.5394553730468751 0.4464568166666666 0.03707186015625004 0.05952757499999998
2 0.560980969921875 0.4507087868055556 0.04424706015624995 0.06803151527777776
2 0.5579913039062501 0.4645276881944445 0.023917329687500023 0.057401590277777755
2 0.587887965625 0.46346469513888894 0.05979332343749997 0.07228348472222221
9 0.418314096875 0.4312205972222222 0.07223032968749998 0.15236225833333333
7 0.6476812890625 0.33803158958333335 0.019133864062500016 0.04251969583333338
7 0.5914755652343751 0.36566939236111107 0.016742130468750015 0.02976378749999995
7 0.49819798085937494 0.38267727152777775 0.021525596093750023 0.012755909722222153
7 0.519125643359375 0.3911812111111111 0.010762797656250012 0.012755908333333347
7 0.645887489453125 0.40818908958333333 0.010762797656250012 0.04251969583333338
2 0.382198933203125 0.45602374861111106 0.01435039921875001 0.027637802777777724
6 0.46738448281250006 0.38108278402777784 0.01076279843749992 0.020196856944444383
6 0.35278061054687504 0.37417333333333336 0.007175199218750006 0.019133866666666676
5 0.2343898296875 0.5052757430555556 0.2535236921875 0.3103937888888889
5 0.469975523828125 0.49358282569444445 0.11958664765624993 0.19346462083333335
4 0.79485260703125 0.44149619652777783 0.03109252812500003 0.12330712083333337
4 0.72130681875 0.4638190361111111 0.03228839531250003 0.09141734444444446
4 0.67287422578125 0.4468111583333333 0.016742129687500017 0.08291340833333333