2 0.064824722265625 0.5017011034722223 0.12964944453125 0.19236207916666667
2 0.157918870703125 0.46444177986111107 0.08773270546874998 0.0762516319444444
2 0.20665926328125 0.44451237499999996 0.05069000781249999 0.07105266111111111
2 0.23005465273437498 0.4427793861111111 0.02729462265625 0.046790777777777806
2 0.2524752328125 0.4349809229166667 0.021445773437500027 0.034659834722222234
2 0.2904927375 0.4384469055555556 0.025345004687500026 0.02772786944444445
2 0.31291331796875 0.4358474180555556 0.013647310937500023 0.022528894444444426
2 0.31876216523437495 0.44191288819444446 0.011697694531250002 0.03119384861111109
2 0.33484649492187496 0.44017989930555557 0.028269427343749997 0.04505778749999997
2 0.37286400078125 0.4523108409722222 0.05946327968749996 0.07278565138888896
2 0.52054738828125 0.47743921875 0.1286746359375 0.13344036249999994
7 0.4864291144531251 0.3630617673611111 0.03314346484374999 0.06065471249999995
7 0.373351405859375 0.3968551055555556 0.01559692734375 0.02426188611111115
7 0.19739858867187499 0.37605920625 0.016571733593749992 0.034659834722222234
7 0.101867419140625 0.2772786770833333 0.020470964843750005 0.04505778749999997
7 0.10089261249999999 0.33186791597222226 0.03606789062499999 0.06065471249999999
6 0.2592988875 0.382124675 0.007798464062499999 0.012130944444444462
6 0.2968289890625 0.3795251875 0.006823653125000018 0.017329916666666712
7 0.343619765625 0.3977216 0.012672501562499994 0.01906290833333328
7 0.189112721875 0.3448653541666667 0.019496156249999987 0.01386393611111111