7 0.748165021484375 0.3327344118055556 0.04191673671874998 0.1143774541666667
7 0.5761114371093751 0.5710207743055555 0.017546541406249984 0.015596926388888871
7 0.5868343234375001 0.5519578645833333 0.023395389062500004 0.012130943055555498
7 0.53029546796875 0.6412069375 0.01169769374999996 0.027727866666666677
6 0.39041054257812496 0.54589239375 0.008773271093750035 0.031193851388888857
6 0.49227796171874993 0.5571568395833333 0.007798462500000003 0.02946085972222221
6 0.399183812890625 0.5502248729166667 0.008773271093749946 0.032926843055555585
6 0.5000764249999999 0.55888983125 0.005848846875000024 0.029460859722222288
2 0.15401963984375 0.7217910541666667 0.1403723296875 0.15077028055555555
2 0.2510130203125 0.7165920791666666 0.07311058906249998 0.11611044722222211
2 0.37530102109375 0.7087936152777778 0.048740393749999986 0.06585368333333332
7 0.5522286449218751 0.612612575 0.014622117968750015 0.008664958333333396
6 0.563438934765625 0.6368744583333333 0.007798461718750005 0.01906290833333336
2 0.450361225 0.7365214826388888 0.13257386718750003 0.1767651541666667
6 0.44889901328125 0.6342749715277778 0.004874039062499946 0.02426188472222227
6 0.481067672265625 0.6360079631944444 0.00877327109374999 0.017329918055555598
2 0.880251484765625 0.7521184090277777 0.23590349921874995 0.49216965138888885
2 0.6833403 0.7330555 0.18911272187499995 0.22528892499999995
2 0.577573648828125 0.7027281451388889 0.07311058828124999 0.11611044583333323
2 0.518597773828125 0.6914636986111111 0.027294619531249963 0.05198975277777767