2 0.08226561875 0.5149999743055554 0.05653124687499998 0.02699999861111111
2 0.10799999062500001 0.508249975 0.05906249375 0.04049999722222219
2 0.14723436328125 0.5067499756944445 0.059906245312499995 0.03149999583333327
2 0.13753123984374999 0.48649997500000003 0.045562496875000004 0.0179999972222222
2 0.18731248515625 0.5007499763888889 0.050624996875000015 0.0375
2 0.23287498164062498 0.5067499736111111 0.04218749765625 0.01949999722222218
2 0.2531249796875 0.4984999715277777 0.03881249687500001 0.029999993055555525
2 0.292218734765625 0.49549997569444443 0.04556249765625 0.03599999861111114
2 0.318796857421875 0.49624997430555556 0.03628124609374996 0.03449999861111116
2 0.33314060664062495 0.49324997638888896 0.03121874765624999 0.034499997222222197
2 0.357187479296875 0.4782499777777778 0.01856249765625 0.013500002777777808
2 0.35465623007812497 0.4939999756944444 0.016874997656250022 0.014999998611111051
2 0.37828122890625 0.49174997430555556 0.011812498437500008 0.025499998611111133
2 0.44648435625000005 0.4752499777777778 0.031218748437499944 0.04949999722222221
2 0.6629062140624999 0.49774997500000007 0.03881249687500006 0.0674999944444444
2 0.692859337109375 0.47749997638888886 0.014343749218750012 0.032999997222222216
2 0.71310933515625 0.4774999770833333 0.0059062499999999575 0.020999998611111122
2 0.724078083984375 0.4789999770833333 0.010968749218750063 0.029999998611111068
9 0.39220310234375 0.48149996111111115 0.03796874687500003 0.029999997222222182
7 0.200812483203125 0.320249975 0.04387499609375001 0.06899999444444446
7 0.201656232421875 0.3704999708333333 0.030374996093750006 0.03749999722222219
7 0.24876561328125 0.45374996458333333 0.010968748437499976 0.02249999861111118
7 0.40485935078125 0.4604999625 0.01434374843749997 0.014999997222222245
7 0.41624997500000005 0.43649996527777774 0.015187499999999955 0.032999997222222216
7 0.7060781023437499 0.412749975 0.03796874531250003 0.03149999722222216
7 0.7723124730468751 0.34224998125 0.02362499921875001 0.049499995833333324
7 0.04767187109375 0.2771785479166667 0.0953437421875 0.23249998194444446
2 0.5537410453125 0.5795356729166667 0.273374978125 0.3434999680555555
2 0.9513280492187501 0.6359999479166667 0.09618749218749993 0.2624999736111111
4 0.0982968671875 0.5021999638888889 0.014343748437500003 0.06599999444444443
4 0.8378436828125 0.4864499659722223 0.03374999687500004 0.16049998750000002
4 0.8758124300781251 0.4834499652777778 0.040499997656249856 0.19949998333333335
4 0.9572342980468751 0.4579499673611111 0.037968746093750026 0.15449998750000005