2 0.42332481289062496 0.5043299923611111 0.009278350781250033 0.012371137499999997
2 0.365335111328125 0.5249485520833334 0.023195878906250033 0.03298969583333336
2 0.380992330859375 0.5197939111111112 0.01275773359375001 0.02268041388888891
2 0.392590270703125 0.5177320562500001 0.010438146093750022 0.01855670416666671
2 0.38331191953125004 0.5012372104166667 0.010438146875000021 0.01855670416666671
2 0.39317016796875 0.49608256875000006 0.011597940625000015 0.016494848611111085
2 0.40418821171874997 0.4929897840277778 0.010438146875000021 0.014432993055555541
2 0.40418821171874997 0.5115464895833333 0.010438146875000021 0.014432993055555541
2 0.41462635820312493 0.5094846333333334 0.008118560156249987 0.018556705555555515
2 0.416366048828125 0.4898970006944445 0.009278352343750029 0.012371137499999997
2 0.43376295742187504 0.5032990625 0.00927835234374994 0.014432988888888885
2 0.44130161992187505 0.5125774166666667 0.008118558593749992 0.020618561111111135
2 0.45579904492187495 0.4981444243055555 0.02783505546875 0.05773196527777781
2 0.4621779113281249 0.5197939131944445 0.01971649765625001 0.03917526527777777
2 0.48305420351562506 0.5218557708333333 0.04059278828124997 0.05567011388888893
2 0.4221650171875 0.5630928875 0.06958763906250005 0.10515465833333329
1 0.30792530703125004 0.4929897840277778 0.09626290156250002 0.18762889583333334
2 0.25341498984375 0.5383506180555555 0.017396910937499975 0.03917526388888888
2 0.23833766718750002 0.5301031909722222 0.019716498437499962 0.03917526527777777
2 0.21282220078125 0.5579382500000001 0.0661082578125 0.07835052777777783
2 0.142074765234375 0.5610310333333334 0.07074743515625001 0.0639175361111111
2 0.070747434375 0.569278457638889 0.046391760937500005 0.0597938263888889
2 0.536984623828125 0.5432990583333334 0.06958763984375001 0.10515465833333337
2 0.57177844375 0.5226804993055555 0.02087629062499996 0.04742269027777779
9 0.597873808984375 0.5360825645833334 0.05914949453124994 0.07835052916666664
2 0.62280938125 0.5288660673611111 0.02319588125000003 0.047422687499999935
2 0.647165055078125 0.5226804986111111 0.03711340859375003 0.05567011111111108
2 0.67673980234375 0.5371134916666667 0.06842784843749997 0.0639175361111111
2 0.730090326171875 0.5350516361111111 0.04523196484375003 0.05567011111111108
2 0.9113081402343749 0.5371134923611112 0.10090207734375004 0.08865980694444443
2 0.8736148339843751 0.5618557638888889 0.07886599296874994 0.08865980833333333
2 0.7883699753906249 0.57216504375 0.15425260234374996 0.12989692638888886
9 0.039432996484374996 0.4903093659722222 0.07886599296874999 0.3670103708333334