2 0.039989579687500006 0.81124865 0.0783947015625 0.2828969638888888
2 0.554820453515625 0.715562911111111 0.31240873515625 0.42434544722222217
2 0.9473789937500001 0.5845150513888888 0.10296617500000008 0.18721122499999998
2 0.8005351882812499 0.5751544909722223 0.10881652656250003 0.1144068569444445
2 0.727405803515625 0.5772346145833332 0.042122527343749994 0.06448386805555555
2 0.68060299609375 0.5699541798611111 0.05148308749999995 0.07488449305555554
9 0.29952768007812497 0.5500714506944444 0.13499302265625004 0.3351431680555556
9 0.40505147265624997 0.5616336798611111 0.090095403125 0.19137147638888882
6 0.5098898953125 0.4701081930555555 0.00959484843749996 0.029121749999999953
6 0.450684207421875 0.5262715597222223 0.005850349218749962 0.024961497222222167
6 0.6601267675781249 0.5210712458333333 0.005850350781250046 0.01872112222222226
7 0.65310634765625 0.48570912708333336 0.012870773437500028 0.010400623611111114
7 0.660711859375 0.4940296256944444 0.011700814062499986 0.01456087361111113
7 0.489881559765625 0.4701081923611112 0.018721122656249988 0.0166409986111111
7 0.45126924335937507 0.4888293125 0.009360561718750039 0.02080124722222223
7 0.38962137890625004 0.44618675555555554 0.015649274999999997 0.03952236944444441