7 0.803715284765625 0.28673482222222224 0.055963036718749935 0.09489800277777781
2 0.05134373125 0.5013056312499999 0.1026874625 0.1362245541666666
2 0.538106109765625 0.4642859388888889 0.02927297265625004 0.024489808333333387
2 0.5613522921875 0.45969410000000005 0.02410715468750002 0.033673486111111116
2 0.57168393046875 0.46275532638888894 0.022385214062499957 0.03061225833333331
2 0.460188344921875 0.4688777791666666 0.035299761718749954 0.03979593888888889
2 0.39001930703125 0.47270430902777777 0.032716851562499996 0.0413265486111111
2 0.364333726953125 0.4811226805555555 0.03013394140625003 0.03673471111111116
2 0.33233433437500004 0.47959207083333333 0.041326550000000004 0.05204084166666666
2 0.191565775390625 0.49566350625 0.06801661328125 0.0596939069444444
2 0.129145466796875 0.5079084076388889 0.07404340078125 0.08112248472222221
2 0.293160208203125 0.48627572569444444 0.05079721640625001 0.05663267916666667
2 0.431431959765625 0.4725002090277778 0.04735333828124997 0.04744900138888886
2 0.60388419375 0.46867367638888885 0.044770428124999914 0.05816329166666666
4 0.683814483203125 0.4660716402777778 0.018080366406250013 0.10867351944444445
4 0.7617322484375 0.48137776666666665 0.03960460937499999 0.23418378055555555
4 0.72298860859375 0.47219408888888886 0.03788267031250001 0.23418378055555555