6 0.6702483472656249 0.10746710694444445 0.015986841406250018 0.08348684444444444
6 0.19613855742187497 0.22229843402777777 0.01498766484374998 0.06446528750000001
6 0.685735600390625 0.11190789583333333 0.014987664843750003 0.07460526388888888
6 0.6517635609375 0.11013158055555555 0.020982731249999987 0.07460526388888887
6 0.40396750625 0.37302631736111114 0.008992599999999972 0.03552631805555555
6 0.5118786914062501 0.43519737152777777 0.006994243749999995 0.024868423611111093
6 0.45292721132812497 0.4254276333333334 0.008992597656249934 0.019539474999999997
6 0.444434201953125 0.45740131875 0.007993421093750008 0.023092104166666714
6 0.42295188046875004 0.4689473722222222 0.006994243749999995 0.021315788888888833
6 0.396473674609375 0.4565131611111111 0.007993421093749963 0.021315788888888913
6 0.38848025273437503 0.4698355277777777 0.005995064843749986 0.015986841666666626
6 0.22461512109375 0.38457237083333334 0.00799342031250001 0.03730263333333331
6 0.40796421718750003 0.4476315805555556 0.006994243749999995 0.021315788888888833
7 0.055254511328125 0.24157894722222223 0.06494654609374999 0.05684210555555558
7 0.40246873945312495 0.4067763194444445 0.021981908593749953 0.024868425000000055
7 0.5548433292968751 0.3792434229166667 0.008992597656250023 0.02664473750000001
7 0.5538441519531251 0.4360855277777778 0.008992597656250023 0.03019736666666672
7 0.561337982421875 0.40855263263888886 0.011990132031249967 0.014210526388888903
7 0.9080526250000001 0.13233552708333335 0.07793585625000006 0.08703947361111111
2 0.356383761328125 0.49451874166666665 0.013988488281249989 0.026274319444444433
2 0.377366490234375 0.49559210624999994 0.023980263281250025 0.03552631527777782
9 0.465294122265625 0.45917763472222217 0.03197368359374995 0.030197366666666645
2 0.5102571164062499 0.5160197395833332 0.029975329687500007 0.055065790277777735
2 0.55372134296875 0.5106907916666666 0.024979440625000036 0.05151315833333333
2 0.57820119453125 0.5071381611111111 0.039967104687499956 0.06572368611111111
2 0.71259058828125 0.5222368465277778 0.05495477031250005 0.06394736805555555
2 0.625162545703125 0.5453289493055555 0.12389802578125 0.1243421041666666
2 0.262960650390625 0.5177960555555556 0.058951480468750005 0.05861842222222222
2 0.468791244140625 0.5302302666666667 0.07493832265625003 0.11546052777777784
4 0.12369817890624998 0.51157895 0.013988487500000013 0.04973684166666664
2 0.11570475859375 0.5124671090277778 0.053955593749999996 0.051513159722222215
2 0.8366797187499999 0.6572368472222222 0.32563454218749993 0.3978947388888888
2 0.08033387656249999 0.6803289527777778 0.16066775312499998 0.5400000027777778
2 0.43392120624999997 0.5111715263888889 0.018457018749999943 0.0773436972222222
2 0.41941926328125 0.4947652847222222 0.013183584375000024 0.025781233333333296