6 0.383586887109375 0.35612979930555555 0.016571733593749992 0.06758667638888889
6 0.078472031640625 0.3968551041666667 0.022420580468750007 0.03812581666666664
6 0.781308488671875 0.28681013125 0.016571733593749992 0.05372274583333332
6 0.755476080078125 0.42458297291666663 0.017546539843749986 0.031193851388888937
6 0.631188080078125 0.15077028055555555 0.014622117968750015 0.07278565277777779
6 0.5980446132812499 0.14210532152777777 0.022420579687500018 0.07625163472222223
6 0.779358873046875 0.42284998124999995 0.01852134921875006 0.034659834722222234
6 0.6160785582031251 0.1464378013888889 0.019496155468749964 0.08838257777777779
6 0.4016208328125 0.40552006319444445 0.007798464062500043 0.02772786527777779
4 0.8787892730468749 0.5346279479166667 0.03216865859374991 0.11264446250000001
4 0.20617185976562497 0.48957016319444446 0.010722886718750014 0.03639282638888888
0 0.099917804296875 0.5259629888888889 0.022420580468750007 0.057188727777777774
2 0.025832407812500003 0.4991016173611112 0.051664815625000006 0.06238770138888891
2 0.43427689492187493 0.5051670881944444 0.020470963281249956 0.02946085972222221
4 0.5010512328125 0.509499567361111 0.007798462500000003 0.034659834722222234
2 0.5185977738281251 0.5172980298611112 0.035093082031249966 0.04332479305555555
2 0.5551530679687501 0.5216305104166666 0.03801750625000002 0.05545573750000001
2 0.578061052734375 0.5276959805555556 0.04874039296874999 0.060654711111111065
2 0.61705336640625 0.5346279472222223 0.07603501250000004 0.07798462777777779
6 0.5424805660156251 0.24608482430555556 0.018521349218749972 0.07971761805555554
6 0.524934024609375 0.24955080902777776 0.018521347656250065 0.09011557083333335
7 0.47278180507812506 0.3102055180555556 0.017546541406249984 0.03812581666666664