2 0.643330464453125 0.45966088194444443 0.06731305078125001 0.1140582222222222
2 0.865253182421875 0.4129157111111111 0.12621197265624992 0.09536015833333332
2 0.78952599921875 0.4437675256944445 0.17038616093749992 0.13462610416666673
2 0.397743001171875 0.4549863673611111 0.44910426484375005 0.6095570763888888
4 0.7237905953125001 0.44657223333333335 0.03260475781250003 0.1290166833333333
4 0.6654175578125 0.4222647423611111 0.02524239374999997 0.054224404166666636
6 0.19527796328125 0.20567876874999996 0.010517664062499987 0.04487536805555554
6 0.60231157265625 0.1819945388888889 0.010517665625000028 0.05609420833333335
6 0.5865350765625 0.18448761458333335 0.01682826249999998 0.052354595833333344
6 0.92783328515625 0.19290173680555556 0.02839769375000003 0.0878809263888889
6 0.97253335703125 0.2904433402777778 0.04207065624999995 0.05983381944444446
7 0.196855614453125 0.2630195125 0.028397692968750034 0.01869806944444446
7 0.65174459765625 0.22063721736111108 0.023138860937500016 0.042382287500000025
7 0.653322248046875 0.27018710902777776 0.028397694531250028 0.03178671805555556
7 0.649641064453125 0.32347660763888886 0.014724730468750025 0.011218840277777769
7 0.65384813203125 0.3412397743055555 0.025242395312499964 0.01682826249999998
7 0.8878661609375001 0.32441151180555555 0.015776496874999955 0.024307490277777788
7 0.9357215328125001 0.1177978388888889 0.03155299218749992 0.056094208333333326
7 0.9462391984374999 0.2648893173611111 0.03155299218749992 0.041135751388888885
2 0.9146862039062501 0.49207086805555555 0.1703861625 0.26364278333333335
2 0.052938909374999996 0.3742730256944445 0.10587781874999999 0.20006934583333336
2 0.050134197265625 0.5765238201388889 0.09886604609375 0.29916911805555557
2 0.9446615484375 0.630748225 0.10622840937500015 0.32908602777777773