2 0.20351680390625 0.5437398763888889 0.10622840937499997 0.15332417500000003
2 0.6221198433593751 0.5474794916666668 0.11043547578125006 0.13088649166666666
2 0.773048326171875 0.5886152458333334 0.24611334453125 0.25055413888888894
2 0.353393519921875 0.6338645680555555 0.31132286171874995 0.4083658333333333
0 0.5080031859374999 0.5272855680555556 0.008414131250000078 0.035526333333333326
0 0.514313783203125 0.5226110527777778 0.010517661718750038 0.0486149805555555
0 0.516417315234375 0.5244808597222222 0.008414130468750081 0.04487536666666661
0 0.50852906953125 0.5263506666666667 0.005258832812500014 0.029916911111111152
0 0.52115026484375 0.5282204729166666 0.00946589843749992 0.05235459305555557
0 0.525883214453125 0.53009028125 0.006310597656250039 0.059833823611111114
0 0.5321938136718749 0.5328949916666667 0.012621197656250072 0.06544324444444448
0 0.55638444140625 0.5487883506944444 0.025242396875000052 0.0635734375
0 0.537452645703125 0.5319600881944445 0.02103532890625006 0.06731305138888888
7 0.493278454296875 0.39078965763888884 0.023138861718750015 0.013088648611111135
7 0.5495479585937499 0.44033954513888884 0.01156943125000005 0.022437687500000043
7 0.47434666015625 0.4253810895833333 0.00841413124999999 0.018698070833333386
7 0.33972055820312497 0.40481321249999996 0.01262119921874998 0.018698069444444423
6 0.49485610507812494 0.43332776805555556 0.00946589765625001 0.024307491666666674
6 0.271355738671875 0.3622751027777778 0.008414130468749993 0.016828263888888903
6 0.49801140468750005 0.4510909333333334 0.011569431249999962 0.011218838888888883
2 0.47434666015625 0.48484095694444446 0.012621196875000074 0.031786719444444445
4 0.11937548984374999 0.5250418090277778 0.024190628124999992 0.08601112638888884
2 0.9251788390625 0.6979722479166667 0.14619553437499988 0.29916912083333336