2 0.5139819945312499 0.7006414986111111 0.01950239218749994 0.02166932499999995
2 0.49082290312500004 0.7017249645833333 0.024377990625000033 0.04117171805555557
2 0.4664449125 0.7060588305555555 0.036566985937500004 0.054173313888888845
2 0.41098498476562495 0.7277281541666667 0.06703947421875003 0.06717490833333338
2 0.35596139453125 0.7223108256944444 0.05275889843749999 0.04767251527777784
7 0.376246345703125 0.626965792361111 0.026815789843749993 0.047672515277777765
2 0.236072900390625 0.7374793527777778 0.16089473828124998 0.12134821944444438
2 0.57797421875 0.6865564409722222 0.013407895312499996 0.02383625694444444
2 0.600523861328125 0.697391098611111 0.031691388281249996 0.03683784999999994
2 0.62733965 0.7006415006944444 0.04631818281249993 0.1126804902777777
2 0.678533430859375 0.7168934944444445 0.09994976328125 0.1451844777777777
7 0.673048384765625 0.6117972673611111 0.030472488281249977 0.052006379166666665