6 0.247708789453125 0.11161420277777777 0.016742130468750015 0.07440947222222223
6 0.271028183984375 0.10736223541666666 0.017937996093749974 0.0701574986111111
6 0.52993327578125 0.18708666597222223 0.00956693124999992 0.046771665277777784
6 0.5448816062499999 0.1817717027777778 0.013154531250000013 0.04464568055555556
6 0.8528172230468751 0.2542045569444445 0.023917330468749932 0.04434694166666663
7 0.930548544921875 0.2912599236111111 0.03826772734375013 0.05527560555555553
7 0.93054854453125 0.24448825624999998 0.019133862500000022 0.02976378749999999
6 0.6273963953124999 0.35661727777777785 0.022721462499999935 0.024415463888888902
2 0.73263264296875 0.4443308326388889 0.13034944531250003 0.09779530694444445
7 0.790034234375 0.31996071666666664 0.022721462500000022 0.014881894444444457
7 0.78943630078125 0.3475985180555556 0.011958665625000009 0.027637800000000032
4 0.563417537109375 0.3879922354166666 0.007175199218750006 0.02763780138888884
2 0.517974610546875 0.3848032555555556 0.02152559765624993 0.025511819444444386
2 0.538902274609375 0.38267727222222225 0.01793799609374993 0.025511819444444386
2 0.277605450390625 0.5803938618055555 0.10045278359375001 0.0042519708333333345
2 0.416325961328125 0.5421261361111112 0.24874022734374995 0.3869292444444445
2 0.8570027546875 0.5772048847222222 0.2834203531250001 0.4188190138888888
2 0.2758116515625 0.5006694263888889 0.11121557968749998 0.15944885833333333