7 0.023110567578124998 0.5669998770833333 0.046221135156249996 0.06795917083333336
2 0.11182698906249999 0.6156733409722221 0.08161988125 0.04775509305555556
2 0.173300190234375 0.62118354375 0.08265304296875 0.036734687499999946
2 0.4415050031250001 0.6073468194444445 0.012397956249999975 0.011020405555555533
2 0.4270407203125 0.6064284513888888 0.012397956250000064 0.01653061111111111
2 0.4156759265625 0.6101019215277778 0.010331631249999963 0.016530609722222225
2 0.40069506289062495 0.6110202881944444 0.021696422656250026 0.018367343055555572
2 0.38571419921875 0.6110202881944444 0.020663260937500018 0.018367343055555572
2 0.37331624140624997 0.6146937548611111 0.020663260937500018 0.033061218055555563
2 0.44357132929687504 0.6192855902777777 0.016530608593749996 0.031224483333333334
2 0.482314943359375 0.6091835541666667 0.007232141406250036 0.014693874999999995
2 0.48954708515625 0.6101019208333333 0.013431120312499979 0.0202040777777778
2 0.502461621875 0.6073468194444445 0.014464282812499984 0.011020405555555533
2 0.5262243726562501 0.6275508965277778 0.012397956249999975 0.033061215277777715
2 0.31080987734375 0.6642855743055556 0.14567598906249998 0.17999996249999997
2 0.4632014265625 0.624795788888889 0.035127542187500006 0.05693876111111117
2 0.5071108578125 0.6449998638888889 0.046492335937499976 0.06428570000000002