6 0.53816749609375 0.47390471736111106 0.01043814531249998 0.020618559722222173
6 0.5120721312500001 0.4718428604166667 0.009278351562500032 0.02061855972222225
2 0.5058634921875 0.49896915416666665 0.012757734374999963 0.02886598333333331
2 0.49368565468750003 0.49896915416666665 0.020876292187499958 0.037113408333333334
2 0.48382740546875 0.5020619395833333 0.019716498437500007 0.03917526527777777
2 0.464690805078125 0.5041237944444444 0.032474232031250064 0.0762886722222223
2 0.42873718984375 0.5144330736111111 0.07190722812499999 0.10927836944444445
2 0.5493557667968749 0.4958763722222222 0.00927835234374994 0.03505155277777779
2 0.557474325 0.5010310104166666 0.016237115624999986 0.03711340694444445
2 0.57197175 0.5020619395833332 0.026675262499999963 0.04742268750000002
2 0.5922681445312501 0.50412379375 0.02319588124999994 0.05567010972222227
2 0.617783612890625 0.5041237951388889 0.04175258359375 0.08453609861111112
2 0.6317011402343751 0.5164949305555555 0.03479381796874996 0.08453609722222223
2 0.667074858203125 0.5216495694444444 0.07306702265624994 0.12371136111111111
2 0.5300489371093751 0.5027655736111112 0.01971649765625001 0.024732016666666665
2 0.744610829296875 0.53472946875 0.1472938382812501 0.1670103347222222
2 0.32418550234375 0.5491624597222222 0.16469074843749998 0.17525775833333335
7 0.94641498515625 0.2903995326388889 0.03827320000000008 0.05360825694444446
2 0.89248456484375 0.4986469888888889 0.06262887656250005 0.05773196944444447