2 0.18362284648437502 0.5377117625 0.04633473671875001 0.08999998333333331
2 0.674406391796875 0.5083473611111111 0.042516400781250054 0.07245761388888883
2 0.859509382421875 0.5262710861111111 0.10725633828125006 0.15254234444444445
2 0.113691715625 0.5933897173611111 0.17075208593750002 0.21050843472222225
2 0.5422880328125 0.6043727618055555 0.24711859687500004 0.3752541652777777
2 0.8303356582031249 0.4774575368055556 0.06778600390624998 0.08542371250000005
2 0.8886330402343751 0.6724282868055554 0.21855981171875002 0.49541425416666657
1 0.28963829921875 0.48095464027777773 0.2050467640625 0.19681717222222225
2 0.036643337890625 0.533624023611111 0.07328667578125 0.1358315694444444
4 0.7882215898437501 0.4837267125 0.021830073437500007 0.11088291388888886
4 0.718053495703125 0.4740244576388889 0.01715220078124995 0.06930182083333333
2 0.41126299570312497 0.5003591486111112 0.04443979296875002 0.08870632777777772
3 0.77821615546875 0.48719180347222224 0.014813264062499965 0.0401950569444444
6 0.13448884609374998 0.06583673055555556 0.0226097171875 0.10949687777777777
6 0.751188430078125 0.18295680833333333 0.01481326640624996 0.06098560277777777
6 0.10642160859375001 0.08316218402777778 0.030406171875 0.13305949305555553
6 0.49117665859375004 0.2723561576388889 0.00779645468750001 0.02079054583333332
6 0.627224796484375 0.29869084930555556 0.011694682031250014 0.0540554208333333
6 0.7293583554687499 0.18919397152777778 0.02105042812500004 0.06791578472222223
6 0.8077127265625 0.26196088402777773 0.015592907812499935 0.05544145694444447
6 0.8221361679687501 0.37145776180555556 0.02260971718749989 0.03326487361111109
6 0.702850408984375 0.4310573284722223 0.010135391406249994 0.01940450972222223
6 0.785941136328125 0.056134474999999996 0.027560449218750005 0.08454822222222222
6 0.37189089765625 0.3731903090277778 0.009355743749999989 0.02494865972222221
6 0.640478769921875 0.2973048145833333 0.010135391406249994 0.05128335138888885
6 0.809954208203125 0.05474843819444444 0.022024985156250045 0.0790040763888889
7 0.329010396484375 0.3666066347222222 0.04521943828125004 0.015246399999999957
7 0.7059689910156249 0.354825325 0.016372555468749984 0.011088291666666687
7 0.7137654449218751 0.36591361805555556 0.01325397109374995 0.008316222222222239
7 0.8225259914062502 0.22730997430555558 0.028067237499999998 0.01663243750000001
7 0.8225259914062502 0.3215604513888889 0.012474328124999979 0.03603694722222224