2 0.011096969921875002 0.5412838243055555 0.02048675234375 0.1578238680555556
2 0.9213916550781249 0.635978145138889 0.1556993164062499 0.3180757958333334
2 0.0629967421875 0.5352136749999999 0.08877592656250001 0.12140297500000001
2 0.20025798046875 0.49150860416666664 0.057362906250000026 0.048561188888888926
2 0.432441171484375 0.4939366645833333 0.040973505468750025 0.07769790416666661
1 0.465219975 0.47208412847222225 0.03277880312499999 0.058273426388888876
2 0.323178494140625 0.5024348722222223 0.04370507109375001 0.05584536944444444
2 0.40239393515625005 0.5206453180555555 0.051899771874999966 0.08255402222222222
2 0.364834890234375 0.4781542770833333 0.015023619531249999 0.021852534722222258
2 0.5594590351562501 0.49150860416666664 0.05463133906250004 0.02913671388888888
2 0.625699533203125 0.4842244263888889 0.045070855468750004 0.02913671388888888
2 0.68306243984375 0.4866524847222222 0.042339287500000024 0.024280594444444463
6 0.31703246875 0.3862348895833333 0.006828917187500005 0.026708654166666672
6 0.430392496875 0.3728805631944444 0.00682891718750005 0.029136715277777843
6 0.42424647070312493 0.3761757784722222 0.008194700781249953 0.026708654166666672
6 0.310886442578125 0.38467398611111114 0.008194700781249998 0.033992833333333375
7 0.5130223968750001 0.42473696805555555 0.010926267187500028 0.026708655555555558
6 0.22757365078124997 0.3907441354166667 0.005463134375000012 0.0364208930555555
7 0.9866341972656251 0.3355668284722222 0.026685538281249956 0.08850207361111112
7 0.99514396328125 0.2438465347222222 0.008194699999999954 0.08741014166666668
7 0.09031241171875 0.3676775708333333 0.009560484375 0.01942447777777782
7 0.091678194921875 0.38588801597222216 0.015023617968750003 0.007284179166666702
7 0.089629519921875 0.39924234375000006 0.010926267968750004 0.01456835694444444
2 0.23420723828124998 0.48138158125 0.0219819078125 0.02486842083333332