2 0.309520659765625 0.41623876111111113 0.01638940234374999 0.024280594444444463
2 0.276058964453125 0.42109487916666666 0.023218319531249997 0.02913671388888888
2 0.2473775109375 0.42473696875000005 0.042339287500000024 0.04127700972222222
2 0.050704689843750005 0.4271650291666667 0.036876153125 0.026708655555555558
2 0.019547765624999998 0.4356632354166666 0.039095531249999996 0.03399283472222218
2 0.060948067578125 0.4393053263888889 0.04916820390625 0.026708652777777706
1 0.487755403125 0.3749617479166667 0.08331279218750005 0.09712238194444443
2 0.573116869140625 0.3883160756944445 0.06282603984374999 0.05584536805555555
2 0.6591612292968749 0.3846739861111111 0.09014170859375001 0.02913671388888888
2 0.767058123046875 0.41502472986111116 0.060094474218750006 0.055845370833333324
2 0.8688089921875001 0.4672280083333334 0.18984390312500005 0.16025192777777772
2 0.680330873046875 0.502434873611111 0.2472068101562499 0.22580953333333328
7 0.395565017578125 0.35310921319444444 0.030047236718750002 0.029136715277777763
7 0.588823379296875 0.31668832013888887 0.017755185156249985 0.01456835694444444
7 0.5826773539062501 0.32518652847222224 0.016389401562499996 0.016996415277777763
7 0.751351612890625 0.3227584694444445 0.02048675234374997 0.04613313055555557
7 0.325910061328125 0.32640055902777776 0.008194700781249998 0.038848951388888865
7 0.2262078671875 0.3385408555555556 0.008194701562499995 0.01942447500000001
7 0.2685471546875 0.36039339236111106 0.013657835937500007 0.01456835694444444
6 0.292448366015625 0.35310921319444444 0.006828917968750003 0.029136715277777763
6 0.28561944765625 0.3603933916666667 0.006828917187500005 0.024280597222222235
6 0.009731187499999999 0.40774055 0.0122920515625 0.02185253611111114
6 0.42697803789062494 0.35310921319444444 0.008194702343749949 0.029136715277777763
7 0.2576208875 0.3907441375 0.010926268749999978 0.02185253611111114
2 0.40239393515625005 0.5522100923611112 0.26769356093749996 0.3739211652777778
2 0.88519839375 0.5971291944444445 0.22808583906249993 0.41519817499999995