2 0.1020032984375 0.3993839486111111 0.2024221390625 0.35778145277777784
2 0.747296994140625 0.5117106861111111 0.17083023984374995 0.34114045833333334
2 0.46648015546875 0.38898332430555554 0.03978238593750003 0.062403737500000035
2 0.39218070039062497 0.3879432645833333 0.029251753906249966 0.06448386805555555
2 0.34537789375 0.37442245138888886 0.09009540624999998 0.10816648888888886
2 0.408561680859375 0.38378301597222225 0.02457147109375004 0.06032362083333334
2 0.41733720859374995 0.38378301527777775 0.021061262500000046 0.056163369444444396
2 0.4337181902343749 0.3848230770833333 0.02340140234375001 0.04576274305555559
2 0.48929652265625007 0.38794326388888895 0.010530631250000066 0.0228813722222222
2 0.516793172265625 0.3879432645833333 0.014040839843749976 0.0270416236111111
2 0.5220584890625 0.3910634513888889 0.012870773437500028 0.024961494444444475
2 0.5325891199218751 0.39314357569444447 0.019891192968750016 0.045762745833333285
2 0.54662996171875 0.40146407430555553 0.029251753124999967 0.05408324305555554
2 0.548385067578125 0.40978457430555554 0.023401402343749923 0.05408324305555554
2 0.5747116476562499 0.4108246347222222 0.04797287968750004 0.08528511111111112
2 0.6109838230468749 0.4326659451388889 0.06903414296874999 0.12896773194444444
2 0.6642220136718751 0.45762744375 0.12402743828124993 0.17057022916666667