7 0.694086391015625 0.2691282701388889 0.04633473671875006 0.018305081944444464
7 0.368885181640625 0.39192485694444446 0.013728810156250004 0.010677963888888876
7 0.11061192656249999 0.3965011256944444 0.024025418749999992 0.013728809722222242
6 0.065748120703125 0.2531113243055556 0.013728810156250004 0.050338973611111136
6 0.049445158203125006 0.2508231888888889 0.015444911718750004 0.04881355000000001
6 0.339895314453125 0.1905689638888889 0.012870760156250017 0.05338982222222223
6 0.38966225390625003 0.3895277659722222 0.007722456250000009 0.016779656944444495
6 0.46860291757812506 0.39715488263888893 0.006006355468749991 0.016779659722222187
6 0.5411082 0.39029047777777776 0.010296607812499924 0.01830508055555558
6 0.659090169140625 0.25223965555555555 0.012870760156249971 0.047288127777777765
6 0.646219408203125 0.25223965555555555 0.014586861718750033 0.04423728055555556
4 0.08162205859375 0.4663437388888888 0.018019065624999997 0.06406778611111111
9 0.40339106484375 0.4325665 0.02659957187499997 0.04881355000000001
9 0.5463637726562499 0.43398296875 0.02145126718750001 0.04271185694444439
2 0.5167610253906251 0.43779652638888883 0.015444911718749932 0.03203389444444448
2 0.5283447085937499 0.4469490694444444 0.023167368749999983 0.03508473888888888
2 0.481580946484375 0.4370338145833333 0.013728810156250049 0.033559318055555565
2 0.47171336289062504 0.4385592395833333 0.012870760156249971 0.018305079166666696
2 0.498312934375 0.43474568124999996 0.024883470312500044 0.04728812638888892
2 0.43953646289062503 0.44389822083333336 0.010296607031250016 0.01983050555555555
2 0.42752375429687495 0.4324575430555555 0.020593216406250024 0.024406775000000006
2 0.426665703515625 0.4484744902777778 0.01716101328124999 0.022881349999999953
2 0.3768987640625 0.4507626256944445 0.018877115625000006 0.02745762083333329
2 0.359308724609375 0.45305076111111114 0.023167367968749984 0.03508473888888888
2 0.3395735578125 0.45228804930555555 0.028315673437499987 0.03661016249999997
2 0.310399834765625 0.4469490666666666 0.03346397578125 0.04423728055555556
2 0.28809051757812504 0.4576270319444445 0.02316736796875003 0.04118643333333331
2 0.25505556601562496 0.44542364444444443 0.05148304140625002 0.07474574722222221
2 0.23060112148437498 0.46449143750000005 0.042044483593749994 0.045762702777777754
2 0.19198884062500002 0.46983041875 0.06092159843750002 0.05338981805555557
2 0.5585051859375 0.4458812743055555 0.007722456250000054 0.02593219861111117
2 0.5666566671875 0.44740669861111115 0.013728810937500047 0.03508474166666665
2 0.572663020703125 0.4504575472222222 0.018877114843749966 0.025932197222222206
2 0.580385477734375 0.45350839444444446 0.01544491171875002 0.028983044444444456
2 0.588107933984375 0.45427110625 0.01544491171875002 0.03355931527777772
2 0.5936852640625 0.4565592416666667 0.016302962500000007 0.03508473888888888
2 0.645597330078125 0.46571178124999996 0.09266947421875002 0.16627115416666668
2 0.834025265234375 0.46189822013888887 0.32605926015625003 0.4576270347222222
4 0.140548691796875 0.4728812652777778 0.02402541953124999 0.05796608888888891