2 0.260176213671875 0.49650212847222225 0.07116097265625002 0.11611044305555554
2 0.35521997851562503 0.4731067409722223 0.013647308593749985 0.017329918055555598
9 0.32597574375000005 0.46270879097222223 0.027294620312500007 0.05892171805555554
2 0.55895481875 0.5103660625 0.11697693906249995 0.15077027777777777
2 0.499978944140625 0.5051670868055556 0.04581596796874994 0.10571249583333327
2 0.472196920703125 0.5043005909722222 0.035093082031249966 0.08318360138888892
2 0.452700763671875 0.4982351208333333 0.03899231328125001 0.06758667777777781
2 0.437591241796875 0.4895701625 0.02047096484375004 0.057188727777777774
2 0.42345652929687494 0.4878371708333334 0.023395389843750003 0.057188727777777774
2 0.4073721984375 0.48263819513888884 0.020470964062499996 0.032926843055555585
2 0.39128786953125 0.48263819583333334 0.009748078124999981 0.02599487500000003
2 0.38348940664062503 0.4783057152777778 0.00974807890624998 0.020795897222222238
2 0.37374132734375004 0.4739732375 0.009748078125000026 0.022528894444444426
2 0.34157266953125 0.4739732381944445 0.007798462500000003 0.015596929166666721
2 0.34547190078125 0.47224024513888885 0.007798462500000003 0.015596926388888871
2 0.30696699140624994 0.47483973333333335 0.004874040624999987 0.013863933333333339
2 0.21533505390625002 0.4809052041666667 0.014622118750000013 0.025994874999999952
2 0.203149955078125 0.48263819583333334 0.015596925781250003 0.02599487500000003
2 0.195838896484375 0.48437118749999997 0.014622117968750015 0.022528891666666655
2 0.18316639414062502 0.48610417916666665 0.018521349218749993 0.022528891666666655
2 0.16805687265625 0.48437118749999997 0.015596925000000006 0.03292684166666662
2 0.15343475546875 0.48350469027777776 0.025345004687500006 0.03812581666666672
2 0.123703115625 0.48870366736111115 0.047765584375 0.05198975416666664
2 0.03889483320312499 0.5034340958333333 0.07116097265625 0.07798462777777779
2 0.008968232421875 0.5112325583333334 0.01793646484375 0.06585368333333332
4 0.6588726230468749 0.48263819513888884 0.03021904296875002 0.1195764263888889
4 0.617930693359375 0.48263819583333334 0.018521349218749972 0.08491659444444445
6 0.230444575 0.3673942451388889 0.00584884687499998 0.027727865277777833
6 0.22508313124999998 0.36652775 0.006823654687500014 0.02599487499999999
7 0.4483141296875 0.40811955277777784 0.010722887500000056 0.008664961111111088
7 0.044256276171875004 0.37865869375 0.03704269765625 0.015596929166666643
6 0.3644806546875 0.44451237916666664 0.004874040625000031 0.015596927777777835
6 0.3596066140625 0.43324793194444444 0.004874039062499991 0.013863930555555569
6 0.3727665203125 0.4557768222222222 0.005848846875000024 0.013863930555555569
7 0.426868355859375 0.38385766805555555 0.02047096484375004 0.012130944444444462