2 0.478719760546875 0.5077794256944445 0.028294938281250025 0.03942597916666667
2 0.56360457265625 0.5091389416666666 0.011470920312499988 0.03126888055555557
2 0.580428591796875 0.5104984590277777 0.028294938281250025 0.04214501249999998
2 0.699726167578125 0.5159365243055556 0.11547393828125001 0.12371600416666671
2 0.524985806640625 0.5166162826388889 0.07494334921874994 0.08972809027777776
2 0.409129507421875 0.5417673381944444 0.11394447890625 0.16993956527777773
2 0.8822412769531249 0.5179757993055555 0.16365180234374996 0.1250755236111111
7 0.5322082363281251 0.26429851249999997 0.15982816328125002 0.08293050555555558
7 0.6334529214843749 0.4546223423611111 0.01529456171875001 0.027190331944444462
2 0.22980077968749998 0.5043806333333333 0.022941840624999977 0.016314197222222285
2 0.19079964765625 0.5070996673611111 0.02600075312500001 0.02447129583333331