2 0.10003964101562501 0.6374933868055556 0.19691118359375 0.28916207083333334
2 0.222378024609375 0.5239824354166667 0.032168658593749996 0.05025675972222222
2 0.25503408671875 0.5144509798611111 0.04679077656250001 0.06238770138888891
2 0.32278323320312496 0.5075190111111111 0.02631981171875002 0.027727866666666677
2 0.35543929609375 0.5014535409722223 0.023395387499999965 0.02946085694444444
2 0.38175910859375 0.4901890958333333 0.013647310937500023 0.02426188611111115
2 0.45194527421875 0.4901890958333333 0.007798464062499999 0.020795902777777778
2 0.465105178515625 0.49538807083333325 0.018521347656250065 0.024261883333333303
2 0.4353735390624999 0.49972054861111115 0.02144577187500003 0.036392825
2 0.41002853593750005 0.4910555916666667 0.015596926562500002 0.022528894444444506
2 0.38224651210937494 0.5135844840277778 0.038017505468749976 0.05025675972222222
2 0.428549884375 0.5083855083333333 0.023395389062500004 0.03985880833333329
2 0.484113930859375 0.5127179881944445 0.02144577265625003 0.04852376805555557
2 0.50994633984375 0.5196499541666667 0.045815968750000026 0.05892171666666665
2 0.43049950039062496 0.48325713124999997 0.011697694531250047 0.013863934722222224
2 0.836855124609375 0.6062995423611112 0.32363620546875005 0.3327344152777778
7 0.47643733476562494 0.4540438319444445 0.00877327109375008 0.015596924999999985
7 0.47838695 0.4653082791666667 0.010722885937499971 0.017329916666666712
7 0.41551184453124995 0.46010930555555557 0.003899231250000046 0.01386393611111111