2 0.229606362109375 0.6292915131944444 0.02870079453125003 0.0510236347222222
2 0.17340063828125002 0.6367324590277779 0.06457678906250001 0.07440947083333332
2 0.27074417226562497 0.6335434826388889 0.040659460156249994 0.042519695833333294
2 0.313795365234375 0.6282285187500001 0.040659460156249994 0.057401590277777755
2 0.37430620625 0.6324804902777778 0.07892718750000002 0.12118113611111114
2 0.40659460156250005 0.5952757555555556 0.019133864062500016 0.03826772777777781
6 0.3175025484375 0.5649804722222223 0.013154531250000013 0.023385830555555584
6 0.394635937109375 0.53734266875 0.011958664843750012 0.019133862499999942
6 0.388058669921875 0.5649804708333334 0.013154530468750014 0.019133861111111136
6 0.375502072265625 0.5660434645833333 0.014350397656250014 0.01700787916666668
7 0.42752226406249993 0.5638035881944444 0.013154531249999924 0.033787976388888946
6 0.415563599609375 0.5617914944444444 0.015546263281250017 0.025511819444444465
7 0.46459412499999997 0.5245867590277778 0.02272146406250002 0.044645681944444404
9 0.862567634375 0.4603222243055556 0.27291849375000005 0.6731798097222222
4 0.095071384375 0.6292915138888888 0.013154531250000013 0.0637795472222222
4 0.1207825140625 0.6229135590277778 0.011958665625000009 0.059527576388888864
4 0.08072098671875001 0.6452364013888888 0.01315453125 0.07440946944444443
2 0.583582838671875 0.6367324604166668 0.09566931796875 0.09992128750000001
7 0.29717281875 0.5750788993055556 0.010762798437500009 0.027637801388888918