2 0.20849349765624997 0.43866521666666664 0.14537161250000002 0.1632242666666667
2 0.47723970195312504 0.42591332013888883 0.06503466796874999 0.0935139041666666
2 0.589137587890625 0.41231129930555555 0.08798808046875006 0.12411845138888893
9 0.343822992578125 0.37660599097222225 0.12720016171875 0.23973564305555553
9 0.272093576953125 0.3876576333333333 0.04686321640625 0.18022679444444442
9 0.41650879765625 0.3868075083333334 0.018171451562499996 0.1479219916666667
9 0.4298982890625 0.3902080125 0.02199702031249995 0.10371541944444446
2 0.45046072109375 0.4038100361111111 0.011476706249999946 0.028904297222222257
2 0.50354048828125 0.3995594013888889 0.018171451562499996 0.03740556111111112
2 0.52505931171875 0.41656193125 0.03634290312499999 0.054408087500000035
7 0.007172941796875 0.1615240138888889 0.01434588359375 0.027204044444444443
7 0.02056243203125 0.1980794486111111 0.031560942187499996 0.03230480277777777
7 0.018171451953125 0.2261336201388889 0.034430119531250004 0.027204045833333346
7 0.016258666796874998 0.27969158194444443 0.03060454921875 0.04250631944444447
7 0.9721726593749999 0.036555434722222224 0.04495043281250002 0.06630985833333333
7 0.97360724765625 0.1615240138888889 0.0439940406249999 0.027204044444444443
7 0.97121626796875 0.26013867430555554 0.021997020312500126 0.017002526388888918
6 0.9889095234374998 0.26353918125 0.021040628125000006 0.05100758194444444
4 0.6489121003906251 0.40466016111111114 0.01625866796875002 0.06801011111111113
7 0.6435836273437501 0.2810274944444444 0.014345882812499955 0.034005055555555566
6 0.6670835523437499 0.038255687499999996 0.014345882812500044 0.06971036388888889
7 0.016258666796874998 0.031454677083333334 0.03060454921875 0.06290935416666667
6 0.49923672304687494 0.3434510611111111 0.009563921093749973 0.027204044444444422