2 0.4785586984375 0.4474348284722222 0.014040842187500058 0.02704162083333333
2 0.49961996171875 0.44639476666666666 0.01638098281250002 0.024961497222222247
2 0.492014505859375 0.45887551458333337 0.024571474218750035 0.033281995833333314
2 0.511905698046875 0.4703162006944444 0.015210911718749998 0.04784286805555556
2 0.528871715625 0.46303576388888895 0.028081684375000027 0.06656399166666671
2 0.5505180132812499 0.4703162006944445 0.03627217500000004 0.07280436527777781
2 0.573919416796875 0.4682360756944445 0.05031301640625001 0.09776586250000005
2 0.5973208207031251 0.4790527256944445 0.047972877343749956 0.11773505694444447
2 0.634763065234375 0.4703162006944445 0.09243554296875 0.14768885694444447
2 0.70379720546875 0.4900773861111111 0.141578490625 0.17473047777777778
2 0.8382382601562501 0.5316798965277778 0.21997319062499993 0.2579354680555555
2 0.45837498789062503 0.4451466944444445 0.015210911718749998 0.0228813722222222
2 0.444919180859375 0.4482668819444445 0.01404084140625006 0.02080124722222223
2 0.43555861953125 0.45034700694444446 0.014040842187499968 0.02080124722222223
2 0.426198058203125 0.45346719305555555 0.011700702343750003 0.01872112222222218
2 0.41742253203125 0.4545072548611111 0.010530631249999978 0.02496149583333328
2 0.4080619703125 0.4555473180555555 0.012870771874999942 0.0228813722222222
2 0.394606163671875 0.4597075680555556 0.01638098203124998 0.0228813722222222
2 0.376470076171875 0.46698800416666664 0.01053063203125002 0.024961497222222247
2 0.3688646203125 0.4680280666666667 0.011700701562500004 0.027041622222222214
2 0.362429234375 0.47322837847222227 0.015210912499999996 0.02496149583333336
2 0.351898602734375 0.4742684409722222 0.015210911718749998 0.03536212083333336
2 0.33727272539062503 0.47738862777777774 0.028081683593750028 0.04160249444444446
2 0.315041392578125 0.48154887708333327 0.028081683593749983 0.05824349305555556
2 0.289884883984375 0.4888293138888889 0.04563273671875003 0.06032361666666664
2 0.20739493710937498 0.5065103743055556 0.06552392890624999 0.08736524027777783
2 0.11788456914062499 0.5148308729166667 0.12753764765625003 0.1456087319444444
2 0.030129306640625 0.5252314972222222 0.059673578906250004 0.1788907277777778
7 0.5255686984375 0.42018519722222225 0.010530631249999978 0.02080124722222223
7 0.5296639445312501 0.3952237006944444 0.011700701562500004 0.008320498611111147
7 0.35122824374999995 0.40458426111111107 0.010530631250000023 0.01040062222222223
6 0.4102558343749999 0.39611517152777775 0.011700701562500004 0.020801248611111114
6 0.47870493906250006 0.4023555458333334 0.008190490625000013 0.016640997222222214
6 0.369888413671875 0.4314772930555555 0.00819049140625001 0.016640999999999986
6 0.505031517578125 0.41691641944444446 0.009360560156250041 0.016641000000000065