2 0.48189311406249996 0.66353833125 0.025790117187499996 0.028018893055555574
2 0.46111774140624995 0.6588685090277778 0.024357332812499966 0.03056606527777777
2 0.31783931093750006 0.6792458861111111 0.05874415625 0.05094344166666668
2 0.248349271875 0.6830666444444444 0.05731137187500002 0.05349061388888888
2 0.19461986054687502 0.6881609888888889 0.06160972578125001 0.058584958333333347
2 0.13444291992187501 0.7132081881944444 0.07880313671875001 0.09169819583333338
2 0.5076832312499999 0.6546232298611111 0.008596706249999997 0.0254717208333333
2 0.5248766429687499 0.6508024715277778 0.014327843750000024 0.022924548611111106
2 0.516996329296875 0.6609911590277778 0.015760627343749965 0.028018893055555497
2 0.537771701953125 0.6520760576388889 0.017193411718749996 0.02037737638888891
2 0.551383154296875 0.6660855034722223 0.021491764843749993 0.03311323749999996
2 0.6137092699218749 0.6711798479166666 0.03725239140625005 0.048396270833333296
2 0.665289505078125 0.6813685368055555 0.04298352890624999 0.07386799027777778
2 0.68105013359375 0.6584439875 0.022924548437500025 0.03820758055555555
2 0.7003927203125 0.6622647458333334 0.03581960781250002 0.06113213055555554
3 0.768449975 0.6762741923611111 0.03152125468750002 0.03820758194444444
3 0.78134503359375 0.6800949506944445 0.04011796093749993 0.0458490986111111
3 0.8042695824218751 0.6839157083333334 0.05158023515624999 0.058584958333333347
3 0.857998994140625 0.6800949506944445 0.09026541171874988 0.07641516249999998
2 0.723317269140625 0.6915572249999999 0.08453427421874996 0.09424536666666662
2 0.052774214453125 0.7246704625 0.10459325390625 0.1146227444444445
2 0.6473797011718749 0.6839157083333334 0.05301301953125002 0.07386799166666667
7 0.9654578171874999 0.555283517361111 0.06447529374999998 0.4483022902777778
7 0.595083073828125 0.6151420618055555 0.022924549218750024 0.03820758194444444
7 0.599381428515625 0.6316986805555556 0.020058980468749966 0.020377377777777796
7 0.853700641015625 0.5794816520833334 0.021491764843749907 0.028018893055555497
7 0.22614111601562498 0.6164156479166667 0.015760628906250008 0.04584909861111118
6 0.209664095703125 0.6189628194444444 0.022924549218750024 0.05603778611111115
6 0.16882974296875 0.6142929979166667 0.021491764062499995 0.06877364583333331