2 0.012738268359374999 0.5641168256944444 0.025476536718749998 0.06375767361111112
2 0.03366281484375 0.5585726784722223 0.047558375 0.07207389583333329
2 0.046526965234375 0.5266938430555556 0.035863691406249995 0.044353166666666666
2 0.28548830859374996 0.4858057659722222 0.041321210937499984 0.03465090972222226
2 0.44258687421875004 0.46293616805555554 0.031185820312500036 0.03880901944444438
2 0.42192626796875 0.4636291840277778 0.014813264062499965 0.023562620833333308
2 0.12059328554687501 0.519763661111111 0.04210085703125001 0.03603694722222228
2 0.13969460078125 0.50798235 0.03976192031250001 0.03742298333333333
2 0.19076138125 0.4996661333333333 0.023389364062499984 0.03465091111111115
2 0.0894074671875 0.57243304375 0.062371639062500005 0.05544145694444451
2 0.0289849421875 0.4054156548611111 0.0382026296875 0.023562620833333388
2 0.464824637890625 0.4560059847222222 0.01091503671874996 0.013860366666666598
7 0.250136245703125 0.45818609861111115 0.01949113828125002 0.04158109166666664
2 0.43806317109375004 0.39177439583333334 0.013334678125000022 0.014972269444444445