2 0.25894046171875 0.5977872347222223 0.014691657812499991 0.03591293888888884
2 0.244707918359375 0.5994196416666666 0.02295571484375003 0.03917775277777772
2 0.20292851718750002 0.6083978756944445 0.04591142968750002 0.04733978472222226
2 0.15839443125 0.6092140791666667 0.046829657812500015 0.05550181666666671
2 0.614972119921875 0.6048065625000001 0.06978537265625002 0.14201935555555556
2 0.690266864453125 0.637454688888889 0.15058948828125002 0.15181379166666673
2 0.8637202410156248 0.6816929118055556 0.27087743359375 0.3068923986111111
1 0.42748640703124996 0.4767816881944445 0.32138000468750005 0.6709190236111111
7 0.633628724609375 0.4686196548611111 0.026628628906250017 0.05386940972222223
7 0.66455646328125 0.5413059513888888 0.014691657812500036 0.03917775277777772
7 0.0824365859375 0.4876262166666666 0.020275120312499995 0.0257391527777778
7 0.084235997265625 0.5576300152777778 0.01652811328125 0.029383313888888866
7 0.084235997265625 0.5076783833333334 0.014691657031250005 0.02285369166666666
6 0.07780839765625 0.5321644798611112 0.009182285937500001 0.026118501388888878
7 0.20369370273437498 0.5550181680555556 0.011936971093749981 0.02285369166666666
7 0.20047990390625 0.5702539784722223 0.009182285937500012 0.013059251388888922