2 0.24968123437499998 0.4550512291666667 0.058545943749999996 0.08418371111111106
2 0.16961104609375 0.4588777618055556 0.118813828125 0.1224490347222222
2 0.310379603515625 0.4524491916666667 0.05079721640625001 0.06428574166666673
2 0.34438790937499997 0.4501532729166666 0.02755103281250002 0.050510226388888906
2 0.3607463359375 0.44173490069444443 0.02410715468750002 0.04285715972222227
2 0.38700591328125 0.43637775624999997 0.014636485937499976 0.032142870833333365
2 0.40035094492187506 0.4386736756944444 0.01894133515625005 0.027551031944444464
2 0.415848401171875 0.43714306388888896 0.017219394531250033 0.027551036111111118
2 0.42962391718750004 0.4386736756944444 0.012053576562500012 0.021428581944444382
2 0.44253846406249997 0.43637775624999997 0.01033163593749995 0.016836743055555558
2 0.539053181640625 0.4440308222222222 0.014636486718749975 0.02908164722222221
2 0.553259182421875 0.4478573520833333 0.020663274218749982 0.03367348472222223
2 0.574783426953125 0.45397980624999995 0.025829092968750002 0.03367348472222223
2 0.588300649609375 0.4634696013888889 0.025312507031249966 0.040408175
2 0.7099556679687501 0.49699002777777773 0.030650529687499973 0.0921428944444444
2 0.7642398144531249 0.5097706416666666 0.09496495546874995 0.11158167222222228
2 0.883785473046875 0.5265308493055556 0.22901796015625003 0.39336752361111105
2 0.013775516406249999 0.48673491111111106 0.027551032812499997 0.16530619722222223
2 0.492819107421875 0.4535206131944444 0.05510206484374995 0.09336739027777784
2 0.6582376125 0.4607537888888889 0.07013540000000003 0.10231051111111118