2 0.21762087773437502 0.4041118451388889 0.029975330468750006 0.03730263194444442
9 0.18264966015625 0.41565789722222224 0.03397204062499999 0.04618421111111104
2 0.134488847265625 0.4440789506944445 0.04288050234375 0.03907894861111111
2 0.06424711015625 0.45917763402777784 0.03097450625 0.0337500013888889
2 0.029375816796875 0.48671052916666674 0.05875163359375 0.07105263333333332
2 0.43943831132812505 0.39967105486111115 0.023980263281249935 0.028421051388888844
2 0.45592474335937505 0.4183223708333333 0.02697779609374997 0.03730263333333339
2 0.47890582890625 0.441414475 0.04696134843749995 0.058618419444444375
2 0.50738239140625 0.4760526340277778 0.04596217031249994 0.06394736805555555
2 0.094722027734375 0.48138158125 0.06794407890625001 0.08171052638888894
2 0.37199382226562505 0.5444407916666667 0.18484786328125002 0.28598684166666666
2 0.803138971484375 0.6332565819444445 0.39367598671875 0.4600657916666667
9 0.5488482640625 0.5151315819444444 0.08692845468749999 0.11368421111111116
9 0.64027301640625 0.49470395 0.09592105312500002 0.10480263333333334
2 0.37345018984375 0.38323907152777775 0.009355746874999982 0.01524640138888892