2 0.498956473046875 0.48086432291666675 0.02831567265625008 0.0348813513888889
2 0.530275321875 0.49164397847222224 0.044618634375 0.0503389708333334
2 0.576181035546875 0.5000338097222223 0.05920549765624994 0.07322032500000002
2 0.637531658203125 0.5076609243055555 0.07722456015625001 0.08542371249999997
2 0.65469267265625 0.5152880423611111 0.07036015624999994 0.08847455972222222
2 0.7319172339843749 0.5236778722222222 0.12870760234375006 0.12050844999999998
2 0.41049144921874997 0.4896609256944444 0.04118643281250001 0.0579660902777778
7 0.5860486175781251 0.4267372076388889 0.010296608593750011 0.02898304305555557
7 0.3775423015625 0.4290253416666666 0.013728810937500002 0.021355930555555604
7 0.84153320859375 0.3176694333333333 0.03518007812499988 0.11898303055555554
7 0.9771052171874999 0.2627541875 0.03689617968750003 0.0701694777777778
6 0.398564543359375 0.4405422923611111 0.004290253906249974 0.015254234722222293
6 0.4281672921875 0.41842365486111105 0.005148304687500005 0.013728809722222242
6 0.45047661015625007 0.43977958055555555 0.005148306250000001 0.013728811111111128