2 0.1984535328125 0.29540829583333333 0.04132654843750001 0.091836775
2 0.441677494140625 0.29923482569444443 0.026690063281250075 0.0780612597222222
2 0.519164773828125 0.3535715875 0.13861613359374997 0.2234694888888889
2 0.316836876953125 0.4170920229166667 0.29359069140625 0.4362246847222222
2 0.796720846875 0.5303573819444444 0.40099855468750006 0.5219390111111111
6 0.40436880234375006 0.18596947083333334 0.00860969843749997 0.03520409722222223
6 0.272270931640625 0.16255108819444444 0.011192607031249979 0.03673470972222223
6 0.184882499609375 0.19469396111111112 0.010331635156249996 0.036734711111111096
4 0.118157344140625 0.25056133263888886 0.014636488281250016 0.050510226388888864
7 0.23051389765624997 0.16025516875 0.02755103281250002 0.01683674027777777
6 0.376017790234375 0.21765315555555556 0.008609699218749966 0.024489802777777767
7 0.63120923125 0.06688778125 0.10159443437500001 0.056632676388888886