2 0.39340163242187504 0.46931683333333335 0.08023592265624999 0.15181379444444443
2 0.21000524179687502 0.4720243847222223 0.08023592109374997 0.09519745277777779
2 0.009979998828125 0.5618850444444444 0.01995999765625 0.10053469166666673
2 0.10336630429687502 0.4654690229166667 0.03305622890625 0.032648126388888934
2 0.0661780453125 0.47363105555555557 0.05417548750000001 0.0424425638888889
2 0.14137556796875 0.45794187222222227 0.06906159062499999 0.060761680555555524
2 0.348779258203125 0.47363105555555557 0.026202244531249974 0.03917775555555557
2 0.25437058125 0.46791763263888886 0.028553735937500012 0.0440749708333333
2 0.2848583765625 0.47501900694444443 0.04654579999999999 0.05925553888888891
2 0.33475990624999996 0.46955003680555557 0.011018743750000004 0.02122128472222218
2 0.32052736328125003 0.46383661666666665 0.026628628124999977 0.032648130555555516
2 0.239723248046875 0.44751255208333335 0.04499320078125 0.039177751388888835
2 0.02229983671875 0.4662852263888889 0.0445996734375 0.06366384999999997
7 0.3367488578125 0.39422613958333336 0.0128552 0.017956470833333307
7 0.33904442968750004 0.41463122083333337 0.017446343750000003 0.013059252777777806
7 0.33766708671875 0.4285066722222223 0.014691657812499991 0.014691658333333319
2 0.3523587453125 0.4456469395833333 0.016528114062500033 0.02938331249999998