2 0.93889524609375 0.6647067083333333 0.12120348750000005 0.40702226111111117
2 0.14051628828125 0.6571224409722223 0.2810325765625 0.30589871805555563
2 0.29809717265625 0.5913921368055556 0.13651678281249996 0.19971899861111114
2 0.37915401328125 0.5357741868055556 0.05972609218749998 0.08848309861111112
2 0.4239485828125 0.5534708076388889 0.038395345312499975 0.04297750694444444
2 0.45167855507812504 0.54588654375 0.02559689765625004 0.03792132916666668
2 0.480119551171875 0.5496786729166666 0.02559689765624995 0.05561794861111117
9 0.592461487890625 0.5117573465277777 0.07963478984374994 0.16179766805555557
2 0.64436630546875 0.5863359597222222 0.09527733749999996 0.11376398888888883
2 0.51282669765625 0.5673752944444445 0.05403789374999999 0.08595501388888888
6 0.5711307382812499 0.4270663798611111 0.005688198437499991 0.03792132916666668
6 0.41826038359375 0.4220101993055556 0.007110248437500033 0.04297750694444444
6 0.42465960703124994 0.4220101993055556 0.008532298437499985 0.04297750694444444
6 0.41328320859375 0.41948211319444445 0.005688198437499991 0.04297750694444444
6 0.57610791484375 0.4283304243055555 0.00426614843749995 0.04044941805555556
6 0.56402048984375 0.42580233541666673 0.008532298437499985 0.04044941805555556
7 0.345024816796875 0.4258023326388889 0.04266149453124997 0.025280884722222178
6 0.76381849296875 0.4713079291666667 0.018486646875000012 0.03539324166666668
6 0.666408078125 0.4931578451388889 0.014220498437500062 0.02780897638888891
6 0.9784032539062502 0.171562375 0.02900388593750005 0.06093745833333332