2 0.06042252578125 0.4345224201388889 0.119285759375 0.0845482208333333
2 0.153979984765625 0.4338294 0.07718490390624999 0.07761803888888892
2 0.22414807812499998 0.4372944916666667 0.11460788749999998 0.08177614722222223
2 0.380856820703125 0.4407595833333333 0.11304859609375004 0.07761803888888892
2 0.45219438320312494 0.4428386381944444 0.03742298359374994 0.04851127638888894
2 0.49351559492187497 0.4407595847222222 0.07952383984375003 0.05544145555555562
2 0.5473111328125 0.44838278402777776 0.03274511093750006 0.045739201388888914
2 0.5823951800781251 0.4428386381944444 0.07328667421874994 0.05128334861111112
2 0.636580542578125 0.44491769374999995 0.03352475703125002 0.038809020833333346
2 0.6771221078125 0.4456107104166667 0.06159199375000002 0.05682749305555556
9 0.727409242578125 0.4386805291666666 0.04677872890624997 0.04851127499999998
2 0.756256125 0.4497688201388889 0.05925305625000003 0.037422984722222295
2 0.794068930859375 0.43937354791666666 0.03196546484375 0.038809020833333346
2 0.81784811953125 0.44214562083333325 0.04210085625 0.03326487500000002
1 0.9620825339843752 0.4324433659722222 0.07328667578125003 0.052669384722222254
2 0.975336508203125 0.4428386395833333 0.04521943828125004 0.03187883750000001
2 0.8899653265624998 0.4560059833333333 0.1239636328125 0.08870633333333333
6 0.496634176171875 0.257802775 0.02027078203124999 0.07484596666666667
6 0.460380662109375 0.2557237201388889 0.017931846093750002 0.07068785694444443
6 0.749629137890625 0.11088291319444443 0.024169011718749987 0.09425047638888889
6 0.77457779375 0.09910160416666666 0.022609718749999973 0.08454822222222222
7 0.48221073515625 0.30700706736111116 0.03664333749999997 0.02079054583333332
7 0.48377002695312504 0.34235099652777784 0.02728759296875003 0.0471252375
7 0.52976911015625 0.3430440152777778 0.010135390624999996 0.023562616666666654
7 0.528599642578125 0.36660663402777777 0.017152200781250036 0.0180184736111111
7 0.615140291796875 0.36036947222222215 0.014033619531249996 0.016632436111111086
7 0.8942533769531249 0.10464574930555556 0.08108313203125003 0.062371640277777786
7 0.48493949531249997 0.4102667819444444 0.007796454687499921 0.016632436111111086
7 0.479092153125 0.3846251083333333 0.010135390624999996 0.03465091111111107
7 0.6151402914062499 0.4345224194444444 0.0062371640624999895 0.020790547222222164
7 0.084591534765625 0.34443005069444443 0.011694682031250004 0.01247432638888889
2 0.28768918515625 0.4324433645833333 0.024948654687500006 0.06375767361111112
6 0.491051630078125 0.1993452895833333 0.018721122656249988 0.031201870833333346