6 0.128795519140625 0.2074418784722222 0.02153238046875001 0.06379964305555554
6 0.43599080078124997 0.21509783680555555 0.020096887500000004 0.056143687499999984
6 0.4571643066406249 0.19659593958333335 0.010766189843749973 0.042107765277777785
6 0.14925127890625 0.18575000069444444 0.017943648437500005 0.045935743055555575
6 0.698326959375 0.3765109326388889 0.016508157812500014 0.04210776527777777
6 0.40548659609375 0.44669054305555556 0.010766189062499976 0.019139891666666624
6 0.35093790078125 0.44669054305555556 0.0078952046875 0.019139891666666624
7 0.0636192078125 0.4682893805555556 0.007895206249999998 0.017863900000000005
7 0.559581691015625 0.38853982916666674 0.023685617968749996 0.016587905555555536
7 0.571065621875 0.3751419034722222 0.016508156250000017 0.012759929166666635
7 0.6640137265625 0.34770805555555556 0.0157904109375 0.016587905555555536
7 0.681598503515625 0.35408802083333335 0.01650815859375001 0.024243863888888918
7 0.218861256640625 0.4377566986111111 0.010766189843750018 0.021691877777777792
6 0.20307084609374998 0.35354116875 0.009330696875000011 0.026795851388888892
6 0.22532097109375 0.39519322083333336 0.0078952046875 0.025519855555555578
6 0.57414553515625 0.42645504722222227 0.02081463281250002 0.016587905555555536
2 0.006938210156250001 0.49955120694444444 0.012919428125000002 0.021691877777777792
2 0.023087494140624998 0.4969992208333333 0.01794364921875 0.016587905555555536
2 0.0378012875 0.501465198611111 0.017225903125000004 0.022967872222222182
2 0.052156206640624994 0.5021031930555555 0.017225903906249996 0.02679584999999997
2 0.06866436406250001 0.5103971486111111 0.021532379687500002 0.030623827777777755
2 0.083378157421875 0.5110351444444444 0.01507266640625 0.029347836111111057
2 0.09414434726562501 0.5135871291666667 0.019379142968750006 0.03189982222222222
2 0.27896394296875 0.5078451625 0.06890361406250003 0.10718340277777771
2 0.423948634765625 0.5174151083333334 0.04880672734375002 0.07273159444444449
2 0.6842511832031251 0.5167771118055555 0.07464558359374998 0.05869567083333338
4 0.53998423984375 0.5027411902777777 0.008612951562500016 0.03572780000000001
2 0.4522996 0.5074198368055556 0.010766189062499976 0.03827978749999998
2 0.35516463554687505 0.5252837368055556 0.09258923203124998 0.1480151736111111
2 0.11699062578125 0.5139079152777778 0.032757375 0.0317647277777778