7 0.43853546054687503 0.46218717569444445 0.025048810156249955 0.014062490277777803
7 0.42732941328125007 0.4891402819444445 0.04746090468749999 0.04453121944444444
7 0.47281278203125005 0.5418746201388889 0.01186522656250002 0.014062490277777803
7 0.4635842714843751 0.5782027215277777 0.006591791406250014 0.02578123194444441
7 0.42535187656249995 0.5981245819444444 0.011865226562499932 0.018749986111111148
7 0.414145829296875 0.6063277020833333 0.010546867968750017 0.016406240277777803
7 0.398325527734375 0.5864058402777778 0.029003886718750004 0.018749988888888916
7 0.33240760546875 0.48328090972222226 0.08437494218750001 0.06093745833333336
2 0.391733735546875 0.6297651847222222 0.01582030234374998 0.016406238888888917
2 0.36734410390625005 0.6332808076388888 0.019775376562499992 0.01874998750000003
2 0.310654690234375 0.6239058152777778 0.02768552890625 0.042187472222222216
2 0.33768103828124996 0.6414839263888888 0.03691403750000002 0.05390621111111105
2 0.149814956640625 0.63679643125 0.08041986640624998 0.07734369861111108