2 0.9286578710937501 0.6760405395833333 0.14040842031250006 0.20385222361111108
2 0.15290135078125 0.6708402298611111 0.12402743750000003 0.11024661250000002
2 0.23071101679687497 0.643798607638889 0.06669399921875 0.08112486527777783
2 0.272248507421875 0.6323579208333333 0.044462666406250004 0.06656399166666663
2 0.29916012187499996 0.6229973604166668 0.0327619640625 0.060323618055555604
2 0.3243166296875 0.6084364868055556 0.038612315625000004 0.052003118055555575
2 0.348888103515625 0.6084364868055556 0.029251753906249966 0.06448386805555555
2 0.35824866484375 0.5865951763888889 0.04095245624999997 0.06656399166666663
2 0.393350769921875 0.5938756131944445 0.02223133359374998 0.031201870833333267
2 0.41850727890625006 0.5886753027777778 0.011700701562500004 0.03744224722222222
2 0.8918006609374999 0.6261175479166667 0.20242213906249998 0.17889072916666662
2 0.795269872265625 0.6115566729166667 0.09828589453124996 0.13312798472222223
2 0.7186302765625 0.6177970472222222 0.09477568437499997 0.08736523888888886
2 0.67182746953125 0.59283555 0.09009540312500004 0.07488448888888889
2 0.6414056460937501 0.5949156763888889 0.062013718750000016 0.07488448888888889
2 0.606303540625 0.6001159875 0.03393203593749998 0.04784286944444444
2 0.5717864703125001 0.5917954888888889 0.021061262500000046 0.03120187222222223
2 0.56301094453125 0.5845150520833333 0.019891192187500017 0.03744224583333333
2 0.44249371757812506 0.5876352388888889 0.033932035156249984 0.04784286944444444