2 0.212436983984375 0.5207808854166667 0.013183585156249978 0.023437484722222183
2 0.197935040625 0.5254683812500001 0.021093735937500014 0.018749987499999954
2 0.17881884218750002 0.5254683819444443 0.014501942187500005 0.023437483333333297
2 0.16431689960937498 0.5254683819444443 0.017138660156250006 0.023437483333333297
2 0.149155777734375 0.5266402555555555 0.018457019531250007 0.021093736111111067
2 0.132017117578125 0.5254683812500001 0.026367167968750004 0.02812497916666664
2 0.11158256093749999 0.5278121298611111 0.030322245312499985 0.04218747083333333
2 0.08323785390625 0.5278121298611111 0.031640603125 0.04218747083333333
2 0.48072293203124994 0.5207808847222223 0.02768552812499996 0.0749999472222222
2 0.5090676394531249 0.5219527590277778 0.06064448984375002 0.09609368472222223
2 0.5479592140625 0.5289840055555555 0.04614254687499999 0.1195311694444444
2 0.372617537109375 0.50671839375 0.011865225781250021 0.02812497916666672
2 0.42601105624999996 0.5160933875 0.018457018749999943 0.023437483333333377
2 0.40425814140625 0.5184371354166667 0.022412095312500036 0.03281247916666664
2 0.35284216015625003 0.5207808840277778 0.03823239531249998 0.05624995972222224
2 0.247373483203125 0.5301558784722222 0.06196284765625002 0.07031245138888893
9 0.6277199015624999 0.5395308715277778 0.16347645000000002 0.18749987083333333
2 0.035027134375000005 0.541874620138889 0.07005426875000001 0.22499984583333332
2 0.30797999335937504 0.5174404284722223 0.010071288281249969 0.017904512499999945
2 0.3256047484375 0.5147547513888889 0.009064159375000002 0.01969496388888893