6 0.38036748515625 0.17984684583333335 0.014078796874999976 0.023464661111111104
6 0.52071548515625 0.18923270694444444 0.013198871875000063 0.02033603888888887
7 0.6430250261718751 0.19079702013888888 0.01847841953125 0.03285052361111109
2 0.44108229414062505 0.2408549590277778 0.02639774296874995 0.029721901388888878
2 0.52687495859375 0.25336944791666666 0.03431706718750007 0.03910776805555554
2 0.5550325488281249 0.2525872909722222 0.016718569531249994 0.025028973611111106
9 0.5796704433593749 0.24085496180555555 0.04663601328124996 0.07977984583333332
2 0.606948110546875 0.2721411736111111 0.04487616171875004 0.05475087222222221
2 0.651380021875 0.2838106451388889 0.05895495937500002 0.0938586402777778
2 0.742452234765625 0.25487089583333333 0.04927578671874997 0.03910776666666666
2 0.701975694921875 0.2971072854166667 0.11790991796874994 0.11419467916666666
2 0.811086365625 0.35498678055555555 0.147827359375 0.16425262222222223
2 0.9206369992187501 0.4245986090277778 0.15574668124999996 0.2690614402777778
1 0.268172788671875 0.23062408055555556 0.06687428203124997 0.08447277777777779
2 0.222532972265625 0.25420048819444446 0.03959661484375001 0.057879493055555564
2 0.181176507421875 0.25420048680555557 0.06247465859374999 0.07352260138888889
2 0.128820984765625 0.25341833055555557 0.05279548515624999 0.0750869138888889
2 0.07426565078125 0.2651506625 0.080953078125 0.08916570833333333
2 0.0186544046875 0.27140790416666666 0.037308809375 0.07977984444444443
2 0.30744571249999997 0.25185402013888886 0.015838646874999984 0.0344148375
6 0.319236693359375 0.21274625416666665 0.010559097656250006 0.01877172777777779