6 0.5647660496093749 0.07037754305555555 0.016380980468750028 0.06032361666666667
6 0.42318756015625 0.13278128611111112 0.014040843749999966 0.04784286666666667
6 0.3202213859375 0.17022352777777777 0.01872112187499999 0.056163366666666666
6 0.587582417578125 0.07141760555555556 0.015210911718749998 0.058243491666666675
7 0.4278678402343751 0.21806640000000002 0.023401403906250007 0.018721122222222223
2 0.498072049609375 0.3491142597222222 0.042122525781249996 0.08528511111111112
2 0.644915855078125 0.35119438125 0.052653155468749976 0.10192611250000003
2 0.6665621539062501 0.3241527625 0.01638098281250002 0.027041622222222252
2 0.699909151953125 0.34391394583333335 0.06435386015625007 0.08736524166666666
2 0.5630109433593751 0.37927606736111114 0.14157848984375 0.2163329763888889
2 0.88068499609375 0.38863662847222225 0.23635417343750004 0.6219572986111112
7 0.9397735375 0.056856734027777786 0.02223133281250007 0.03744224583333333