6 0.405125502734375 0.3676775708333333 0.0054631335937499696 0.02913671388888888
6 0.5376064988281251 0.38953010625 0.005463135156250054 0.029136715277777763
6 0.46658575859375 0.4405193555555556 0.010926268750000023 0.01942447777777774
6 0.31361801015625 0.4113826409722222 0.008194701562499995 0.019424476388888855
6 0.304057525390625 0.4356632368055555 0.010926267968749981 0.019424473611111083
6 0.290399691015625 0.43202114722222223 0.010926267968749981 0.02185253611111114
6 0.35254283906249995 0.44901756388888886 0.009560484374999989 0.02185253611111114
6 0.429709605078125 0.45144562291666673 0.01638940234374999 0.012140298611111117
7 0.31293511796875 0.37617577708333333 0.01502361718749996 0.012140295833333346
7 0.35937175625 0.3798178659722222 0.028681453124999968 0.01456835694444444
7 0.689891357421875 0.43809129652777773 0.006828916406250052 0.019424476388888855
7 0.8189578945312501 0.3895301048611111 0.0136578343750001 0.03399283472222218
7 0.693305816015625 0.41259667152777774 0.010926267968750025 0.02670865694444452
7 0.8244210289062501 0.41502473055555555 0.013657835937499918 0.016996416666666646
7 0.28766812421875 0.3907441340277777 0.013657835937500007 0.012140295833333346
7 0.308837767578125 0.4004563715277778 0.015023617968750003 0.012140295833333346
7 0.585408921484375 0.40531249027777777 0.01365783515625001 0.016996416666666726
7 0.8148605449218749 0.4987927833333333 0.008194700781250041 0.02913671388888888
7 0.54170385 0.45144562499999996 0.010926268750000023 0.021852536111111064
2 0.396247909765625 0.4684420395833333 0.015023619531250042 0.016996415277777763
2 0.40102815312499995 0.46965606874999993 0.016389401562499996 0.01456835694444444
2 0.41400309609374997 0.4684420395833333 0.01502361875 0.016996415277777763
2 0.42697803749999996 0.47208412847222225 0.010926267187500028 0.019424476388888934
2 0.4406358734375001 0.47329815833333333 0.016389401562499996 0.02185253611111114
2 0.46043973281249995 0.47815427777777775 0.01775518437499999 0.026708652777777786
9 0.49526721171875004 0.48179636736111114 0.030047235937500007 0.04370507083333332
2 0.505510587890625 0.4915086055555556 0.017755185156249985 0.01942447777777774
2 0.519168423046875 0.48301039513888894 0.02048675234374997 0.016996412499999992
2 0.51643685546875 0.49515069375 0.015023617187499916 0.021852534722222178
2 0.53555782421875 0.4987927833333333 0.025949885937500028 0.02913671388888888
2 0.5553616851562501 0.4963647229166666 0.024584103124999944 0.03399283472222226
2 0.574482653125 0.4975787534722222 0.03277880312499999 0.041277012499999995
2 0.605212780859375 0.50486293125 0.028681452343750014 0.04127700972222222
2 0.681013764453125 0.5133611402777778 0.04643663828125 0.05827342777777776
4 0.48297516054687506 0.48301039791666667 0.0054631335937499696 0.036420893055555584
5 0.4754633515625001 0.47572621944444443 0.009560484375000034 0.02185253611111114
3 0.47478046015625 0.4927226340277778 0.013657835937500007 0.016996415277777763
5 0.45156214179687504 0.48075578263888885 0.008194700781249953 0.019424476388888934
3 0.4522450328125 0.4915086048611111 0.012292051562500017 0.01456835694444444
2 0.38805320781249997 0.4878665152777778 0.015023617187500005 0.026708652777777786
2 0.6304797765625001 0.5060769611111111 0.04370507031250002 0.04856118888888885
9 0.7260846191406249 0.5145751694444445 0.07648387421875 0.07041372777777784
4 0.7882277671875 0.5182172590277777 0.012292051562500017 0.06798566527777779
7 0.993778180859375 0.19042922569444445 0.010926267968750025 0.08255402361111112
4 0.372346699609375 0.47815427777777775 0.008194700781249998 0.026708652777777786
4 0.369615132421875 0.4793683083333333 0.008194700781249998 0.02913671388888888
4 0.31771536132812506 0.4611578604166667 0.010926267968749981 0.01699641527777784
4 0.3382021125 0.4514456222222222 0.010926268750000023 0.016996413888888878
4 0.33000741132812494 0.4575157729166667 0.010926267968749981 0.01456835694444444
6 0.683745330859375 0.45023159444444444 0.010926267968749936 0.01942447499999997