2 0.388085454296875 0.4919495013888889 0.22465347265625 0.2766565916666666
2 0.8935557656249999 0.3973038256944444 0.20593234843749997 0.29537771249999994
2 0.7607528027343751 0.4129047618055556 0.12987778984375006 0.14768885694444442
2 0.6759227156250001 0.38066282847222227 0.12168729843750006 0.15392923194444444
2 0.475840716796875 0.42538550902777783 0.023401403906250007 0.031201870833333346
2 0.50860268125 0.41290476111111113 0.00936056093750004 0.03536211944444448
2 0.492806733984375 0.40978457430555554 0.01053063046875007 0.029121745833333375
4 0.0709964390625 0.47322837916666666 0.0163809828125 0.08112486666666673
4 0.15641156171874998 0.45970756736111107 0.01404084218749999 0.062403740277777724
4 0.28160906875 0.4451466944444445 0.011700701562500004 0.058243491666666675
4 0.25762262968750005 0.45450725694444444 0.010530631250000023 0.060323619444444414
4 0.13125505234374998 0.4690681291666667 0.015210910937499999 0.06448386666666665
4 0.173377578515625 0.44618675763888893 0.010530630468750002 0.039522370833333376
6 0.5103577859374999 0.33386001944444443 0.015210912499999996 0.027041622222222214
6 0.44073861171874995 0.32969977083333335 0.011700701562500004 0.0228813722222222
6 0.391595664453125 0.31929914722222225 0.011700700781250007 0.027041619444444442
6 0.54194968125 0.35362120555555554 0.008190490625000013 0.024961497222222247
7 0.51562310234375 0.29537771319444445 0.01638098281250002 0.0166409986111111
9 0.595187873828125 0.39522370138888885 0.06318378828124996 0.10816648888888886