2 0.08227851992187499 0.5611223305555556 0.16220659921875 0.27734688055555556
2 0.339536116796875 0.4812243875 0.011364792968750015 0.025714280555555528
2 0.5053587859374999 0.47479581944444443 0.012397956250000064 0.031224483333333334
2 0.51672358046875 0.4729590833333333 0.016530609374999995 0.03857141944444441
2 0.5213728132812501 0.4766325534722222 0.017563771875000002 0.03489795138888891
2 0.533254187890625 0.47387745000000003 0.020663261718750013 0.044081622222222214
2 0.5487516347656249 0.47295908125 0.020663261718750013 0.04591835972222221
2 0.62520569921875 0.46469377777777776 0.03719386875000001 0.047755091666666596
2 0.56838173203125 0.4766325520833333 0.041326521874999946 0.060612231944444435
2 0.40410880742187505 0.4702039840277778 0.11364793671875004 0.18367343194444444
2 0.828428876953125 0.45459174097222216 0.11674742578124997 0.10836732361111111
2 0.9598030324218751 0.4688536125 0.07781212734375006 0.17535376388888887