6 0.22886710742187502 0.48187483125 0.014765619531249996 0.018749993055555574
6 0.309550673046875 0.4378123465277778 0.011601558593749983 0.0431249847222222
6 0.57585917265625 0.4218748520833333 0.008437495312499977 0.044999984722222226
6 0.48410139374999994 0.5287498125 0.008437498437500057 0.018749988888888916
6 0.425566258203125 0.5296873145833333 0.007382810156249952 0.020624993055555603
7 0.58007792109375 0.5193748166666666 0.012656243750000051 0.026249991666666656
7 0.66445289296875 0.4796873208333333 0.016874993750000032 0.016874994444444427
4 0.06591794570312501 0.6178122819444444 0.02003905546875 0.09937496111111115
2 0.44455062539062495 0.5821872972222222 0.011601558593750028 0.014999997222222245
2 0.436113129296875 0.5821872972222222 0.007382810156249952 0.014999997222222245
2 0.42978500625000005 0.5840622951388889 0.0073828109375000395 0.018749993055555574
2 0.45298812265625 0.580312298611111 0.00949218437499999 0.014999994444444473
2 0.49728498203125004 0.5878122944444445 0.00949218437499999 0.01874999444444446
2 0.508359197265625 0.586874795138889 0.018984367968750072 0.020624993055555527
2 0.518906068359375 0.5924997923611112 0.012656246093749957 0.028124990277777803
2 0.52734356484375 0.6009372895833334 0.014765618749999997 0.03374998749999997
2 0.53367168828125 0.6037497888888889 0.014765620312499995 0.0318749888888889
2 0.5421091851562501 0.6065622875 0.012656245312500047 0.03749998611111115
2 0.5526560558593749 0.6084372854166668 0.01687499453125003 0.04124998194444447
2 0.571640423046875 0.6121872861111112 0.037968736718749965 0.05624998055555552
2 0.20355461640624997 0.6006247798611112 0.056953103124999994 0.11249996250000002
9 0.39708970546875 0.5634373034722222 0.04535154687499996 0.11624995694444439
9 0.48937482929687504 0.5765622979166666 0.01898436953124998 0.03374998750000005
9 0.336445194140625 0.5765622986111112 0.04429685859374999 0.04124998611111113
2 0.359793327734375 0.6144372791666667 0.05273435546874996 0.08062497222222223
2 0.47460920859375 0.5780622958333334 0.008437496874999973 0.016874994444444427
2 0.4640623375 0.5818122944444445 0.010546871875000008 0.016874994444444427
2 0.5828596562499999 0.6181872833333333 0.04535154531249992 0.054374980555555494
2 0.2643441421875 0.6453747736111112 0.1423827625 0.17999993333333336
2 0.10601704257812498 0.60814431875 0.15820306953125 0.14062495138888892
2 0.642325448046875 0.6240818124999999 0.07910153515624999 0.12749995555555552
2 0.93181608046875 0.7706247319444445 0.13394526562499998 0.2362499166666666
2 0.007910153515625 0.6468747729166667 0.01582030703125 0.11249996250000002