6 0.404935179296875 0.35612979930555555 0.00974807890624998 0.02946085972222221
6 0.507290003125 0.38905664236111115 0.007798462500000003 0.02252889305555554
6 0.48584423046875 0.4141850222222222 0.007798462500000003 0.010397950000000043
6 0.4565999921875 0.4465919756944444 0.00779845624999993 0.012824154166666643
6 0.477558363671875 0.44971135277777785 0.00877327109374999 0.008664958333333316
6 0.4463645124999999 0.41245203055555557 0.006823654687500014 0.017329916666666632
6 0.41429333437500004 0.3493711291666667 0.005848846875000024 0.03119384999999997
2 0.47863065234375 0.4739732368055556 0.017546540624999985 0.02252889305555554
2 0.425503624609375 0.4731067409722223 0.016571733593749992 0.020795901388888892
2 0.40064602460937504 0.4904366590277778 0.03119385078125001 0.045057784722222195
2 0.1783898359375 0.5649553027777778 0.1325738671875 0.15250327222222218
2 0.059950682421875 0.5926831701388888 0.11990136484375 0.19409507361111109
2 0.873671531640625 0.5060335840277778 0.25052561640625 0.5285624763888889
6 0.570993695703125 0.45317733611111116 0.011697694531250047 0.024261883333333303
2 0.511676632421875 0.47033397013888895 0.012672502343750036 0.017329918055555598
2 0.46683547148437493 0.46253550763888884 0.010722886718750057 0.012130943055555498
2 0.4395408515625 0.4686009784722222 0.008773270312499993 0.013863934722222224
2 0.35863181523437504 0.47813243333333333 0.020470964843749995 0.022528891666666655
6 0.25734927148437503 0.4159180145833334 0.011697694531250002 0.027727868055555483
6 0.30950149101562496 0.4328146840277778 0.018521349218750018 0.031193851388888857