2 0.417889983203125 0.7207389416666667 0.19335208359374997 0.26889106666666673
2 0.8463051785156249 0.7796454888888888 0.3064006757812499 0.3174023388888889
2 0.67595263984375 0.7443015604166667 0.20114853749999995 0.26057484583333335
2 0.32589181484375 0.6805438847222223 0.04054156562499998 0.07207389444444456
2 0.012981160546874999 0.7339062881944445 0.02549427890625 0.18988699305555556
7 0.27677414765625 0.5017451861111111 0.04833801874999999 0.022176583333333295
7 0.180877752734375 0.51560555 0.017152199218749997 0.013860363888888906
7 0.5223624777343749 0.5509494798611111 0.009355744531249943 0.006930181944444453
7 0.9024396535156249 0.30839310555555555 0.04443979296874989 0.06237164166666665
6 0.33329844687500004 0.5031312229166667 0.00857610000000002 0.0415810930555556
6 0.44439792929687505 0.5287728965277777 0.004677872656249971 0.029106765277777828
6 0.34265419296875 0.5031312222222222 0.0070168093749999995 0.03880901944444446
6 0.454533320703125 0.5273868597222222 0.006237164843749987 0.023562619444444426
6 0.5258708828125 0.6154001729166667 0.008576099999999975 0.016632437500000048
6 0.584872175390625 0.5292349138888889 0.010135391406249994 0.056827497222222294
6 0.603973490625 0.5888344784722223 0.010915037499999957 0.03187883750000001
6 0.5918889847656249 0.5902205145833334 0.003898227343750005 0.0180184736111111
6 0.590719517578125 0.5715090229166667 0.010915038281250044 0.008316218055555583
7 0.372418779296875 0.5514114958333334 0.006237163281249991 0.015246402777777727
6 0.185945449609375 0.5946096270833334 0.010135391406249994 0.01940450972222223