2 0.11453992226562501 0.39252262638888896 0.018521349218749993 0.022528891666666655
2 0.232004267578125 0.3925226256944444 0.035093082031249966 0.039858809722222256
2 0.2534500390625 0.40205407986111114 0.03509308437500001 0.04852377083333334
2 0.27245879296875 0.40292057499999995 0.06141289375000003 0.0502567611111111
2 0.29731639335937504 0.40118758611111105 0.06628693359375001 0.06412069444444445
2 0.3041400484375 0.40552006319444445 0.05069000781249997 0.06585368472222228
2 0.33143466796875 0.41071903750000005 0.06238770156250002 0.07971761944444443
2 0.348981209375 0.40898604722222226 0.06238770156250002 0.09011556944444447
2 0.37968765625 0.4055200638888889 0.07311058749999999 0.10397950277777777
2 0.4099066984375 0.40552006319444445 0.0965059765625 0.09704753750000003
2 0.4527982449218751 0.4107190388888889 0.09650597578125 0.10744548888888887
2 0.5234718132812499 0.4141850229166667 0.14622117656250005 0.11784343750000004
2 0.6399613499999999 0.4167845097222222 0.1686417578125 0.14730429722222224
2 0.78374550859375 0.403787075 0.25929888593749995 0.18369712222222223
2 0.925580048828125 0.423716475 0.14524637109374988 0.24088585277777774