2 0.45549285117187494 0.37054662499999996 0.006591791406250014 0.025781233333333375
2 0.47065397343749993 0.3810934923611111 0.031640603124999965 0.05624995972222221
2 0.4376950109375001 0.37523412291666663 0.013183582812499938 0.021093737500000032
2 0.40803194492187506 0.37874974513888887 0.02241209296875004 0.02812498194444449
2 0.6189693011718751 0.3988278548611111 0.030322244531250053 0.04921871527777778
2 0.70136670546875 0.4210934638888889 0.09228509374999998 0.1171874194444445
2 0.0408691125 0.45289031944444447 0.081738225 0.14328115833333327
2 0.37665501132812496 0.38390598402777776 0.030322244531250007 0.0374999736111111
2 0.547777944140625 0.4347653354166667 0.13842763984374998 0.23765609027777782
7 0.180615110546875 0.24421858402777777 0.023730452343749996 0.022499987500000016
7 0.172704959375 0.2833591798611111 0.015820301562500007 0.011718743055555573
7 0.131176666796875 0.31382790972222224 0.014501942968750004 0.03984372222222221
7 0.38166477578125 0.2962497965277778 0.009228509375000016 0.04218747083333333
6 0.380214584765625 0.26062482152777783 0.003691407031250016 0.029062479166666697
7 0.17072742148437497 0.33562477013888886 0.009228508593749995 0.029062481944444427
4 0.251674632421875 0.40781222083333335 0.009228508593750018 0.06093745833333328
7 0.6799746156250001 0.28044617916666664 0.023661040625000053 0.05973222499999997
7 0.662211483984375 0.2634373236111111 0.014501942968749936 0.018749986111111106
7 0.61409139765625 0.29859354791666665 0.013183584374999936 0.014062490277777763
6 0.541318005078125 0.26179669722222226 0.003164072656250028 0.03515622500000003
6 0.536440073046875 0.2582810743055556 0.00659179296875001 0.042187470833333365
6 0.27079084140625 0.3520310104166667 0.013183584375000024 0.01874998750000003
4 0.6229243765625 0.3918747409722222 0.01186522656250002 0.07968744583333331
7 0.16018055390625002 0.3892966125 0.009228509374999994 0.0726562
7 0.28212871328125 0.3060935451388889 0.015820303125000025 0.014062490277777763
2 0.822655684375 0.42914033472222224 0.21357407187500002 0.2179686
4 0.41014132773437506 0.3771091194444444 0.00659179296875001 0.030468727777777756
4 0.4279391671875 0.37007787291666666 0.005273434374999919 0.03515622638888887
6 0.6338937679687501 0.22695138472222223 0.011392399999999992 0.047257363888888904
4 0.323496704296875 0.3801686222222222 0.0037974664062500273 0.02025315555555554
4 0.43993652421874996 0.37518972638888887 0.0037974671875000256 0.02194091944444444
4 0.6925899281250001 0.3546609493055556 0.007722456250000054 0.019830504166666665