4 0.45591762851562495 0.46426848541666665 0.012282577343750045 0.044711190277777826
0 0.456112590625 0.47882561736111107 0.01072288593750006 0.03985880972222217
2 0.46683547656249996 0.45802971875000004 0.018521345312499982 0.029460859722222288
2 0.43759124296874996 0.46756117291666666 0.01852135312500005 0.03119384861111109
2 0.49413009687500004 0.46756117291666666 0.047765584375 0.07278565138888887
2 0.37715315625 0.4857575854166667 0.02631981250000002 0.05372274583333329
2 0.396161908203125 0.4893968652777777 0.046790777343749965 0.062387700000000025
4 0.5994093453125 0.4519642430555556 0.01462211562500002 0.0623877027777778
4 0.612081846484375 0.4502312486111112 0.010722886718749968 0.06585368333333332
4 0.623292136328125 0.4450322736111111 0.013647308593750029 0.0623877027777778
4 0.638889063671875 0.4268358611111111 0.017546544531249975 0.03985881111111114
7 0.5940479023437499 0.2734660875 0.01949615781249996 0.12824139444444446
2 0.27626054375 0.48922356875 0.1774150265625 0.28594363472222223
2 0.765419119921875 0.6185047493055555 0.37393628984375005 0.4197305902777777
2 0.9036468718749999 0.7495189208333334 0.1910623375 0.49390264166666664
2 0.138142569921875 0.5102442069444445 0.047022285156249996 0.02370609444444448
2 0.180602991015625 0.5077488305555555 0.03088030703125 0.021210716666666626
6 0.4536129750000001 0.3773653131944444 0.0070182515625000445 0.022458404166666668