7 0.8492641691406251 0.09488287499999999 0.050562585156249895 0.10653515833333334
7 0.737371040234375 0.1864365277777778 0.03651742265625 0.06325525
7 0.7256667375 0.2288841326388889 0.02434494843750006 0.02163995416666668
7 0.554315753515625 0.21390262430555554 0.01872688359375001 0.018310729166666682
7 0.378751219140625 0.24469794444444445 0.012172475781250025 0.013316894444444453
2 0.39975834375 0.27882248819444444 0.03570232031249998 0.04161529583333336
2 0.33755207539062504 0.27715787430555555 0.01779053828124999 0.02163995416666668
9 0.30899357890625 0.2613440638888889 0.022472259375000015 0.046609133333333316
2 0.286521318359375 0.2663378986111111 0.04307183203125002 0.05326757777777777
9 0.10206151562500002 0.28714554722222224 0.20412303125000003 0.21806415555555553
2 0.960689125390625 0.3179408673611111 0.07490753359375013 0.06658447361111111