7 0.6426610390625 0.29641777569444444 0.02223133281250007 0.049922993055555566
7 0.915287387109375 0.05304318125 0.029251753906249966 0.03744224583333333
7 0.9088520015625001 0.11440685972222223 0.021061262500000132 0.03536211944444444
7 0.89247101953125 0.1768106041666667 0.018721123437499897 0.0852851138888889
7 0.26180320078125 0.2714562784722222 0.009360560937499995 0.04576274305555559
7 0.582987461328125 0.2995379625 0.01287077265624994 0.022881372222222238
6 0.516878496484375 0.33802027152777775 0.008190489843750015 0.020801245833333346
6 0.458374988671875 0.34010039583333335 0.00819049140625001 0.02080125
7 0.5361846542968751 0.3442606458333333 0.023401403906250007 0.016640997222222252
1 0.568946619140625 0.38794326388888883 0.06786406953124997 0.12480748333333334
2 0.5294567503906251 0.4035442 0.010530632031249976 0.02912174722222226
2 0.463347786328125 0.4052776361111111 0.011700700781250007 0.027041622222222214
2 0.44755183945312493 0.4156782611111111 0.026911614843749997 0.047842872222222214
2 0.41244973359375 0.4177583854166667 0.06201371875000006 0.08528511527777777
9 0.3211842609375 0.4028508284722222 0.02457147343749999 0.045762745833333285
2 0.275551523828125 0.41429151319444446 0.05265315703125002 0.060323615277777756
2 0.16732003515625 0.4070110777777778 0.018721123437499987 0.02080125
9 0.193646612890625 0.41221139027777776 0.052653157031249974 0.047842872222222214
2 0.349265944921875 0.4441066340277778 0.09711582421875002 0.11440686249999996
2 0.49552471640625007 0.42850569861111115 0.07605456093749999 0.11648698611111112
2 0.11408184140625 0.5404857506944445 0.2281636828125 0.4777353263888889
2 0.909290761328125 0.4100817305555556 0.16966017421875002 0.11648698611111112
2 0.92274656640625 0.5546504020833334 0.15210912187499998 0.3390603347222223