7 0.353855248046875 0.4618422951388889 0.013647310156249981 0.012130943055555576
7 0.620465194140625 0.4800387083333334 0.01852134921875006 0.01386393333333326
2 0.071648376171875 0.72265755 0.14134713671875002 0.3847241638888888
2 0.172053584765625 0.6299424930555556 0.28171946796874997 0.3240694527777778
2 0.3085266828125 0.5961491541666667 0.0633625109375 0.15943523888888886
2 0.34020793828125 0.5866176993055556 0.03899231406250001 0.10571249583333334
2 0.360191498828125 0.5822852187499999 0.032168658593749996 0.07625163472222225
2 0.376763232421875 0.5779527409722222 0.032168658593749996 0.08145061250000005
2 0.3962593890625 0.5753532520833333 0.022420579687500018 0.06238770138888891
2 0.41039410312499996 0.5701542784722222 0.017546540624999985 0.045057784722222195
2 0.420142181640625 0.5692877826388889 0.01949615703125005 0.039858809722222256
2 0.8607553281249999 0.6654688222222223 0.27489581249999995 0.31887047777777777
2 0.6950379941406251 0.6316754854166666 0.11502732578124997 0.16463421527777777
2 0.6238770214843751 0.6039476166666666 0.08188385859374998 0.08838257777777775
2 0.590733554296875 0.582285220138889 0.06823654921874996 0.09704753750000003
2 0.545404989453125 0.5822852187499999 0.026319811718750065 0.07625163472222225
2 0.516160754296875 0.5727537659722223 0.022420580468750017 0.032926843055555585
2 0.5000764249999999 0.5710207736111111 0.009748078124999981 0.029460858333333326
2 0.49081575 0.5684212868055555 0.010722885937499971 0.020795901388888892
2 0.4835046914062501 0.5614893194444444 0.01169769374999996 0.02079590000000001
2 0.453773051953125 0.5571568395833333 0.022420580468750017 0.02946085972222221