2 0.21198989375 0.3983438875 0.146258771875 0.13520810833333338
2 0.46940533085937497 0.4139448236111111 0.18136087578124999 0.3120187111111111
2 0.7648480484375 0.4451466930555556 0.2527351562500001 0.24961496944444445
2 0.340112577734375 0.3702622041666667 0.058503508593749975 0.07488449166666669
2 0.5664602015625 0.3652104694444444 0.03627217499999995 0.08320498888888889
2 0.626133780078125 0.34440922083333336 0.11583694609375002 0.22465347222222223
1 0.397970097265625 0.3212306791666667 0.026911613281249958 0.04992299444444445
9 0.326010782421875 0.3347514916666667 0.12402743828124999 0.08528511388888893
9 0.18032358750000002 0.3053081194444444 0.2281367640625 0.1553661027777778
4 0.15108529140625 0.3524325513888889 0.0269116140625 0.06656399166666667
9 0.59395685078125 0.3035496208333333 0.037442245312499976 0.04784286944444444
7 0.197888098828125 0.2380256895833333 0.015210911718749998 0.012480748611111123
7 0.17741187109375 0.2577868770833333 0.0210612625 0.010400623611111114
7 0.2721875546875 0.1964231965277778 0.039782385937499984 0.03744224583333333
7 0.71681421796875 0.2765079986111111 0.01872112187500008 0.04368261944444443
7 0.7759027609375 0.2546666902777778 0.015210910937499999 0.008320500000000033
7 0.596882025390625 0.2619471256944444 0.010530630468749979 0.01456087361111109
6 0.348827150390625 0.18810269791666667 0.008190491406249967 0.033281995833333335
6 0.611507902734375 0.2349055034722222 0.007020421093749984 0.03536211805555555
6 0.27920797578125 0.26714743750000003 0.004680281250000018 0.037442244444444446
6 0.167466274609375 0.294486225 0.017551052343750005 0.024961497222222205
6 0.34122169453125 0.19256011388888888 0.0070204203125000305 0.03328199444444443
6 0.355847571484375 0.19256011388888888 0.005850350781250002 0.04160249444444446
6 0.601562306640625 0.2404029826388889 0.00819049140625001 0.033281995833333314
6 0.757766673828125 0.21648154930555555 0.009360561718749948 0.03536212083333336
6 0.772977586328125 0.21024117361111114 0.007020421093749984 0.056163366666666666
6 0.7062835859375001 0.29240610208333334 0.014040842187499968 0.029121745833333337