7 0.48794082539062505 0.6571224402777778 0.03270714609375007 0.03792132777777779
7 0.38057606171875 0.6508022180555555 0.03128509531250003 0.03033706111111114
7 0.6514765550781251 0.7000999465277778 0.01848664765625001 0.027808973611111218
7 0.6148943460937499 0.7268254666666666 0.011376399999999976 0.017696619444444492
2 0.8313658593750001 0.8786913541666667 0.24459257187500008 0.2376403277777778
2 0.55833228984375 0.7687195034722223 0.04834969375 0.08342692638888896
2 0.51890598203125 0.7432580409722224 0.01848664843750001 0.030337062499999946
2 0.49188703554687496 0.7748591486111112 0.05261584453124994 0.08342692222222214
2 0.44069324101562496 0.7495782631944444 0.027018947656249993 0.03792132916666668
2 0.46273501406249995 0.7369378215277778 0.019908698437499962 0.03792132916666668
2 0.42007351914062496 0.7382018659722221 0.019908699218749958 0.030337062500000102
2 0.40229789687499995 0.7432580409722224 0.012798448437499976 0.030337062499999946
2 0.37741202421875003 0.74578613125 0.014220498437500017 0.015168531944444416
2 0.364613575390625 0.7356737756944445 0.01706459765624997 0.020224709722222182
7 0.345415903515625 0.69775245 0.009954349218749981 0.025280886111111144
9 0.042485484765625005 0.7040726881944445 0.08460842890625 0.08342692083333342