2 0.35252616718749996 0.4633188854166666 0.04590682343750001 0.04250632361111105
2 0.500958231640625 0.4667193881944444 0.02754411171875004 0.03570530972222217
2 0.6160122140625 0.47879118055555553 0.024674907812499924 0.03264484999999995
2 0.5502124148437499 0.4862722958333333 0.027735373437499967 0.034005058333333296
2 0.6702396351562501 0.48102904583333334 0.01912784375000003 0.023518558333333318
2 0.701896221484375 0.47454054791666667 0.025057483593749996 0.02074307916666669
2 0.6307406484375001 0.4857622131944445 0.010520314062500003 0.022103284722222265
2 0.6383917859375 0.48406196111111116 0.012433098437499979 0.015302272222222198
2 0.65608504140625 0.48321183402777784 0.015302274999999987 0.017002526388888918
7 0.695297121875 0.45651787013888884 0.024866196874999958 0.018702779166666676
7 0.69960088671875 0.4131614243055556 0.06407827500000005 0.07481111805555558