2 0.350683352734375 0.6464839375 0.03427731953125002 0.04921871666666659
2 0.286742967578125 0.6499995576388888 0.10942375390625 0.13593740694444445
2 0.237304524609375 0.6441401861111111 0.02900388515625001 0.05859370833333328
2 0.20170884609375 0.6453120618055556 0.036914037499999976 0.07499994861111109
2 0.12194815781250001 0.6628901743055555 0.1252440546875 0.11484366805555553
7 0.153588762109375 0.54453088125 0.027685527343750006 0.0374999736111111
7 0.2781736359375 0.4542965673611112 0.015820303125000025 0.05859370972222225
7 0.225439298046875 0.5269527708333333 0.023730450781250002 0.021093736111111067
7 0.18391100703125002 0.5749996111111112 0.011865228124999993 0.02343748611111107
6 0.46120574140625 0.45429657013888897 0.011865228125000016 0.03515622638888887
2 0.46845671289062496 0.6371089430555555 0.05273433828125 0.05390621666666667
2 0.6636616640625 0.46265593263888893 0.12392569531250004 0.38437473472222217
6 0.8457269578125001 0.38414036388888884 0.01713866093750003 0.03515622777777776
6 0.7890375445312501 0.46851530833333327 0.011865226562499932 0.021093736111111067
2 0.86022890078125 0.48609341805555556 0.009228509375000016 0.042187472222222216
6 0.86682069296875 0.48726529166666666 0.009228509375000016 0.04453121944444444
6 0.85165957109375 0.4849215458333333 0.010546868750000016 0.03515622777777776
6 0.9709710109374999 0.5200777708333334 0.009228507812500019 0.02109373888888884