7 0.587809130078125 0.13517335486111112 0.025345003906249986 0.05198975138888891
7 0.587321726953125 0.08145061041666667 0.06141289453124994 0.027727862500000002
7 0.86124273203125 0.06065471041666667 0.041916735937499894 0.04505778472222222
6 0.7198955941406251 0.25648277430555555 0.03021904296875002 0.034659834722222234
6 0.72038299765625 0.17156617916666667 0.019496156249999962 0.07278565
6 0.60876749921875 0.19756105625000003 0.014622117187500016 0.06585368472222222
2 0.482529883984375 0.39598861041666666 0.007798461718750005 0.02946085972222221
2 0.48935353906250006 0.3942556173611111 0.007798464062499999 0.03985880972222217
2 0.500076425390625 0.3829911701388889 0.013647310156249936 0.06238770138888887
2 0.5259088335937501 0.3847241625 0.05946327812499996 0.07278565
2 0.4333020875 0.39078963333333333 0.08870751406250003 0.12650839444444448
2 0.322173993359375 0.3838576701388889 0.07116097265624996 0.0849165986111111
2 0.23785311406250004 0.40032108888888884 0.0838334734375 0.0831836027777778
2 0.362141114453125 0.40205407986111114 0.014622116406249974 0.034659834722222234
2 0.37578842421875003 0.40898604722222226 0.014622117187500016 0.03119384722222228
2 0.045815968750000005 0.4228499819444445 0.089682321875 0.11784343888888892
4 0.09211933984375001 0.40811955138888895 0.020470960937500005 0.10224651111111116
4 0.11892655742187501 0.3994545923611111 0.023395388281249985 0.11264446250000001
2 0.85880571171875 0.3708602284722222 0.14622117656249997 0.10744548472222226
1 0.941176975390625 0.2954750888888889 0.11600213359374986 0.2478178166666667
2 0.9723708265625 0.38645715486111115 0.051664817187499955 0.12130942083333333