7 0.654583468359375 0.35179732013888887 0.018521349218749972 0.013863931944444415
7 0.658970103515625 0.31540449374999996 0.035093082031250056 0.04159180138888886
4 0.41283112265625005 0.4540438326388889 0.036067890625 0.11091147083333336
2 0.12136357695312501 0.5536908562499999 0.24272715390625002 0.2616817513888889
2 0.27489581289062504 0.4809052027777778 0.13257386640625 0.16810019722222216
2 0.36652774921875003 0.4575098138888889 0.062387701562499974 0.07278565277777777
2 0.424041412890625 0.4393134013888889 0.027294619531250053 0.05372274166666663
2 0.444999781640625 0.4350895895833333 0.01852134921875006 0.02794520416666665
2 0.4581596875000001 0.4349809236111111 0.009748078124999981 0.017329916666666632
9 0.7637619472656251 0.44537887361111106 0.18618829921875008 0.17676515555555558
9 0.6762286843749999 0.41530910416666666 0.078560546875 0.10969364999999998
2 0.529320659375 0.4390098708333333 0.09163193750000005 0.0669796138888889
2 0.56295153046875 0.41245203055555557 0.034118274999999976 0.031193852777777743
2 0.48204247968749997 0.42718245972222224 0.014622117187500016 0.0259948777777778