6 0.33070527421875 0.12695363680555558 0.008046357812500026 0.028609268055555564
6 0.264825721484375 0.17076158263888888 0.005028972656250019 0.023245031944444446
6 0.20045486328125 0.17076158333333333 0.005028973437499995 0.030397350000000007
6 0.291982178515625 0.12427151944444444 0.005028972656250019 0.02682119166666668
6 0.32115022421874995 0.12784767777777778 0.007040562499999981 0.03397350833333333
6 0.4850947546875 0.15377482916666668 0.005028973437499929 0.021456952777777774
6 0.419215203125 0.16629138472222224 0.008046357812500026 0.021456952777777774
2 0.3649022921875 0.25033111597222224 0.032185429687499975 0.09298012916666668
2 0.214535990234375 0.2610595923611111 0.05531870703124999 0.07152317361111113
2 0.485597651953125 0.2449668784722222 0.020115892968749983 0.039337745833333354
2 0.521303362109375 0.27804634722222227 0.04324916953124998 0.07688741388888888
2 0.582153939453125 0.2878807840277778 0.044254964843750064 0.06437085972222224
2 0.41871230546875005 0.2896688631944444 0.12371274375000003 0.19668873472222223
2 0.8149954046874999 0.35225164305555556 0.19210678125000005 0.20384105277777778
7 0.32718499257812506 0.1886423770833333 0.015086921093750006 0.026821190277777775
4 0.246218521875 0.23245032222222226 0.008046357812499983 0.04291390555555559
4 0.298016947265625 0.22440396527777778 0.007040563281249979 0.02682119166666668
4 0.314109660546875 0.23245032222222226 0.009052152343749986 0.03576158888888889
9 0.112950728515625 0.3102317770833333 0.22429221015624998 0.6133112375
7 0.5011874695312499 0.1680794638888889 0.027156456250000006 0.0143046361111111
7 0.532367104296875 0.16450330555555556 0.01508692109374996 0.017880794444444428
7 0.5534887917968749 0.1662913847222222 0.013075330468749957 0.017880794444444445
4 0.5876858113281249 0.24228475833333332 0.00704056484374993 0.019668872222222255
4 0.580645248046875 0.24139071874999998 0.005028972656250019 0.01788079305555558
4 0.568575710546875 0.24049667916666664 0.011063741406250039 0.030397347222222218