2 0.06588004453125 0.5509494791666667 0.130200796875 0.24255637499999996
2 0.8763215304687499 0.5467913701388889 0.2463679749999999 0.3839320902777778
2 0.12474327851562499 0.5169915868055556 0.08576100390625 0.1580081513888889
2 0.17113218515625 0.5114474409722222 0.03976192031250001 0.1081108402777778
2 0.6903760808593751 0.5197636597222222 0.17542023515625002 0.19127302777777772
4 0.19296225859375 0.4948150034722223 0.016372554687499985 0.06652974861111108
4 0.21089410546875 0.4962010402777778 0.010135392187499991 0.07761803888888892
4 0.206216231640625 0.5072893305555556 0.011694682031250014 0.03880901944444446
4 0.36565373476562496 0.4858057673611111 0.010915036718750003 0.05128334861111112
7 0.385144871875 0.48788482152777785 0.014033618749999999 0.030492801388888876
7 0.4962443546875 0.48649878472222224 0.011694682812500013 0.019404508333333344
7 0.49897311250000004 0.42759223749999997 0.018711492187499967 0.08454822222222218
7 0.602269833203125 0.2628476729166666 0.018104303906249973 0.03218542916666666
7 0.50712240078125 0.2960023548611111 0.01488724687499996 0.023395459722222216