2 0.6243178546875 0.42919849791666664 0.03438682343749999 0.038207579166666665
2 0.683778404296875 0.4241041534722222 0.06447529296874999 0.06877364861111109
2 0.691658718359375 0.42665132638888886 0.05444580234374996 0.06367930277777774
2 0.4079674265625 0.43301925694444443 0.02579011874999999 0.04075475277777782
2 0.325582326953125 0.4304720840277778 0.021491764843749993 0.030566062499999998
2 0.30623973984374997 0.42919849791666664 0.02865568593750001 0.04839627083333337
2 0.218123505078125 0.43556642916666666 0.03581960703125002 0.04584909722222221
2 0.176572759375 0.41136829375000006 0.05874415625 0.03820758194444444
2 0.11711221093749999 0.44066077291666667 0.074504784375 0.05603778472222227
2 0.172274406640625 0.44193435972222217 0.06447529296874999 0.04330192777777779
2 0.342775739453125 0.4291984986111111 0.018626196093750026 0.03311323611111116
2 0.37358060195312504 0.4368400138888889 0.05444580390625005 0.07386798888888882
2 0.42802640546875 0.44702870277777784 0.05158023593749998 0.0738679888888889
7 0.44378703359375005 0.3629720256944444 0.017193412499999994 0.06877364861111109
7 0.33417903359375 0.3680663680555556 0.018626195312500027 0.02801889166666665
7 0.264688995703125 0.3820758152777778 0.06304251015625 0.05603778611111111
7 0.7274783265625 0.27509458611111115 0.020058979687499968 0.025471722222222225
2 0.26397260390625 0.4470287020833333 0.07880313593750002 0.08405667916666665
1 0.5290376999999999 0.3667927833333333 0.17336690156249998 0.3769814694444444
6 0.705986561328125 0.2674530701388889 0.011462274218749968 0.0356604097222222
6 0.39363958242187497 0.34514181875000005 0.008596705468749999 0.028018893055555535
2 0.051392184375000004 0.4317456708333333 0.10278436875000001 0.41009470833333334