0 0.166204737890625 0.5155650388888888 0.12380059609375 0.17156618055555561
0 0.18570089531249998 0.5060335826388889 0.11795175 0.14210532083333333
4 0.31876216484375003 0.48870366736111115 0.021445771874999985 0.09704753750000003
4 0.37091438515624997 0.4687742625 0.010722885937500015 0.04679077777777773
4 0.3519056328125 0.4713737486111111 0.0116976953125 0.05892171944444442
4 0.38797352265625 0.46704127083333336 0.007798462500000003 0.03985881111111106
4 0.951412457421875 0.4349809222222223 0.027294619531249963 0.1490372888888889
4 0.062875105859375 0.5051670881944444 0.028269427343750004 0.09184856249999993
4 0.040454525390624996 0.5086330708333334 0.01657173359375 0.09531454722222218
3 0.26709734960937503 0.4991016173611111 0.06433731796875 0.10397950416666661
3 0.2890305265625 0.497368625 0.02631981250000002 0.09358155277777777
5 0.255887059765625 0.47657272361111114 0.016571733593749992 0.055455733333333354
4 0.911932740234375 0.42891545208333337 0.01852134921875006 0.10571249583333334
4 0.9679841906250001 0.4384469069444445 0.019496156249999962 0.13863933888888885
4 0.98553073203125 0.4341144270833333 0.01949615625000014 0.13344036249999994
4 0.9913795800781251 0.3907896340277778 0.013647310156249936 0.05718872638888889
4 0.336308707421875 0.4826381951388889 0.013647310156250026 0.09531454583333338
2 0.780333680859375 0.4635752861111111 0.22713022890625006 0.32406945277777777
2 0.53029546875 0.4687742625 0.09943039999999996 0.19236208055555556
1 0.43135247148437494 0.4297819472222222 0.08285866640625002 0.17329917222222227
2 0.6360621195312499 0.45057784930555556 0.0965059765625 0.14557130694444448
2 0.582447687890625 0.4540438319444445 0.024370196093749998 0.04852376666666668
2 0.57074999375 0.4367139152777778 0.014622117187500016 0.02079590000000001
2 0.47619363359375005 0.4549103277777778 0.012672501562499949 0.022528891666666655
7 0.18521349062499998 0.35179732013888887 0.011697693749999983 0.06585368472222221
7 0.73403030859375 0.20622601527777779 0.021445773437500027 0.0623877027777778
7 0.737442135546875 0.2590822638888889 0.018521349218749972 0.036392825