7 0.175465412109375 0.2946085944444444 0.08188385859375 0.0866495861111111
7 0.18082685468749998 0.3665277506944444 0.05556404687500001 0.04679077638888892
7 0.17936464375 0.4271824604166667 0.081883859375 0.07105265972222223
7 0.39430977382812504 0.4271824618055555 0.043866352343750005 0.015596926388888871
7 0.651171641015625 0.47050725416666667 0.04289154453124997 0.019062911111111133
7 0.34167015 0.4913031548611111 0.022420579687499977 0.03639282638888888
7 0.3333842828125 0.4523108409722222 0.015596925000000006 0.01039795138888885
6 0.096505977734375 0.4315149402777778 0.02924423515625001 0.05892171666666665
7 0.14078573749999998 0.3705629993055556 0.010870878125000006 0.027133406944444497
6 0.127212423828125 0.42544946944444445 0.018521349218749993 0.06412069444444445
6 0.46742036171874995 0.4055200638888889 0.006823654687500014 0.041591802777777784
6 0.859293116796875 0.4878371708333333 0.00877327109374999 0.036392825
6 0.8709908109375 0.5172980305555555 0.008773270312499904 0.01906290833333336
6 0.4581596875000001 0.40811955277777784 0.007798462500000003 0.03985880833333329
6 0.47619363281249993 0.40898604861111115 0.006823654687500014 0.04505778333333339
6 0.9913795792968749 0.31107201458333333 0.013647310156249936 0.05025675972222222
6 0.32558581992187496 0.5224970055555556 0.011697694531250002 0.025994874999999952
7 0.38846092734375 0.5060335840277778 0.008773270312499993 0.010397951388888929
6 0.546867201953125 0.4965021291666667 0.005848847656250022 0.015596924999999985
6 0.56002710703125 0.5060335847222223 0.006823654687499925 0.01386393611111111
6 0.8568560964843751 0.5198975173611111 0.00974807890624998 0.020795898611111044
2 0.10722886250000001 0.6290759972222222 0.19301195312500002 0.1490372861111111
2 0.5532034519531249 0.6464059138888888 0.18228906640624992 0.1975610555555555
2 0.38748611874999994 0.5935496666666668 0.043866353125 0.06412069444444445
2 0.77448483359375 0.5926831708333334 0.21153330312499988 0.25648277777777784
2 0.9348407242187499 0.5926831708333334 0.1286746359375 0.15250326944444442
2 0.67164260546875 0.6056806083333334 0.03314346562499999 0.08838257777777775
2 0.651171641015625 0.5796857326388889 0.035093082031250056 0.04332479305555563
2 0.44061314570312504 0.5450258986111111 0.011697694531250047 0.019062911111111133
2 0.45377305273437496 0.5372274340277777 0.00877327109374999 0.013863934722222224
2 0.43183987617187497 0.5346279472222222 0.007798463281250001 0.012130941666666692
7 0.52883325625 0.5233635027777778 0.006823654687499925 0.013863933333333339
2 0.6307006765625001 0.5649553013888888 0.02924423593750003 0.04159180000000002
2 0.420262383984375 0.5335519958333332 0.00819049140625001 0.01872112222222226