2 0.165946997265625 0.4652541506944445 0.10124998046875003 0.09152540694444447
2 0.39710584648437497 0.4705931326388889 0.02230931796875 0.028983045833333262
6 0.50479120703125 0.40881348194444445 0.009438557812499937 0.01830508055555558
6 0.47733358554687494 0.43627110347222225 0.007722455468749967 0.015254234722222215
7 0.5223812453125 0.40881348125 0.013728810937500047 0.021355926388888866
7 0.532248828125 0.4355083930555556 0.0077224546874999685 0.025932199999999975
6 0.33017789296875 0.41567788750000007 0.010296607812500014 0.0167796583333333
6 0.5609935273437501 0.42025415763888885 0.008580506249999953 0.019830504166666665
7 0.502217055859375 0.4309321215277778 0.01973516484375004 0.016779656944444415
2 0.442897166015625 0.47466093541666665 0.01287076015625006 0.019830506944444437
3 0.46005817968749996 0.4830507638888889 0.007722456249999965 0.012203388888888927
5 0.460558704296875 0.4759321131944445 0.006006353906249995 0.016779656944444415
1 0.50474831484375 0.463728725 0.032605925000000015 0.05338981944444438
4 0.479884353515625 0.47283359652777773 0.006864405468749979 0.019830504166666665
2 0.48589070859375 0.46902003750000004 0.010296607812500014 0.024406775000000006
7 0.74888324296875 0.3942742895833334 0.01973516562499995 0.030508468055555623