7 0.8822011015625 0.058055223611111116 0.04679077656250001 0.08838258055555556
7 0.6735922210937499 0.2963415847222222 0.01754654218749998 0.03465983333333335
7 0.609742307421875 0.30240705486111114 0.014622117968750015 0.032926843055555585
7 0.31729995390625004 0.40118758402777777 0.01852134843750002 0.02946085694444444
7 0.6428857738281251 0.3795251875 0.012672502343749947 0.03465983333333335
7 0.316812550390625 0.28334414722222223 0.040941928906249994 0.022528891666666655
6 0.315350337890625 0.3422658659722222 0.010722885156250018 0.039858809722222215
6 0.42404141328125 0.40205408125000003 0.0058488484374999315 0.020795898611111124
6 0.58884801640625 0.29958384930555554 0.011825846874999968 0.041144362500000004
6 0.8232252257812501 0.08513525069444444 0.03606789062499995 0.10441681527777777
7 0.38122845546875 0.4419128895833333 0.02908706093750002 0.045057784722222195
2 0.46742036132812503 0.4427793861111111 0.01852134921875006 0.01906290833333336
2 0.4810676730468749 0.4523108423611111 0.02047096484374995 0.031193851388888937
2 0.49471498242187495 0.4427793847222222 0.02047096484374995 0.029460855555555554
2 0.52444662109375 0.4557768236111111 0.05458923906250002 0.06585368611111117
2 0.42696583593750004 0.47137375 0.07018616406250003 0.09011556944444447
2 0.286593506640625 0.4497113534722222 0.050690008593750016 0.05025676249999999
2 0.17351579609374998 0.4566433208333333 0.0701861640625 0.060654711111111065
2 0.0389923140625 0.4670412701388889 0.077984628125 0.07105265972222223
2 0.95969832421875 0.4514443444444444 0.034118275000000156 0.029460855555555554
2 0.863679751171875 0.45205694652777784 0.035093082031250056 0.05494794861111111
2 0.827124457421875 0.4540438319444445 0.03411827421874989 0.04159180000000002
4 0.609254903515625 0.4410463923611111 0.009748078906250068 0.039858809722222256
4 0.8968232191406251 0.4358474208333334 0.011697694531249959 0.06412069444444445
4 0.920218606640625 0.44624536736111114 0.025345003906249986 0.0745186430555556
6 0.69231946640625 0.290859175 0.013183584375000024 0.04921871666666667
6 0.69231946640625 0.4012497173611111 0.013183584375000024 0.023437484722222183