2 0.66258852578125 0.5270783618055556 0.08033694374999997 0.10541567361111107
2 0.74550771171875 0.5449310159722222 0.1386768671875 0.14452148750000002
2 0.8860017468750001 0.5763856923611111 0.22570855625000003 0.24143589583333333
2 0.478865566015625 0.5673176854166666 0.20026851796875 0.31171302638888887
7 0.7035221003906249 0.3845405125 0.026013878906249933 0.05157434999999992
7 0.70839970625 0.41826218333333337 0.01817145 0.02380353888888891
7 0.5078442515624999 0.41287806875000005 0.022953410937499984 0.015302276388888853
7 0.5867466078125 0.45793476666666666 0.010520315624999999 0.020403033333333397
7 0.32947710859374996 0.45821812291666664 0.008607528124999986 0.01190177083333334
6 0.32612973749999996 0.44376597638888887 0.0057383546874999695 0.017002527777777724
6 0.32163471015625 0.4624687555555555 0.00860752812500003 0.017002527777777804
9 0.16265242226562499 0.45056698680555557 0.32530484453124997 0.9011339736111111