6 0.1908983703125 0.36687485000000003 0.02109374218750002 0.033749988888888895
6 0.324843636328125 0.3312498659722222 0.021093742968749975 0.03749998749999999
6 0.5155662281250001 0.3415623611111111 0.01792968124999996 0.04312498611111116
6 0.5899216722656251 0.4193748340277778 0.016874994531249944 0.03749998750000003
7 0.20619133320312502 0.34124988124999994 0.02003905546875002 0.06562497916666668
7 0.20671867695312499 0.40968735625 0.021093742968749996 0.02624999027777777
7 0.312187391015625 0.26249990902777776 0.10546871328125 0.12749995694444444
7 0.248906162890625 0.3515623770833333 0.016874994531249986 0.028124990277777803
7 0.2536522546875 0.39281236249999996 0.017929681250000006 0.0318749888888889
7 0.6549607078124999 0.40781235763888884 0.023203115624999972 0.020624993055555527
7 0.656542738671875 0.3774998583333333 0.02847655234374997 0.03749998611111115
6 0.19406243203125 0.45499982222222224 0.02320311718750001 0.029999988888888947
2 0.56101822109375 0.5067855381944444 0.026367178124999936 0.03749998750000003
6 0.59167948046875 0.46624983194444447 0.012656245312500047 0.02249999166666667
2 0.31285975117187503 0.5568748055555556 0.08753903203124999 0.1349999527777778
2 0.14621918359375 0.6384372770833333 0.27949209062499997 0.2981248958333334
2 0.446805016796875 0.5643748034722222 0.19511711953125005 0.3712498708333334
2 0.65329078828125 0.5198435666666666 0.06310545000000004 0.057187480555555545