4 0.602011912109375 0.22312484027777776 0.01713866015625003 0.10781242777777776
4 0.625083184375 0.21140609791666667 0.021093735937499948 0.09843743194444446
4 0.582895713671875 0.2102342236111111 0.013183583593749937 0.07265620000000003
4 0.45765165859375 0.25272897569444447 0.031640603125000055 0.16579157361111113
7 0.311313869140625 0.16101550625 0.021093735156249994 0.011718740277777782
6 0.33306678281249996 0.15281238819444443 0.006591792187499968 0.018749987499999992
2 0.317905661328125 0.22312483958333332 0.01845701796874999 0.02343748472222222
2 0.30208535937500003 0.22429671388888886 0.015820301562500028 0.021093736111111108
2 0.28890177460937505 0.22664046180555555 0.013183583593749982 0.03046872916666668
2 0.272422294140625 0.22429671388888886 0.019775377343750032 0.025781233333333337
2 0.25923870898437495 0.22195296527777775 0.017138658593749988 0.021093736111111108
2 0.2480326625 0.22546858749999998 0.029003885937499963 0.028124980555555564
2 0.226938926953125 0.23953107916666666 0.042187471093749984 0.037499974999999984
2 0.195957502734375 0.24304670069444445 0.03295896171874999 0.03984372361111114
2 0.16761279609375 0.24070295208333334 0.04218747031250001 0.058593709722222206
0 0.729233503515625 0.33210914027777777 0.06855463984375003 0.18984361944444444
0 0.729233503515625 0.3942184715277777 0.08701165859375007 0.23906233472222224
0 0.712094843359375 0.4059372131944444 0.05800777265625001 0.2156248513888889
0 0.6725440894531249 0.3836716048611111 0.07382807421875004 0.10546867638888892
0 0.658701325 0.36374974374999997 0.06459956406249993 0.11718742083333333
0 0.619809751171875 0.30515603194444446 0.015820302343750026 0.09374993611111111
2 0.12806204179687503 0.2535935694444445 0.055371055468749986 0.06562495555555554
9 0.030412880468749997 0.2207810909722222 0.060825760937499994 0.16406238750000002
9 0.38777866015624995 0.26296856180555556 0.13974599687500003 0.2203123486111111
7 0.079282778125 0.22664046249999997 0.007910150000000005 0.021093736111111108