2 0.42084741875000004 0.4097845729166666 0.023401403125000008 0.03744224583333333
2 0.016192062109375 0.4139448229166667 0.03238412421875 0.05408324305555554
2 0.041744684765625 0.40874451041666665 0.02808168359375 0.03536212083333336
2 0.11896931601562502 0.41914513680555554 0.12636757890625 0.15184910694444445
2 0.18507827968749999 0.4191451361111111 0.024571473437500012 0.06448386944444442
2 0.20087422734375 0.4149848861111112 0.009360560937500017 0.035362119444444395
2 0.231296051171875 0.4149848840277777 0.02340140234375001 0.031201870833333346
2 0.214915069921875 0.4108246347222222 0.014040841406250015 0.03952236944444449
2 0.29916012070312503 0.42538550902777783 0.10764645546875 0.1352081069444445
7 0.264643051953125 0.35570132986111114 0.010530632031249976 0.020801248611111114
7 0.339527542578125 0.3879432645833333 0.015210911718749998 0.03536212083333328
7 0.33660236796875004 0.2984979 0.009360562499999992 0.027041622222222214
6 0.227785841015625 0.14248854583333334 0.016380982031250026 0.05616336944444444
6 0.11721421015625003 0.23193390902777777 0.01053063125 0.03536212083333332
7 0.11604414062499999 0.2017721 0.008190492187499987 0.016640997222222214
0 0.7022492949218749 0.5525595986111111 0.16497989296874999 0.29803079722222225
0 0.74203168046875 0.5262715583333334 0.15795947031250002 0.34530070555555553
4 0.518548278515625 0.39626376458333334 0.029251753906250056 0.12272735972222222
0 0.618589276953125 0.4066643875 0.030421824218749994 0.05200311666666661
2 0.42318755859375 0.4191451368055556 0.1076464546875 0.07280436527777781
2 0.47233050624999995 0.40770444999999994 0.037442245312499976 0.049922991666666645
2 0.49573190976562503 0.39938395 0.02106126328125004 0.04992299444444449
7 0.554235417578125 0.03432205902777778 0.06552392890624992 0.06864411805555556
4 0.3676092265625 0.40458426319444446 0.012870771874999987 0.043682618055555546
4 0.384575244140625 0.3983438888888889 0.011700702343750003 0.035362119444444395
0 0.44600392656250004 0.49194950069444443 0.04329259687500002 0.07280436527777773
6 0.24767703359375 0.37754264027777773 0.007020421875000027 0.01872112222222226