6 0.41678254609375004 0.27234355555555556 0.015820301562500028 0.03281247777777779
6 0.4293069515625 0.17859362013888888 0.009228509374999926 0.06562495416666667
6 0.715390739453125 0.12234365833333334 0.011865225781250021 0.07499994722222222
6 0.7325294 0.11296866527777778 0.025048810937499954 0.10312492777777776
7 0.41941926328125 0.23132795833333333 0.021093735937499948 0.04453121944444444
2 0.439194641015625 0.36374974374999997 0.03164060390624997 0.02343748194444445
7 0.46094755468750004 0.36257786875 0.011865225000000024 0.02578123194444445
2 0.4583108382812499 0.37195286180555553 0.048779264062499994 0.02578123194444449
2 0.484678008203125 0.3848434777777778 0.043505830468749986 0.03281247499999999
2 0.638266769140625 0.4129684590277778 0.06328120703125002 0.09374993472222223
7 0.5101374156249999 0.3107841986111111 0.03641687343750002 0.049681127777777806