6 0.5419729480468749 0.29546555277777775 0.011936972656250067 0.0359129416666667
6 0.517180776171875 0.4227932520833333 0.010100513281250034 0.029383315277777752
2 0.09166981562500001 0.44020558888888894 0.0725400578125 0.10773882222222216
2 0.033668379296875 0.4393893840277777 0.06733675859375 0.12569529305555555
2 0.165587217578125 0.4459190090277777 0.12304263046875 0.14854897916666665
2 0.396150049609375 0.45275956944444445 0.00918228515624997 0.011426844444444445
2 0.38788599062499995 0.4576567895833334 0.009182285937499968 0.014691656944444513
2 0.37732636406250003 0.45602438125 0.0064276 0.01795646805555554
2 0.36860319179687495 0.45602438194444445 0.00918228515624997 0.0212212833333333
2 0.352075076953125 0.4494947569444444 0.025710400781249997 0.04081016111111108
2 0.329119362109375 0.45275956874999995 0.025710400781249997 0.04407497361111115
2 0.309836562890625 0.45765678680555555 0.02387394296874996 0.031015720833333343
2 0.443504405859375 0.46033859652777775 0.009182285156250015 0.017956470833333307
2 0.448095550390625 0.4636034097222222 0.009182285156250015 0.024486097222222173
2 0.45406403632812503 0.46523581666666664 0.008264057031249994 0.0212212833333333
2 0.46003252070312506 0.4660520201388888 0.009182285156250015 0.0195888763888889
2 0.4669192347656249 0.46605202083333336 0.010100513281250034 0.026118502777777844
2 0.473805949609375 0.46686822361111113 0.011018742968749962 0.02448609722222225
2 0.48298823593750007 0.46605201875 0.0128552 0.029383315277777752
2 0.497679893359375 0.46931683333333335 0.020201028906250064 0.026118502777777844
2 0.6083264371093751 0.47421405069444444 0.11753325859375004 0.1436517597222222
2 0.736878439453125 0.5264510569444444 0.23047537421875006 0.20241838888888888