7 0.8037207578124999 0.2020311034722222 0.019775376562500037 0.04218747083333333
7 0.803720757421875 0.23953107916666666 0.032958961718750054 0.018749988888888916
7 0.73846201328125 0.2594529381944444 0.015820301562499937 0.021093734722222222
7 0.482700469921875 0.3414841347222222 0.010546867968749929 0.021093736111111108
7 0.6409034863281249 0.3157029006944444 0.010546867968750017 0.011718740277777763
7 0.6409034863281249 0.2969529138888889 0.010546867968750017 0.021093736111111108
4 0.8267920300781249 0.41296845972222224 0.042187471093749984 0.16406238611111107
4 0.835361360546875 0.40242159027777785 0.032958961718750145 0.14765614722222226
2 0.390415376953125 0.3543747493055555 0.013183585156249978 0.018749987499999992
2 0.40755403789062505 0.3543747493055555 0.015820302343750026 0.02343748472222222
2 0.474790319140625 0.36960911319444445 0.013183585156249933 0.03046872638888891
2 0.485996366015625 0.3707809875 0.01713866015624994 0.028124980555555606
2 0.610581241015625 0.38015598263888883 0.026367169531250047 0.0374999736111111
2 0.632993334765625 0.3824997305555556 0.036914036718749973 0.042187469444444445
2 0.77537605 0.3848434784722222 0.06855464062500012 0.06093745694444443
2 0.4517190453125 0.36726536666666665 0.019775376562500037 0.025781233333333337
2 0.428647773046875 0.36843724027777774 0.021093736718749943 0.03281247500000002
2 0.5011574886718749 0.3742966104166667 0.026367169531250047 0.03046872916666672
2 0.6758399859375 0.3860153527777778 0.048779264062499994 0.03984372222222221
9 0.546640855859375 0.3696091138888889 0.05141598046875 0.05390621388888886
1 0.9217138406250001 0.3578903722222222 0.1555663000000001 0.13828115555555556
2 0.988950122265625 0.3871872270833333 0.021093736718750124 0.03281247638888887