2 0.36174960820312496 0.4060631055555555 0.008371064843750008 0.017007877777777795
2 0.353378543359375 0.4071260958333333 0.010762799218749963 0.023385833333333356
2 0.34739921015624997 0.4145670444444444 0.01793799843749997 0.029763788888888913
2 0.334244678515625 0.4251969673611111 0.027504928906250024 0.05952757638888894
2 0.385069004296875 0.40393711875 0.011958664843750012 0.01700787916666668
2 0.393440069921875 0.40818908958333333 0.011958664843750012 0.01700787916666668
2 0.39941940234375 0.4135040513888889 0.016742131250000014 0.023385833333333356
2 0.446656127734375 0.41350405208333335 0.025113196093750022 0.02763780416666669
2 0.45622305937499996 0.4283859465277778 0.02750492812500003 0.04039371250000004
2 0.4747589890625 0.43370090694444446 0.026309062500000025 0.05527560833333338
2 0.100452783203125 0.4135040513888889 0.052618124218750006 0.06590553055555562
2 0.30913148398437496 0.4453938229166667 0.04903052578125 0.0701574986111111
2 0.42094499921874995 0.43263791458333334 0.04544292656249995 0.0616535597222222
2 0.50226391796875 0.4358268923611111 0.057401590624999964 0.06803151527777776
7 0.13692671015625 0.24448825624999998 0.03946359374999999 0.04251969861111111
7 0.18715310390625 0.28381897500000003 0.0227214625 0.03188977222222222
7 0.45682099257812503 0.36673238472222225 0.016742130468750015 0.023385833333333276
7 0.523789515234375 0.31570874930555554 0.01674213046874993 0.02763780416666665
4 0.637994763671875 0.4347638999999999 0.01793799609375002 0.08716537777777779
4 0.8758526339843751 0.47090564166666665 0.04305119296874995 0.18070871111111111