6 0.41871230624999994 0.25337084444444447 0.017098507812500063 0.06973509722222222
6 0.2210736546875 0.2944966722222222 0.010057945312499993 0.051854302777777764
6 0.193414301171875 0.2891324340277778 0.015086921093750006 0.051854304166666684
6 0.206489632421875 0.28913243541666667 0.015086919531249987 0.055430462500000034
6 0.4348050203125 0.24621852916666667 0.015086920312499964 0.06615893888888888
6 0.4453658640625 0.25694700555555555 0.012069537500000038 0.06615893888888888
6 0.0497152 0.46530827847222217 0.013647309374999994 0.019062909722222247
6 0.603778523828125 0.46168209722222225 0.011063741406250039 0.028609269444444387
7 0.615345163671875 0.36780792916666666 0.018104303906249973 0.044701986111111106
7 0.62540311015625 0.4080397145833334 0.010057946875000034 0.02145695416666666
7 0.511748313671875 0.4464834215277778 0.018104303906249973 0.04470198472222222
7 0.521806259375 0.23370197152777777 0.1005794671875 0.04470198472222222
7 0.368925470703125 0.47241057361111116 0.01206953515625 0.021456952777777774
7 0.027961078515624998 0.2962847520833333 0.01408112578125 0.08046357361111112
7 0.69279135234375 0.17648342986111112 0.014081124999999962 0.08403973194444445
4 0.564049635546875 0.5206887166666666 0.010057946093749947 0.05364238055555559
1 0.478557089453125 0.5117483194444444 0.030173839843750015 0.06437085833333332
4 0.45743540156249995 0.5242648756944445 0.0060347687499999305 0.03218542916666662
2 0.41820940976562504 0.52158275625 0.018104303906250063 0.04112582638888888
2 0.40463118164062506 0.5269469944444445 0.01709851015624997 0.0339735083333333
2 0.39205874765625 0.5314171930555556 0.022127481250000035 0.04291390555555555
2 0.386023980078125 0.5340993111111112 0.020115892968750028 0.03754966666666672
2 0.359873318359375 0.5251589159722222 0.04224337734375001 0.06258277916666673
2 0.33824873359375 0.5412516298611111 0.033191223437499986 0.06973509583333334
2 0.304554612109375 0.5439337479166666 0.06437085859374996 0.08940397083333333
4 0.267843106640625 0.5546622256944445 0.03520281328124999 0.10013244583333338
4 0.200454864453125 0.5206887173611111 0.013075330468750024 0.0321854291666667
2 0.440336891796875 0.5278410354166667 0.030173839843750015 0.039337748611111084
2 0.139201975390625 0.6950264590277778 0.27840395078125 0.42377481805555556
9 0.81197802109375 0.5591324256944444 0.37314982187499995 0.7992714930555554
6 0.034605678515625 0.46530827847222217 0.008773271093750002 0.025994876388888834