6 0.528346428125 0.6145386486111111 0.009176737499999987 0.023111783333333354
6 0.503875130859375 0.612499375 0.006117824218750023 0.021752266666666742
6 0.522610966796875 0.6390099444444444 0.00841200859375002 0.020392749999999973
6 0.50731640625 0.6396897034722222 0.00994146406249996 0.019033231944444395
2 0.544868736328125 0.6709214097222223 0.018353474218750065 0.03126888055555557
2 0.5230739859375 0.6661631013888889 0.019118201562500037 0.02990936388888888
2 0.5077794253906249 0.6675226180555555 0.016059288281249983 0.021752263888888894
2 0.48636704023437505 0.6634440701388888 0.02523602578124997 0.032628395833333296
2 0.45998392265625 0.6552869694444444 0.022941840625000064 0.02990936388888888
2 0.422129883203125 0.6566464854166666 0.04817786640624999 0.0462235597222222
2 0.3185092328125 0.6688821333333334 0.11165029374999999 0.11691841944444453
2 0.58922296328125 0.684516575 0.07341389375 0.10740180555555554