6 0.330640391796875 0.17994035555555554 0.007049902343749981 0.023275866666666645
6 0.42128198984375 0.18531171041666666 0.007049901562499983 0.023275868055555548
6 0.501852298046875 0.2506631847222222 0.005035642968749965 0.014323611111111134
2 0.375961191015625 0.25782498819444444 0.005035642968749965 0.017904512499999983
2 0.3648827734375 0.25961543819444444 0.011078417187499977 0.010742706944444435
2 0.363372081640625 0.27304382430555557 0.012085546093750033 0.023275865277777776
2 0.34927227734375 0.27662472708333335 0.01611406249999998 0.026856770833333363
2 0.38351465781250005 0.25872021458333333 0.008057031250000036 0.012533159722222227
2 0.39560020429687504 0.25692976319444444 0.010071288281250012 0.019694962499999965
2 0.407182186328125 0.2855769826388889 0.03927802578124999 0.041180381944444455
2 0.44041743828125 0.29005311041666665 0.05740634374999996 0.05013263749999999
2 0.37646475703125 0.3106433013888889 0.04229941249999998 0.05908489444444444
2 0.30747642929687496 0.28557698333333337 0.03323525234375002 0.0375994777777778
2 0.303447912890625 0.31690988194444447 0.059420603906250015 0.07519895555555556
2 0.26079422812499997 0.3258621375 0.0782574703125 0.1002652722222222
2 0.1559035359375 0.374204325 0.20344003125 0.20053054722222222
2 0.044716515624999995 0.47267914652777776 0.08943303124999999 0.32228123472222225
2 0.45904932187499997 0.3249669125 0.030213865624999947 0.09131301666666668
2 0.48724893046875 0.3222812354166667 0.042299412500000064 0.1038461763888889
2 0.542137453515625 0.3258621368055556 0.10172001484374996 0.14323610416666668
2 0.611556363671875 0.3855759479166666 0.17207307265624996 0.23759740694444445
7 0.870965026171875 0.04834218402777778 0.048342186718750034 0.050132634722222215