7 0.491636663671875 0.4274656326388888 0.015210911718749998 0.010400623611111114
7 0.49105162890625 0.43994638402777786 0.02340140312499992 0.022881373611111085
7 0.760167768359375 0.3130587743055555 0.05616336796874997 0.11856711250000002
2 0.468820296484375 0.4940296243055555 0.018721122656249988 0.02704162083333333
2 0.45419441914062497 0.5033901875 0.01287077265624994 0.04160249444444438
2 0.40446643632812507 0.5054703125 0.018721122656250033 0.0457627444444444
2 0.486371348046875 0.48986937777777784 0.018721122656249988 0.01040062222222223
2 0.49046659414062505 0.5106706236111112 0.026911614843749997 0.03952236944444449
2 0.43196308476562495 0.5148308729166666 0.05031301640625001 0.06864411805555556
2 0.671242434375 0.558513492361111 0.13572813906250003 0.1393683597222222
2 0.154075511328125 0.7272957680555556 0.30656656484375 0.47021721388888893