7 0.7464214953124999 0.3440430625 0.03294467031249999 0.027819947222222217
7 0.8040746761718751 0.34038254097222226 0.013177869531249975 0.03221257083333337
7 0.48657037968749994 0.2832784395833333 0.028826589062499953 0.02049890694444443
2 0.478746020703125 0.3264725680555556 0.008236167968749975 0.01317786944444445
2 0.466391767578125 0.32793677638888885 0.011530635156250035 0.01317786944444445
2 0.44991942968750004 0.3257404659722222 0.0065889328125000365 0.005856837499999972
2 0.434682517578125 0.32940098402777773 0.017295953906250005 0.024891531944444465
2 0.407503162109375 0.3059736604166667 0.020590421093750023 0.016106284722222242
2 0.303727440625 0.32866887708333337 0.0222376578125 0.014642070833333342
2 0.260075746484375 0.32793677638888885 0.015648721093749974 0.01317786944444445
2 0.11306013710937499 0.3286688826388889 0.04282807421875001 0.026355745833333326