6 0.3251566328125 0.02601560347222222 0.019775376562500037 0.05203120694444444
6 0.70484387109375 0.2371873298611111 0.019775376562500037 0.07031245138888889
6 0.644858561328125 0.24421857569444447 0.029003886718749962 0.07499994583333335
6 0.11158256015625001 0.34968725208333334 0.02504881093750001 0.046874968055555556
7 0.2908793125 0.4270309479166667 0.0250488109375 0.04218747083333333
2 0.45303740390625 0.47390591597222215 0.014501942187500028 0.03281247638888887
4 0.7668067207031249 0.4809371625 0.019775377343750032 0.08437494166666666
4 0.8149268042968749 0.4867965347222223 0.02109373515624995 0.10078118055555549
2 0.066758373828125 0.48445278541666664 0.030322244531249997 0.0351562236111111
4 0.01797911015625 0.4879684083333334 0.011865225 0.037499974999999984
7 0.48533718671875 0.42468720069444443 0.013183584375000024 0.03281247638888887
9 0.265171322265625 0.4692184208333333 0.01845701796874999 0.028124980555555606