7 0.557677937109375 0.1339123798611111 0.030971486718750007 0.02447129583333333
7 0.6465775726562499 0.12065709166666667 0.032118578124999964 0.018353472222222222
7 0.4469835515625 0.20324772083333334 0.06423715625000001 0.08157099166666665
7 0.53129481953125 0.19305134930555556 0.08603190468750004 0.09788519027777777
7 0.6219150929687499 0.1757175125 0.09291445781250003 0.09584591666666667
2 0.25456768984375 0.3911022847222222 0.10518459375 0.10380581111111108
2 0.8073616515625 0.31166917222222223 0.04703077499999999 0.03874622222222225
7 0.59744380078125 0.2997733944444444 0.017206381249999937 0.024471297222222237
2 0.541809835546875 0.31608759375 0.011470921093749985 0.012235648611111098
2 0.5750755062499999 0.33546070486111107 0.016059289062499982 0.014274923611111134
2 0.553471926171875 0.31710723194444446 0.01261801328125003 0.010196372222222215
2 0.591325965234375 0.3171072326388889 0.02179474921875002 0.02651057361111112
2 0.606811707421875 0.3334214305555555 0.018353474218749978 0.026510572222222233
2 0.570678307421875 0.3466767159722222 0.024088933593749928 0.02447129583333331
2 0.543148096875 0.34565707777777777 0.01950056562500002 0.030589122222222227
2 0.529382993359375 0.3242446923611111 0.014912197656250025 0.01631419861111109
2 0.37892276015625 0.3871223402777778 0.02982439375000001 0.0836102666666667
2 0.38867304296875 0.3922205270833333 0.03326567031250001 0.0938066402777778
2 0.5075882437500001 0.32288518194444443 0.02638311875000001 0.02854984722222223
2 0.632047733984375 0.33716010625000004 0.07800226015625 0.07749244305555554
2 0.8800108281250001 0.27598186180555556 0.019500565624999844 0.020392748611111088
2 0.681946238671875 0.4034365354166667 0.16403416640625004 0.2141238541666667
2 0.45195427773437497 0.42994711041666667 0.13994523359374997 0.18965255694444444