2 0.40565493671875 0.4959564388888889 0.012632853125 0.020212574999999965
2 0.39196934609375 0.4989508861111111 0.014738328125000023 0.021210716666666626
2 0.33336694609375 0.49333628472222224 0.0336876078125 0.03243991944444444
2 0.515841484765625 0.49333628333333335 0.00842190234375 0.022458405555555554
2 0.506366846484375 0.49333628541666663 0.007720078906250016 0.01746765138888888
2 0.5326852886718749 0.49208859513888886 0.02526570546875 0.029944540277777775
2 0.568829284765625 0.49333628611111113 0.038600385156250014 0.0623844611111111
2 0.6000605027343751 0.5020701097222223 0.05053141015625 0.07236597222222221
2 0.65375012734375 0.517291929861111 0.08492084218749998 0.10730126805555555
2 0.7645257125 0.5240294624999999 0.162823434375 0.24704245277777778
2 0.26985177031249996 0.5028187291666667 0.06526973906250003 0.07985210555555555
2 0.194756478515625 0.5246532895833333 0.08070989140625003 0.07610903750000005
2 0.064567913671875 0.5464878493055555 0.12913582734375 0.11478740138888889
2 0.48531209101562495 0.4872226166666667 0.030178482031249933 0.046164502777777804
2 0.9032489671875 0.5601167347222222 0.19230009218750013 0.4965802833333333
6 0.453028133203125 0.41454472152777777 0.004912774218749938 0.01621995972222218
6 0.5189996980468751 0.40331552083333333 0.006316425781249979 0.016219958333333295
4 0.14668145664062499 0.5109287083333334 0.011229203906249995 0.07361365833333337
4 0.541575087890625 0.49158952638888886 0.007018250781250046 0.02994453888888889
7 0.348807100390625 0.43793889444444445 0.007018253906249994 0.0049907555555555585
7 0.54917817890625 0.4572780770833333 0.006316426562499977 0.006238445833333372
6 0.30915397929687505 0.4541588541666667 0.009123727343750021 0.014972269444444445
6 0.348807100390625 0.4628926763888889 0.007018253906249994 0.009981513888888887
2 0.3754764546875 0.5021948854166667 0.02105475156250001 0.026201473611111147
6 0.5011031570312501 0.45241209375 0.005614601562499999 0.009981512500000001
6 0.467064635546875 0.4505405604166667 0.0021054742187500254 0.011229201388888851
2 0.44881718359375 0.49171430347222217 0.009123728125000063 0.021210715277777816