7 0.479364119140625 0.1840341513888889 0.14426015078124993 0.2058687111111111
7 0.626589484765625 0.20836408958333333 0.14036502890625 0.1422365625
7 0.467977001171875 0.11042049166666666 0.019651103906250002 0.03618298611111111
2 0.669751731640625 0.4335719784722222 0.03438943203125007 0.05864138749999997
2 0.599569216796875 0.43419582430555553 0.032985780468749934 0.04491680972222222
2 0.55605605703125 0.4273335347222223 0.028774831249999976 0.03867836388888885
2 0.49113723164062506 0.4404342701388889 0.026669357031250042 0.03743067361111111
2 0.395303015234375 0.42920507152777776 0.011229200781249959 0.01372458194444448
2 0.45390541484374997 0.42109509097222225 0.01052737812500002 0.01746764583333334
2 0.271781790234375 0.4304527569444444 0.01684380390625 0.03119222777777782
2 0.29669658320312503 0.42920507152777776 0.03438943203125002 0.03368760694444448
2 0.337402440234375 0.42982891597222217 0.024563878906249982 0.009981515277777773
2 0.46969648046875 0.4223427798611111 0.012632853124999954 0.019963023611111116
2 0.43635978710937506 0.46039729930555556 0.055444186718750024 0.0860905541666667
2 0.524789755078125 0.44542502986111115 0.047022285156250024 0.07111828194444449
2 0.637081779296875 0.44667271875 0.06667338828124994 0.07361365972222227
2 0.99501260546875 0.4996995069444444 0.008421901562499912 0.07486135
7 0.2959947578125 0.40300359722222223 0.01894927968750002 0.006238447222222258
7 0.31634768593749996 0.3998843722222222 0.020352928125000024 0.007486133333333337
7 0.395653928515625 0.4023797506944444 0.013334678906250019 0.02495378472222222