2 0.186679620703125 0.6315176451388889 0.26367178203125 0.3167855847222221
2 0.357222527734375 0.48018734444444444 0.028476552343750017 0.04312498333333331
2 0.33771081640625 0.4783123409722222 0.01687499374999999 0.028124990277777803
2 0.324316291015625 0.4792498416666667 0.015820305468749973 0.02999999166666672
2 0.31271473437499997 0.4783123423611111 0.0052734375 0.020624993055555603
2 0.30691395507812497 0.48018734097222227 0.008437497656250015 0.031874990277777786
2 0.291093648828125 0.4895623368055556 0.03164061328125003 0.050624981944444473
2 0.242050696484375 0.4679998458333333 0.030585927343750006 0.02249999166666667
2 0.193535089453125 0.46518734930555555 0.04746091953124998 0.020624990277777835
2 0.007910154296875 0.6031247833333333 0.013710932031250001 0.15374994444444448
7 0.012128903125 0.39968735625 0.02003905625 0.02437499305555551
7 0.010546871874999999 0.4281248402777778 0.0147656203125 0.01874999444444446
7 0.19986321132812498 0.3918748631944444 0.020039053906249982 0.03374998749999997
7 0.20144524257812502 0.4199998527777778 0.010546871093750031 0.02249999166666667
2 0.13710932773437498 0.49537483750000005 0.06117185390625 0.05249998333333339
2 0.1070507453125 0.48124982499999996 0.024257804687499995 0.02999999166666664
2 0.061171853515625 0.48124982916666664 0.050624980468750004 0.037499988888888836
2 0.024785148437499998 0.4906248236111111 0.02003905625 0.026249991666666656