6 0.443149715625 0.021328106944444446 0.015820301562500028 0.04265621388888889
6 0.568393770703125 0.016640610416666667 0.015820302343750026 0.03328122083333333
6 0.47610867734374995 0.1434373951388889 0.007910149999999927 0.032812476388888887
6 0.44051299882812495 0.15046863819444445 0.010546867968750017 0.02812498194444445
2 0.35350133984375 0.2160935944444444 0.015820301562500028 0.028124980555555564
2 0.38777866015624995 0.2090623479166667 0.010546867187499975 0.02343748472222222
2 0.3231790953125 0.21726546874999997 0.029003885937499963 0.02578123194444445
2 0.3231790953125 0.25476544305555554 0.029003885937499963 0.08671869166666665
2 0.23418989882812502 0.22312483888888887 0.03295896171875001 0.056249961111111094
2 0.219687955078125 0.23953107847222224 0.05141598046875 0.07031245138888889
2 0.505112564453125 0.20554672569444443 0.015820302343750026 0.03515622638888887
2 0.5440041375 0.21140609791666667 0.040869112499999985 0.05156246527777779
2 0.45303740390625 0.1809373673611111 0.030322243750000054 0.03281247638888891
9 0.482700469921875 0.19499985972222222 0.029003886718749962 0.06562495555555554
9 0.5314797328124999 0.1844529909722222 0.04218747031249999 0.0914061875
4 0.30417127773437497 0.21086197013888888 0.01955861640624996 0.07391169305555557
2 0.16761279570312498 0.25007794652777776 0.07910150859375002 0.08671869027777777
2 0.45369658398437507 0.25359356944444444 0.08437494296874996 0.12656241388888886
2 0.603330269921875 0.20554672638888888 0.08569330078124997 0.13359365833333334
9 0.824155312890625 0.2182029715277778 0.3506833523437501 0.4364059430555556