2 0.4690935968750001 0.4908400590277777 0.014327843750000024 0.028018893055555574
2 0.455482144921875 0.4946608166666667 0.015760627343749965 0.03566040833333335
2 0.43542316484375 0.4933872284722222 0.035819606250000025 0.048396270833333296
4 0.422957923828125 0.4966985583333334 0.011462274218749968 0.03566040833333335
2 0.410062863671875 0.5005193166666667 0.022924547656250027 0.04330192500000002
2 0.516088925 0.4814155284722222 0.017193410937499997 0.03056606805555562
2 0.5010446890625 0.48905704513888887 0.024357332812499966 0.04075475138888886
2 0.552624924609375 0.48014194305555546 0.015760627343749965 0.02801889722222223
2 0.57554947265625 0.4865098708333333 0.021491764062499995 0.04584909999999998
2 0.5941756679687501 0.4928778027777778 0.03581960781250002 0.06877364722222229
2 0.61853300234375 0.5030664888888889 0.05014745156249996 0.09933971388888886
2 0.6486214722656249 0.5132551798611111 0.07593756796874995 0.11462274305555553
2 0.539443291796875 0.48523628680555553 0.018626196093750026 0.022924551388888957
2 0.48356470234375004 0.49415138541666664 0.03581960781250002 0.045849095833333325
2 0.385705530859375 0.5043400756944444 0.04298352890624999 0.050943443055555565
2 0.809379865625 0.5073966923611112 0.30231748906249994 0.35660409305555557
7 0.70898944921875 0.32136821805555554 0.021491764062499995 0.048396269444444445
6 0.48485422187499994 0.4100947076388889 0.008596704687500002 0.020377376388888833
6 0.558929166796875 0.41136829444444445 0.010029491406250025 0.02292454999999999
4 0.050147450781250005 0.5196231090277778 0.025790118749999997 0.1171699180555555
4 0.079519529296875 0.5221702798611111 0.030088471093750003 0.11716991805555557