6 0.174550720703125 0.4751784034722222 0.005273436718750002 0.01499999583333336
6 0.25734366015625 0.4817409 0.004218748437499986 0.016874994444444427
6 0.261562408203125 0.47986590069444446 0.004218747656250033 0.020624993055555603
7 0.075937473828125 0.4678123354166666 0.018984367968750006 0.031874990277777786
4 0.4044725140625 0.5531248062499999 0.01371093281250002 0.0674999763888889
4 0.383906115625 0.5578123055555556 0.012656245312500003 0.06187497777777777
2 0.178242125 0.5252676743055557 0.014765620312499995 0.022499993055555556
2 0.16400385 0.529017676388889 0.02214843124999999 0.03374998888888893
2 0.155039008203125 0.537455170138889 0.021093742968749996 0.028124990277777723
2 0.1328280375 0.5430801715277778 0.03176569687499999 0.050624981944444473
2 0.23994132226562498 0.5285718777777778 0.011601558593749983 0.02160839444444444
2 0.25048819453125 0.529017676388889 0.005273435937500004 0.02249999166666667
2 0.25734366093750005 0.5327676722222222 0.016874995312499984 0.026249991666666656
2 0.263144439453125 0.5365176729166666 0.015820307031250015 0.022499993055555556
2 0.592279331640625 0.5722497986111111 0.10244966796875002 0.056249977777777835
2 0.77797677578125 0.6039372895833334 0.1550390093750001 0.09412496805555554
2 0.4224747046875 0.5591248041666665 0.04731590468750002 0.02999998888888887
2 0.031785629296875 0.5347498111111111 0.04218748515625 0.04124998611111113
2 0.21846525234374997 0.5272498159722222 0.014765620312499995 0.018749995833333345
2 0.192098074609375 0.5159998208333333 0.008437497656250015 0.014999994444444473
2 0.273308983984375 0.5403748104166667 0.018984367968750027 0.022499993055555556
2 0.10923262656250002 0.55331230625 0.0454965640625 0.052124981944444454
2 0.326498175 0.5542498069444445 0.04338718906250003 0.05474998055555555
2 0.231671001171875 0.5235936888888889 0.010926267968750025 0.02185253611111114
2 0.213915816015625 0.5065972722222223 0.008194700781249998 0.021852536111111064
7 0.45002565507812503 0.45364244861111114 0.015023617968750003 0.04127701111111111