2 0.077984628515625 0.4930361465277778 0.15596925703125 0.21315798194444444
2 0.349956016796875 0.45317733611111116 0.07993424296875 0.08491659444444445
2 0.51469854140625 0.45057784861111116 0.04289154218749998 0.0623877027777778
7 0.56636335859375 0.40378707222222227 0.005848846875000024 0.017329916666666632
7 0.56636335859375 0.4237164777777778 0.007798462500000003 0.012130944444444383
7 0.509824503515625 0.40292057638888884 0.011697694531249959 0.008664958333333316
6 0.5302954671875 0.4029205763888889 0.0058488453125000285 0.015596924999999985
6 0.5395561429687501 0.4055200638888889 0.006823656250000009 0.013863933333333339
2 0.44207535820312494 0.4419128895833334 0.028269427343750042 0.034659834722222234
2 0.9548242851562498 0.4722402458333333 0.08870751406249991 0.07798462777777779
2 0.9065712968749999 0.4592428083333333 0.08188385937499998 0.0727856555555556
2 0.8402843624999999 0.4497113534722222 0.044841159375000036 0.05372274583333336
2 0.804703876953125 0.44537887430555556 0.024370196093749998 0.05198975416666664
2 0.7754596421875 0.44277938541666667 0.03606789218749995 0.046790776388888844
2 0.7442657894531249 0.44104639375 0.030219041406250025 0.039858809722222256
2 0.696500206640625 0.4367139145833333 0.036067891406249955 0.031193851388888937