4 0.6461862843749999 0.5904231416666667 0.012292050000000021 0.06393890277777775
4 0.633211341796875 0.5827342819444444 0.010926271093750018 0.06312954722222225
2 0.44729408671875 0.5871857236111111 0.015023617187500005 0.04127701388888888
2 0.5879697855468751 0.5847576687499999 0.07238652421875003 0.12383103194444445
2 0.384468046484375 0.5879950798611111 0.015023617968750003 0.016996415277777763
2 0.35988394492187503 0.5952792611111111 0.045070855468750004 0.05584536944444444
2 0.32300779140625 0.6001353784722222 0.02321832031250004 0.03156477361111109
2 0.276571152734375 0.6147037395833334 0.07238652421875003 0.08498208194444451
2 0.162528233984375 0.6219879152777777 0.13930991484375 0.14325551111111107
2 0.5037464753906249 0.6155130861111111 0.11609159296875005 0.1918167
2 0.834721339453125 0.6628602465277779 0.30183814765625006 0.3205038597222222
7 0.671282578125 0.4941101131944445 0.028681453125000013 0.012140301388888887
7 0.761424287109375 0.42248235486111113 0.031413019531249996 0.01456835694444444
7 0.760058501953125 0.4564751916666667 0.009560483593750035 0.04856119444444439