7 0.34107545351562496 0.3300464548611111 0.04095245546875002 0.024961495833333323
7 0.342245523828125 0.35916820000000005 0.03861231484375001 0.0416024944444445
7 0.34985097929687503 0.37268901041666663 0.011700700781250007 0.018721120833333375
7 0.349265944140625 0.3893300111111111 0.010530630468749979 0.014560875000000017
7 0.4358511375 0.37476913680555557 0.01755105312499996 0.02288137361111116
7 0.46393282109375 0.3799694472222222 0.01287077187500003 0.02912174722222218
7 0.486164154296875 0.36644863750000006 0.015210910156250002 0.03120187222222223
7 0.3083134890625 0.3768492604166667 0.008190490624999968 0.018721123611111147
7 0.301878102734375 0.3914101333333333 0.011700700781250007 0.014560872222222245
2 0.357017641796875 0.3992353597222222 0.015210911718749998 0.022881375000000048
2 0.41961639570312503 0.3943322125 0.016380982031249935 0.02080124444444446
2 0.03429767265625 0.4109732125 0.0685953453125 0.09152548888888895
9 0.578745938671875 0.3867546090277778 0.09360561328125003 0.08528511249999997