7 0.43037766328125004 0.40378707222222227 0.016571732812499997 0.017329916666666632
7 0.174003200390625 0.42025049305555556 0.016571733593749992 0.015596924999999985
7 0.134036078515625 0.42371647708333326 0.016571732031249998 0.019062909722222247
6 0.172540988671875 0.38559065833333334 0.00584884765625 0.022528891666666655
6 0.33045985976562503 0.36739424583333335 0.005848847656249978 0.02079590000000001
6 0.19739858984375 0.42371647708333326 0.004874039062499991 0.019062909722222247
6 0.324123608984375 0.36652775000000004 0.0048740398437500335 0.022528891666666655
7 0.38017506015625 0.3717267256944445 0.011697695312499956 0.032926843055555585
6 0.38797352265625 0.43324793194444444 0.007798462500000003 0.013863933333333339
4 0.49617719375 0.4791722118055555 0.011697695312500044 0.06065470972222226
9 0.781308488671875 0.49736862569444446 0.43573910703124996 0.9947372513888889
2 0.43281468398437506 0.5190310201388889 0.10332963203125005 0.11611044583333331
2 0.543942778515625 0.4956356340277777 0.07798462890625002 0.11784343750000004
2 0.340207938671875 0.4774392201388889 0.029244236718750028 0.03639282638888888
2 0.2661225421875 0.48610417916666665 0.029244235937499984 0.03985881111111114
2 0.220793976953125 0.4817716993055555 0.028269427343749997 0.038125818055555524
2 0.25345003906249997 0.47483973333333335 0.017546540624999985 0.04159180000000002
2 0.24321455703125 0.4748397326388889 0.008773270312499993 0.02426188472222219
2 0.1038170359375 0.47137374930555553 0.014622118750000013 0.017329918055555518
2 0.068236549609375 0.4739732361111111 0.015596925781250003 0.02599487777777772
7 0.38017506015625 0.4185175020833333 0.01754654218749998 0.008664959722222202
4 0.375788424609375 0.4817716993055555 0.018521349218749972 0.038125818055555524