6 0.773896505078125 0.3984820527777778 0.011364794531249967 0.038571419444444484
6 0.713973049609375 0.3736861368055555 0.009298469531250042 0.036734684722222216
6 0.6778123425781251 0.37093103749999995 0.011364794531250055 0.03857141944444441
6 0.6860776453125 0.37093104027777773 0.00723214062499995 0.04224488888888887
6 0.704674580859375 0.3773596097222222 0.009298467968749956 0.04775509722222226
6 0.45516570546874996 0.3791963388888889 0.008265304687499952 0.036734686111111144
6 0.49442589921874996 0.35072695833333334 0.010331631249999963 0.031224483333333334
7 0.408673369140625 0.3250126784722222 0.022729586718750028 0.020204073611111106
7 0.40002716171874997 0.3507429055555556 0.024034107812500018 0.016562499999999977
7 0.40712362382812495 0.38654327986111114 0.02582907734375004 0.036734684722222175
2 0.50554547578125 0.4966122541666667 0.04649233749999997 0.018367341666666686
2 0.5799332109375 0.5518812611111111 0.050624987499999996 0.09551018611111112
2 0.445622016015625 0.5021224583333334 0.03616070546875001 0.033061213888888906
2 0.42185926601562496 0.5195714319444444 0.07955355390625 0.0789795777777777
2 0.46473553359375 0.5581428555555555 0.039260195312500024 0.10469385277777776
7 0.7803668449218749 0.4470204291666666 0.019630097656250012 0.014693877777777765
9 0.8191104578124999 0.5195714291666667 0.08058671718749996 0.14510200833333328
2 0.5070952171875 0.5794322743055556 0.10951528281250003 0.15428567916666666
9 0.7045510441406251 0.5883239909722222 0.26679943515624993 0.3487295652777777
9 0.20059547851562504 0.4600524604166667 0.39797670234375004 0.918446773611111