6 0.37228950625 0.44375993333333336 0.010530632812500018 0.04160249444444446
6 0.6308750156249999 0.39695712847222225 0.010530631250000066 0.039522370833333376
6 0.623269558203125 0.3948770034722222 0.011700700781250007 0.043682620833333394
6 0.11311896445312501 0.5311251715277778 0.01638098203125 0.02496149583333328
7 0.129499946484375 0.5009633645833333 0.030421824218749994 0.043682620833333394
7 0.13827547304687499 0.5508863569444445 0.026911614843749997 0.05200311666666669
6 0.7666031531249999 0.46248105624999997 0.019891193750000015 0.02496149305555551
4 0.16986736796875 0.5956090395833333 0.01989119374999999 0.049922993055555524
2 0.383405173828125 0.5716876034722222 0.028081685156250025 0.052003118055555575
2 0.329581946875 0.5914487895833334 0.10998659531249996 0.14976898194444443
2 0.25586752539062496 0.6517724069444445 0.20827248984375002 0.212172725
2 0.5401945761718749 0.5550466097222222 0.04680280546875002 0.06448386944444442
2 0.686453347265625 0.5664872916666667 0.049142949218749975 0.08320498611111107
2 0.8327121175781251 0.5779279791666667 0.04680280546874993 0.10608636111111112
2 0.8853652742187499 0.5300851104166666 0.08190491093749994 0.11024661527777779
2 0.60279333046875 0.5862484791666667 0.12519750781249997 0.17681060555555553
2 0.46179987460937505 0.6132900993055556 0.17083024453125 0.30161808472222223
2 0.9327531160156249 0.5550466090277778 0.13221792890625003 0.26001559305555555
2 0.9157871 0.7849003909722222 0.1661499625000001 0.4285056958333332
2 0.10570242968750002 0.760978954861111 0.21140485937500003 0.43474607083333344
2 0.75080720625 0.5810481666666666 0.1450886999999999 0.17057022777777778