2 0.37395670390625 0.5128306583333333 0.054445803125000004 0.05603779166666669
2 0.10172768554687499 0.5395759631944445 0.057311372656250005 0.09933971249999997
2 0.167635764453125 0.5408495493055555 0.14900956953125002 0.13754729305555552
2 0.49789254765625 0.5077363118055556 0.012895059374999995 0.03566040972222224
2 0.515085959375 0.5166514118055556 0.030088470312499994 0.043301926388888905
2 0.46422211562500004 0.5107080048611111 0.020058981249999962 0.022924545833333334
2 0.426253330859375 0.5068872506944444 0.024357333593749964 0.02547172083333338
2 0.60750054609375 0.551462761111111 0.091698196875 0.11462274166666672
2 0.0205365671875 0.5578306902777778 0.0372523921875 0.11716991666666669
2 0.281303310546875 0.55273634375 0.14614399765625002 0.15792466805555555
6 0.46899805585937504 0.4075475354166667 0.014327844531250022 0.03056606527777777
6 0.337420704296875 0.38971733263888886 0.014327842968750027 0.03566041250000001
7 0.872564646875 0.2759085597222222 0.03305622968750015 0.10120919722222221
6 0.426253330859375 0.4610381493055556 0.00716392109374997 0.028018893055555574
7 0.405477958203125 0.4572173916666667 0.014327842968749982 0.015283033333333328