7 0.57785632578125 0.22291822777777778 0.010706192187500019 0.025830813888888887
7 0.572120865234375 0.24399073263888887 0.00994146484374996 0.008157098611111104
7 0.571738500390625 0.24806928125 0.01070619140625002 0.008157098611111104
2 0.65078357109375 0.28141992222222223 0.011470918750000081 0.012235647222222212
2 0.638547923046875 0.28753774375 0.011470921093749985 0.019033229166666665
2 0.629753550390625 0.29977339513888884 0.012235652343749948 0.02447129861111112
2 0.6209591773437501 0.3052114625 0.013000378125000012 0.02719033055555558
2 0.612164803515625 0.31404832222222223 0.019882927343750013 0.0367069527777778
2 0.6714312281250001 0.2827794402777778 0.006882553124999991 0.01767371388888886
2 0.6771666890625 0.2848187125 0.009176735937499991 0.021752258333333312
2 0.6863434253906251 0.2909365368055556 0.018353471093749983 0.03670694583333333
2 0.6959025265625 0.2929758138888889 0.026765482812499998 0.0380664611111111
2 0.70163798515625 0.30385194444444447 0.018353471874999982 0.0380664611111111
2 0.71272654375 0.3113292847222222 0.025236028124999966 0.04758307777777778
2 0.7276387398437499 0.31608759583333335 0.03058912031249994 0.06525679722222222
2 0.744080393359375 0.31676735069444445 0.029824394531250055 0.06933534305555555
2 0.760904409765625 0.3154078347222222 0.03288330703125002 0.08564954166666669
2 0.77811079140625 0.3208459013888889 0.04741313906249998 0.08836857222222222
2 0.825906294921875 0.3262839680555556 0.07264916484374995 0.11555890555555556
2 0.66416631171875 0.2854984701388889 0.012235648437500047 0.020392743055555544
2 0.5934289667968751 0.3194863861111111 0.019118199218749955 0.02583081944444447