2 0.690468703125 0.47649997013888895 0.19406248437499993 0.2249999819444444
2 0.23289176992187502 0.42220309027777775 0.18478123515624997 0.22199998055555556
2 0.32486051250000003 0.41845309166666667 0.03796874687500003 0.13349998888888892
2 0.37460489140625003 0.40732139861111105 0.051790185937500025 0.05964283888888886
2 0.41273435976562495 0.39232140069444443 0.02953124765624997 0.03935714861111105
2 0.57543745234375 0.4508249645833333 0.05568749531249999 0.13514998472222226
2 0.542531206640625 0.4357499652777777 0.038812497656249965 0.08099999444444445
2 0.51595308359375 0.42299996458333333 0.017718748437500053 0.05849999583333335
2 0.499921834375 0.41249996805555555 0.02278124687500007 0.034500000000000045
2 0.48431246171875 0.40049997083333333 0.018562498437499998 0.03449999722222227
2 0.46870308671875005 0.3899999708333333 0.022781246874999984 0.028499999999999973
2 0.44592183828125 0.38849996875000004 0.01687499843750002 0.02699999861111111
7 0.521437458984375 0.35099997222222223 0.012656250781249944 0.029999997222222182
7 0.48527222812500004 0.36674996875 0.008437499999999964 0.019499995833333294