2 0.37143995820312503 0.40142382500000007 0.12572433359374996 0.16629138333333338
2 0.66714358828125 0.4032119055555555 0.10560844062500001 0.1305297972222222
2 0.238675061328125 0.36298011944444447 0.05330711640625001 0.060794700000000014
2 0.45793829960937504 0.3540397215277778 0.02313327734374999 0.0321854291666667
2 0.2688489015625 0.35582780277777776 0.021121687499999986 0.05006622499999997
2 0.2924850765625 0.3620860777777778 0.026150662499999998 0.03397350833333333
2 0.314612558984375 0.35582779999999997 0.01810430234374998 0.028609269444444467
2 0.608304600390625 0.3951655486111111 0.024139072656249993 0.06437085833333332
2 0.5927147828124999 0.38175495069444443 0.04526075937499998 0.06258277916666669
2 0.566061225390625 0.37549667361111105 0.034197017968750035 0.05364238333333332
2 0.551980099609375 0.3531456826388889 0.04827814453124999 0.06258277916666664
2 0.5202975683593751 0.3540397229166667 0.025144867968749995 0.03933774861111117
2 0.5037019562499999 0.34956952361111115 0.024139071874999994 0.03754966666666668
2 0.4921353171874999 0.34241720555555555 0.01709850937500006 0.030397349999999986
6 0.607298805859375 0.33437084791666666 0.00804635703124994 0.014304634722222234
6 0.45894409296875 0.32811257083333334 0.009052151562499944 0.016092713888888867
7 0.606293011328125 0.3066556194444444 0.012069535156249955 0.016092713888888867