6 0.501063698046875 0.4016584902777778 0.007197861718749987 0.034123200000000034
6 0.44647990664062503 0.49016553958333337 0.010796792968749979 0.01492889861111111
6 0.5622455285156249 0.3845968895833333 0.007197861718749987 0.03412320138888892
2 0.42908507265624996 0.5274877902777777 0.01919430000000002 0.04691940000000001
2 0.4140895265625 0.5317531902777778 0.020393943749999987 0.04691940000000001
2 0.385298075390625 0.5338858902777778 0.06118183203124996 0.11090039999999995
2 0.312119806640625 0.5594782902777777 0.14035831953124997 0.15781980000000004
2 0.067586176171875 0.6970374402777778 0.13517235234375 0.3305685027777778
4 0.5565149421875001 0.5296204916666667 0.01625974999999995 0.06824639999999998
4 0.569443391015625 0.5392176402777777 0.011996438281249943 0.0533175
4 0.88554952109375 0.5829379895833333 0.05878254375000012 0.31137419861111115
4 0.8165700062500001 0.5946678388888889 0.07437791093749997 0.29217989999999994
7 0.660616317578125 0.25876758888888884 0.031190736718750056 0.0469193972222222
2 0.49026690351562496 0.5861370402777778 0.13675938828124998 0.2068719
7 0.53465372421875 0.4272508895833334 0.011996437500000035 0.034123201388888844
7 0.6018337734375001 0.4187200909722222 0.016795014062499992 0.008530798611111123
6 0.57604143203125 0.4251181888888889 0.005998218749999928 0.042653997222222274