6 0.478745394140625 0.3117185361111111 0.007910150781249925 0.042187469444444445
6 0.42864777187499997 0.4570309354166667 0.007910149999999927 0.02812498194444449
6 0.40228060351562506 0.4816402930555556 0.00527343359375001 0.021093733333333295
6 0.385141943359375 0.4816402930555556 0.00527343359375001 0.021093733333333295
6 0.3640482078125 0.50039028125 0.005273434374999964 0.02109373472222226
6 0.347568726953125 0.4992184069444444 0.003955075781250006 0.018749986111111148
6 0.33570350078125 0.4886715381944444 0.006591792187499968 0.03046872916666664
6 0.32054237812499997 0.4816402930555556 0.007910150000000015 0.021093733333333295
2 0.33768103789062504 0.5249996388888889 0.02900388515625001 0.028124980555555526
2 0.314609765234375 0.5062496520833334 0.011865225781249978 0.02343748472222226
2 0.298789464453125 0.5144527715277778 0.01713866015625003 0.03515622638888887
2 0.28824259570312505 0.5261715124999999 0.022412094531249992 0.04453121944444444
2 0.24605512499999999 0.546093375 0.09096673437499998 0.08906243888888889
6 0.05555232578125 0.22031234791666665 0.015820301562500007 0.07499994583333335
6 0.02654843984375 0.21093735416666667 0.015820301562500003 0.09374993333333334
2 0.38843783906249996 0.5191402680555555 0.014501943749999979 0.025781233333333296
2 0.40689485859375 0.5191402680555555 0.014501943750000024 0.021093736111111067
2 0.422055980078125 0.5214840159722223 0.013183583593749937 0.03046872916666664
2 0.4345803851562501 0.5285152611111111 0.019775376562499947 0.035156224999999985
2 0.456333300390625 0.5320308840277779 0.026367169531250047 0.046874968055555556
2 0.46819852734374995 0.5285152618055556 0.023730451562499956 0.0398437236111111
2 0.50379420625 0.5414058763888889 0.050097621875 0.0749999472222222
2 0.8670019628906249 0.5390621291666666 0.24125959921875006 0.1312499111111111
6 0.8050391156249999 0.3949216034722222 0.032958962499999966 0.04921871527777778
6 0.56971212890625 0.47929654513888886 0.015820301562500028 0.03046872916666664
7 0.53082055390625 0.34218726527777776 0.0514159796875 0.023437483333333297
7 0.58289571328125 0.3949216048611111 0.015820301562499937 0.02578123194444441