4 0.08328217578125 0.41810507361111116 0.017551053125000004 0.08736523888888893
4 0.637279923828125 0.46178769305555556 0.09354466015625 0.24961496944444442
4 0.12189449140625 0.41394482361111107 0.01989119374999999 0.07072424166666665
4 0.012431977343750001 0.41795648194444446 0.0163809828125 0.08528511666666666
4 0.028812959765625 0.42003660625 0.01638098203125 0.09360561249999996
4 0.053384433203125005 0.4085959180555556 0.01872112265625 0.045762741666666704
4 0.074445696875 0.4106760458333333 0.0163809828125 0.058243491666666675
4 0.16805131015625002 0.40027542083333334 0.011700701562499981 0.04160249444444446
4 0.13762948515625 0.3919549229166667 0.014040842187500013 0.03744224583333333
4 0.6822971484375 0.4158763548611111 0.012870771874999942 0.07696461527777781
4 0.672936587109375 0.41795648055555557 0.010530630468749979 0.07696461388888885
4 0.6963379902343749 0.4106760430555555 0.012870772656250029 0.06656399166666671
2 0.2593167828125 0.40235554444444444 0.05148308749999999 0.07488449166666666
2 0.351752326171875 0.4158763583333333 0.044462666406250004 0.06864411666666667
2 0.4997662015625 0.39923535694444445 0.03393203593749998 0.04368261944444451
2 0.450038219921875 0.3909148604166666 0.016380982031249935 0.022881373611111085
2 0.42956199257812494 0.39715523333333336 0.012870772656250029 0.0228813722222222
2 0.38392925624999996 0.3971552340277778 0.03159189531249997 0.04784286805555556
2 0.46583416757812496 0.39091485972222223 0.017551052343749964 0.03120187222222223
2 0.4073306589843749 0.3940350479166666 0.017551052343749964 0.02496149583333336
6 0.21719425664062503 0.19850331944444446 0.009360561718749993 0.04992299444444443
6 0.7209094632812499 0.21098406944444442 0.012870771874999942 0.05408324444444447
6 0.74138569140625 0.3149903076388889 0.014040842187500058 0.024961495833333323
7 0.7420415605468749 0.3160370645833333 0.015069246093749999 0.022300426388888895
6 0.724268075 0.3160370631944444 0.012567573437500012 0.022300429166666667
7 0.180337047265625 0.22480204930555558 0.04563273671874999 0.01456087361111109
7 0.163371028515625 0.33267136736111114 0.018721122656250012 0.018721120833333337