7 0.4974855207031251 0.40013869513888883 0.02734592734375001 0.01682826249999994
7 0.83142136171875 0.27299181944444445 0.06100245156249997 0.035526333333333326
7 0.832473128515625 0.23746548680555557 0.012621197656249982 0.03178671805555556
7 0.8287919460937501 0.32721622222222224 0.05153655468749996 0.07292247222222224
7 0.43490541875 0.4281857993055555 0.008414132812499985 0.01682826250000002
4 0.40528066250000006 0.4923824965277777 0.010517664062499942 0.052354595833333344
1 0.3497123375 0.4328603173611111 0.026294160937499988 0.028047104166666673
2 0.399671243359375 0.45342819375 0.035760058593750046 0.02243768472222219
2 0.46119957890625 0.49269414027777775 0.11884960625000004 0.13088648888888887
2 0.52220203046875 0.5319600875 0.06836481406250003 0.22063722500000005
7 0.51641731640625 0.43753483402777776 0.00841413124999999 0.01682826250000002
2 0.74745534296875 0.6466415833333333 0.502744353125 0.5777703583333332
1 0.150928482421875 0.40481321249999996 0.30185696484375 0.2655125916666667
7 0.046277723046875004 0.27766633472222224 0.09255544609375001 0.04861497777777776