2 0.505540250390625 0.29503801736111107 0.01072899921874999 0.023312395833333353
2 0.5114156566406249 0.2998821659722222 0.011921111718749966 0.025431704166666652
2 0.5257209890625 0.2998821659722222 0.023842221874999937 0.029670320833333323
2 0.544198711328125 0.3041207826388889 0.02980277734375001 0.029670320833333323
2 0.639567597265625 0.3168366361111111 0.07987144296874993 0.04662478888888886
2 0.7534142066406251 0.3209403701388889 0.09060044296875 0.04635502361111108
2 0.448233768359375 0.27656977222222223 0.10013733046875002 0.042386172222222226
2 0.31352521484375 0.3380297222222222 0.06675822031249998 0.08477234444444445
2 0.20623521757812496 0.41644413750000003 0.21696421640624997 0.22464671111111115
2 0.062585831640625 0.3825352020833333 0.12517166328125 0.11020404861111106
2 0.42021915781249997 0.4567110013888889 0.25391966093749996 0.33485075833333333
6 0.378495268359375 0.12821816944444445 0.01072899921874999 0.050863408333333346
6 0.529297321484375 0.19921501041666667 0.009536888281250011 0.023312395833333315
6 0.36001754882812503 0.1260988625 0.009536888281249966 0.042386172222222226
6 0.368958381640625 0.21193085902777778 0.008344777343750031 0.023312395833333353
7 0.371342604296875 0.23948187152777775 0.013113222656250034 0.027551012500000027
7 0.768315594921875 0.11974093402777777 0.015497444531250081 0.0339089375
7 0.790965705859375 0.19497639097222222 0.02980277734374992 0.03602824583333333
7 0.761162928125 0.2151098201388889 0.013113221875000036 0.016954468055555536
7 0.54956321015625 0.06675822152777777 0.03337911093750003 0.06781787638888889
7 0.54956321015625 0.11550232013888889 0.03337911093750003 0.02119308750000002
7 0.5513513765625 0.1600077986111111 0.029802778125000005 0.04238617222222225
7 0.55015926640625 0.20027466250000003 0.025034332812500004 0.03814755555555555
7 0.5215485996093749 0.2659732263888889 0.020265889843749996 0.033908936111111114
7 0.540622378125 0.25007841527777774 0.020265889062499997 0.04026686111111112
7 0.56148432109375 0.2352432534722222 0.009536889062500008 0.01907377638888891
6 0.568040932421875 0.2596153034722222 0.008344777343749943 0.016954468055555536
6 0.711094262109375 0.16212710555555557 0.008344777343749943 0.03390893611111113
7 0.059605554296874995 0.27551011875 0.011921110156250003 0.023312395833333353
7 0.07927538789062501 0.2172291298611111 0.03218699921875 0.0339089375
7 0.109439412890625 0.21176485069444442 0.0044669148437499915 0.02647060694444446
2 0.8174454105468751 0.28852960833333335 0.056580921093750014 0.047647091666666655