2 0.41446636640624995 0.3847529361111111 0.012614193749999992 0.013455141666666668
2 0.3867151390625 0.39260176736111113 0.020182709374999996 0.01569766250000002
2 0.367163137890625 0.4082994326388889 0.013875611718750003 0.02018270972222227
2 0.328689848046875 0.4139057388888889 0.015137032031250008 0.02691028055555557
2 0.384823011328125 0.41166321805555556 0.023966967968749975 0.02691028055555557
2 0.30472288046875 0.42511835694444444 0.0353197421875 0.031395327777777815
2 0.459246752734375 0.4004506013888889 0.008829933593749928 0.01794018888888884
2 0.42960339687500004 0.4004506 0.007568517187500045 0.02691028055555557
2 0.46996881953125 0.4026931263888889 0.017659871874999934 0.02691028055555557
2 0.48447514257812496 0.40493564722222225 0.011352774218750028 0.02691028055555557
2 0.49645862773437505 0.4004506013888889 0.017659871093750022 0.0358803722222223
2 0.505288562109375 0.40381438541666664 0.012614194531249989 0.03812289861111111
2 0.4384333359375 0.39820807916666673 0.0075685187499999525 0.01794018611111115
2 0.44789398242187495 0.4060569076388889 0.018921291406249985 0.02915280138888884
2 0.41825062578125005 0.4038143881944445 0.01513703125000001 0.029152804166666692
9 0.6872032578124999 0.39468410763888895 0.07370293437499997 0.0740032736111111
2 0.51979488359375 0.40910032569444443 0.034058323437499996 0.04036542083333327
2 0.348872558203125 0.41470663125 0.03279690390625003 0.04260794305555559
2 0.260573203125 0.4214342027777778 0.05802529062500002 0.06951822222222219
4 0.616924178515625 0.4074985270833333 0.018921291406249985 0.08970093194444446
4 0.71522478671875 0.3901990597222222 0.02018270937500004 0.09194345833333328
2 0.29012645703124995 0.4171093430555555 0.012614193750000035 0.022425236111111167
7 0.90546977578125 0.2286673027777778 0.027751226562499908 0.05606308333333333