6 0.4886330824218749 0.49031215555555563 0.009228508593750018 0.023437483333333297
7 0.6296974390625 0.4000778430555556 0.03032224531249996 0.03984372222222221
7 0.8037207566406248 0.39773409513888885 0.022412092968749953 0.039843720833333325
7 0.8050391156250001 0.34968725208333334 0.025048810937500044 0.05156246250000002
7 0.7989234054687501 0.27080855625000005 0.03918456093750002 0.08744494305555557
4 0.4055765 0.5371871229166666 0.025048810937500044 0.0890624375
4 0.20386765429687498 0.5391059402777778 0.06459956484374998 0.20920528888888892
2 0.5156594316406251 0.5336715006944445 0.018457017968750034 0.03515622638888887
2 0.5090676390625 0.5489058652777777 0.021093735937500035 0.03749997222222221
2 0.5703713078125 0.5418746208333333 0.01186522656250002 0.03281247777777775
2 0.5644386953125 0.5184371361111111 0.015820303125000025 0.023437486111111145
2 0.5769631000000001 0.5489058652777777 0.025048810937499954 0.03749997222222221
2 0.6053078078125 0.5477339916666667 0.03427731875000006 0.06796870277777774
2 0.60860370390625 0.56296835625 0.027685526562500052 0.07499994861111109
2 0.625083184765625 0.5547652361111111 0.03164060390624997 0.09609368611111112
2 0.6593605046875 0.5606246069444445 0.07910150781249996 0.15468739166666662
2 0.7226417113281249 0.58171834375 0.14238271484374998 0.19218736527777772
9 0.545322497265625 0.52781213125 0.03295896171874997 0.060937456944444475
2 0.485996366015625 0.5535933625 0.04614254609374999 0.05624996111111105
2 0.866342784375 0.6473432979166666 0.2663084109374999 0.30937478749999997
2 0.5393898835937501 0.5512496145833334 0.029003885937499963 0.04218747083333333
7 0.35283275625 0.4166225013888889 0.02011589374999998 0.03933774722222228
7 0.629426288671875 0.4425496527777778 0.016092714843749967 0.02682119166666668