2 0.073157657421875 0.7104466798611111 0.14595277421875003 0.4318315375
2 0.01845701875 0.5214840166666667 0.0342773203125 0.0515624638888889
2 0.0250488109375 0.5074215249999999 0.0448241875 0.04687496944444444
2 0.03427731992187501 0.5011715180555555 0.03691403671875 0.035156224999999985
2 0.0533935171875 0.510546511111111 0.030322245312499996 0.04453121944444444
2 0.067895461328125 0.5152340083333333 0.035595678906250004 0.035156224999999985
2 0.083715762890625 0.5093746381944445 0.027685527343750006 0.0374999736111111
2 0.12656241328125 0.5234371291666666 0.04746090468749999 0.04687496666666667
2 0.16413562890625003 0.5195308680555556 0.040869112500000006 0.0515624638888889
2 0.191161977734375 0.52109338125 0.03427731953125002 0.04218747083333333
2 0.22609847734375005 0.5234371270833335 0.030322245312500006 0.04218747083333333
7 0.040209933593750004 0.4121090784722223 0.017138659375000004 0.0351562236111111
7 0.0382323953125 0.44101529722222227 0.018457018749999998 0.03984372222222221
2 0.28806132578125 0.5246090006944445 0.02241209531249999 0.03046872916666672
7 0.30454080625 0.4738277736111111 0.018457018750000033 0.016406236111111146
7 0.367822012890625 0.4859371534722222 0.013183585156249978 0.009374993055555574
2 0.41726045585937505 0.5187496319444445 0.027685528906250045 0.03749997222222221
2 0.444945983984375 0.5199215048611112 0.019775377343749945 0.03515622638888887
2 0.46669889882812504 0.5199215048611112 0.02373045234375004 0.03515622638888887
2 0.48581509609375007 0.5246090006944445 0.01450194218749994 0.03046872916666672
7 0.39023410703124994 0.4789059076388889 0.015820301562499983 0.02343748472222226
2 0.388915748046875 0.52109338125 0.023730452343749996 0.04218747083333333
2 0.50559047265625 0.5222652541666667 0.019775376562500037 0.04453121666666667
2 0.524047491015625 0.5257808770833334 0.01713866015625003 0.04218747083333333
2 0.53854943359375 0.5304683729166667 0.022412093749999952 0.05624996249999994
2 0.5616207078125 0.5609371041666668 0.04746090468750008 0.0515624638888889
2 0.593920490234375 0.5679683486111112 0.02768552734374996 0.0515624638888889
2 0.630175348046875 0.5749995916666667 0.07910150859375005 0.08906243888888889
4 0.7257563367187501 0.5644527270833333 0.02241209375000004 0.11484367361111114
4 0.7468500718750001 0.5691402222222223 0.01713865937499994 0.1289061611111111
7 0.8320654644531249 0.5742183548611111 0.021093736718749943 0.04218747083333333
7 0.8281103882812498 0.47343717500000004 0.015820301562500028 0.042187472222222216