7 0.040151742578124996 0.20929150069444447 0.07874419453125 0.13028742361111112
2 0.82915297890625 0.4061086736111111 0.34070507812499995 0.21899375277777777
2 0.663478311328125 0.41303885555555553 0.06081234765624997 0.15246400833333332
2 0.640088947265625 0.40125754583333334 0.07796454921875 0.11226894999999999
2 0.612021709375 0.4081877270833333 0.062371639062500074 0.09840858749999996
2 0.5843442953125001 0.4088807465277778 0.050676956249999974 0.08870632916666668
2 0.566802270703125 0.40610867291666664 0.059253057031249945 0.08870633194444445
2 0.5660226253906251 0.3901692534722222 0.04521943828124995 0.07345992916666665
2 0.5332775148437501 0.4005645284722222 0.04210085625 0.07207389305555559
2 0.52197265546875 0.39224830833333335 0.04288050156250005 0.06375767500000001
7 0.5247014148437501 0.34027194375 0.017152201562500035 0.023562620833333308