2 0.16742692734375 0.5850002965277779 0.06136366718750001 0.05181820694444442
2 0.307796316796875 0.5631821041666666 0.041420475781249966 0.04090911111111113
2 0.41825091835937495 0.5550002826388889 0.029147741406249938 0.03545456250000001
2 0.4581373015625 0.5495457340277778 0.029147742187499937 0.03000001527777777
2 0.48268276953125006 0.5672730152777777 0.038352292187499956 0.04909093333333337
2 0.38527616992187497 0.5362989729166667 0.024545466406250015 0.03545456250000001
7 0.358429565625 0.5185716937499999 0.016875009374999993 0.027272740277777766
7 0.6828899578125001 0.46675348333333333 0.04602275000000002 0.0927273222222222
7 0.19351470859375 0.46129894027777774 0.049090934375000006 0.09272731944444443
2 0.4259296 0.5172080590277778 0.01380682499999999 0.019090918055555604
2 0.468117120703125 0.5158444173611111 0.015340917968750034 0.027272743055555538
6 0.285560209765625 0.49227296805555554 0.01840910078125 0.024545466666666647