2 0.22201067460937499 0.7231268409722222 0.22458404765625 0.23207018194444445
2 0.8743571507812501 0.7724105625000001 0.2505515781249999 0.45041578611111116
2 0.303978007421875 0.6733956708333333 0.12703035078125002 0.18216261388888882
2 0.3660895328125 0.6584234013888889 0.043513160937499996 0.12476891388888897
2 0.389249762890625 0.6496895770833333 0.032283958593749995 0.08733824027777778
2 0.40118079062500006 0.6428272861111111 0.047724110937499994 0.07361365833333337
2 0.42574467031249996 0.6309742409722222 0.0252657046875 0.03992605416666666
2 0.43943026054687506 0.6253596381944444 0.016141977343750023 0.03867836250000004
2 0.44679942500000003 0.6234881055555556 0.0070182515625000445 0.02994453888888889
2 0.45101037617187495 0.6228642618055555 0.007018252343749953 0.026201473611111067
2 0.49402224140625 0.6195667930555556 0.007018251562499955 0.024953783333333333
2 0.505953269140625 0.6226860145833334 0.019651103906250002 0.03867836250000004
2 0.506655094140625 0.6295483055555556 0.009825552343749955 0.03493529722222222
2 0.51823520859375 0.631419838888889 0.023160229687500068 0.04616450000000004
2 0.542799089453125 0.6351629076388889 0.03860038359375002 0.06612752361111107
2 0.549115516015625 0.6476397986111111 0.03860038359374993 0.06862290277777781
2 0.56069563125 0.6532543986111111 0.022458406249999997 0.08234748333333333
2 0.59297958828125 0.6576213118055555 0.04912776093750004 0.11353971249999996
2 0.65438928828125 0.6700982041666667 0.12001209999999993 0.17592417222222217
2 0.723218287109375 0.7186689722222221 0.16282343515625 0.21709791388888888
2 0.46038476875 0.6195667923611111 0.013334678124999933 0.019963026388888888
2 0.47462179296875 0.6168040520833333 0.013334679687499929 0.0137245819444444
7 0.5726433003906249 0.5489478513888888 0.01067037265624995 0.04426228611111114
7 0.554859345703125 0.5734501875 0.0071135820312499655 0.030035122222222238