2 0.09726380546874999 0.5690552708333333 0.19452761093749998 0.25937015277777775
6 0.18974414374999998 0.37771663402777783 0.019133864062499995 0.0297637902777778
6 0.27524859765625004 0.3660237020833333 0.017937996874999973 0.0318897736111111
2 0.293186594140625 0.5361025041666666 0.08968998671874999 0.07015749999999998
2 0.462401699609375 0.5623229909722222 0.06218505703124997 0.08291340972222222
2 0.61786433984375 0.6016537111111111 0.06696852187500006 0.11480318055555551
2 0.714131591796875 0.6115749666666667 0.16861717265624998 0.19984257499999994
2 0.9706100707031251 0.7651419486111111 0.05620572421874996 0.35078750277777776
6 0.739807841015625 0.4911024986111111 0.010762796093750016 0.025511819444444465
6 0.59152039921875 0.5027954159722222 0.013154531250000013 0.02338583472222224
7 0.604076996875 0.4974804534722222 0.021525596875000018 0.0297637902777778
7 0.60228319765625 0.4687796583333333 0.017937998437500012 0.010629924999999929
6 0.52156221015625 0.4251969701388889 0.014350398437499922 0.02551181805555558
6 0.352347104296875 0.3433465534722222 0.022721463281249975 0.05314962083333334
7 0.230966657421875 0.3848032569444445 0.03587599453124999 0.0552756083333333
2 0.41453216171875 0.5283072326388888 0.04663879218749996 0.061653562499999974
2 0.44801642187499996 0.50917336875 0.02750492812500003 0.02338583472222224
2 0.4701399527343749 0.5102363611111111 0.016742130468750015 0.025511819444444465
2 0.48568621679687496 0.5102363611111111 0.014350397656250014 0.025511819444444465
2 0.38284169921875 0.5006694298611111 0.03348426250000003 0.04039371250000004
6 0.27461578359375 0.46963005347222225 0.015546264062499971 0.01913385972222225
7 0.281193048828125 0.4356142951388889 0.016742132031250013 0.01488189305555557