6 0.302744539453125 0.3614059958333333 0.009228510156250013 0.018749986111111106
6 0.385141942578125 0.3707809875 0.007910150781249969 0.023437483333333377
6 0.263193784765625 0.36609349166666666 0.00659179296875001 0.023437483333333335
6 0.226938926953125 0.3403122590277778 0.007910150781250014 0.02812498194444445
6 0.72396006953125 0.10242179930555556 0.029003885937499963 0.1101561736111111
7 0.74703134375 0.3356247625 0.019775376562500037 0.06562495555555554
7 0.76285164453125 0.22078109027777776 0.043505829687500074 0.09374993333333333
2 0.39437045195312503 0.44578093541666675 0.01845701796874999 0.028124981944444412
2 0.317905661328125 0.43992156527777776 0.01845701796874999 0.04921871666666667
2 0.19134324765625 0.4129684590277778 0.023730451562500022 0.046874968055555556
2 0.1662944375 0.4188278298611111 0.044824187500000015 0.06328120694444439
9 0.056211505859375 0.38953097500000006 0.04350583046875 0.0515624638888889
2 0.28033244453124995 0.43523406736111114 0.030322243750000012 0.04453121805555556
2 0.429306951171875 0.45867155277777777 0.04086911171874998 0.06328120555555551
2 0.3515238015625 0.4762496652777778 0.08305658281249997 0.12656241388888886
2 0.22957564296874997 0.42117157847222225 0.06328120624999997 0.08671869027777777
2 0.128721220703125 0.42234345208333335 0.05932613046875 0.07031245138888885
2 0.035027134765625 0.41999970416666665 0.07005426953125 0.182812375