6 0.445932968359375 0.3717309645833333 0.010990953906249957 0.04877492083333333
6 0.596808790625 0.37391447499999997 0.010990954687500044 0.05506578888888889
6 0.5426688757812499 0.43963816111111115 0.006625601562500005 0.03730263333333339
6 0.5703305824218751 0.4458552659722222 0.009991775781249945 0.042631579166666635
6 0.4958918488281251 0.4289802645833333 0.008992599218750019 0.040855262500000024
6 0.482402950390625 0.4254276347222223 0.009991775781249945 0.03730263333333339
6 0.435441601953125 0.4192105291666667 0.009991775781250035 0.04618420833333335
6 0.36579368320312505 0.4067763194444445 0.011401102343750002 0.046184211111111116
6 0.46291898515624996 0.47960526666666664 0.006994242187499999 0.024868422222222207
6 0.210127043359375 0.4804934243055555 0.012989308593750026 0.019539476388888883
7 0.7232047625 0.5302302652777778 0.01398848749999999 0.030197366666666645
7 0.31404151953125 0.5355592145833333 0.008992600000000017 0.015986843055555512
2 0.10021750468749999 0.5524342152777778 0.0229810859375 0.024868422222222207
2 0.11670393515625 0.5515460576388889 0.01398848749999999 0.02664473750000001
2 0.138244926171875 0.5542105291666666 0.027095136718750013 0.021315788888888913
2 0.17215829375 0.5559868465277779 0.0329728609375 0.031973684722222215
2 0.35850492421875 0.5630921083333333 0.019983553124999977 0.03907894722222222
2 0.325032472265625 0.5630921076388888 0.04296463828124999 0.03552631805555559
2 0.64027301640625 0.5755263201388888 0.0799342109375 0.09592105416666664
9 0.845104433203125 0.5586513180555556 0.15787006640624995 0.1261184194444444
2 0.9090518019531251 0.6980921090277779 0.18185033046875 0.5719736874999999
7 0.3734925890625 0.4449671090277778 0.037968750000000016 0.02664473750000001
2 0.489896781640625 0.7158552680555555 0.36469983828124997 0.45828947777777773
2 0.25459044999999997 0.559539475 0.02797697343750003 0.028421052777777806