7 0.191973384765625 0.33616859930555554 0.04792898828125001 0.011982245833333335
7 0.21032120078125 0.3776626736111111 0.01572669843750001 0.015976327777777834
7 0.384063783203125 0.4404585277777778 0.01123335546875004 0.0199704111111111
7 0.29756693749999996 0.41915675625 0.02546227343749998 0.025295854166666725
9 0.5207362894531251 0.31065085277777776 0.18123148671875003 0.25295855000000006
2 0.14067104101562503 0.6206043375 0.27933613515625 0.5085798222222222
2 0.23241012031250002 0.45199699791666664 0.1303069375 0.11849110972222215
2 0.297938033984375 0.5644969854166667 0.13854473203125 0.1863905097222222
2 0.34324590703125 0.4666419652777778 0.026960056249999996 0.011982247222222181
2 0.349237028515625 0.49326918333333336 0.040440083593749995 0.041272183333333365
2 0.4031571414062499 0.4852810166666667 0.047928987500000006 0.046597627777777796
2 0.388928223046875 0.5312129652777778 0.07189348203125001 0.09585797777777777
2 0.543394909375 0.6319969666666667 0.29506283281250006 0.44068042222222226
7 0.29606915625 0.4435650451388889 0.013480029687499995 0.02263313472222224