2 0.157065928125 0.5428121263888889 0.313769315625 0.43593719999999997
2 0.306010854296875 0.49550802222222223 0.04443979296874998 0.08177614999999999
2 0.338366142578125 0.5065963138888889 0.021830074218750006 0.04019505555555551
2 0.41165281914062496 0.5059032951388889 0.035863692968750006 0.05266938472222217
2 0.370117634375 0.5055956875 0.043232199999999964 0.06037038888888888
2 0.509498326953125 0.5093683875 0.03040617421874998 0.03187883888888889
6 0.41438157851562496 0.4151179097222223 0.008576100781249974 0.023562619444444426
6 0.495464708203125 0.42135507361111113 0.007016810156249953 0.016632436111111166
6 0.58161553515625 0.4698663486111111 0.00935574531250003 0.019404508333333344
6 0.60617436796875 0.43590845486111107 0.008576099999999975 0.020790545833333358
2 0.48863308281249995 0.49593716041666674 0.014501943750000024 0.018749987499999954