2 0.361294809765625 0.5343685222222222 0.020265889843749996 0.03814755555555552
2 0.33983680937500005 0.5354281791666666 0.022650110937500002 0.04450548055555556
2 0.30943797695312497 0.5375474847222221 0.04530022109375 0.0656985666666667
2 0.127641036328125 0.5357309388888889 0.06795033203125 0.0656985666666667
2 0.060797665234375 0.6149022520833334 0.12159533046875 0.2422066986111111
2 0.45129919609374997 0.5257399138888889 0.011921110937499969 0.04026686388888889
2 0.47037297421875 0.5193819888888889 0.02622644531250007 0.0656985666666667
2 0.488254641015625 0.5225609513888888 0.03337911015625004 0.0932495777777778
2 0.5335548609374999 0.5331574944444445 0.09060044218749992 0.17802192222222224
2 0.202744034765625 0.5949202013888889 0.20861943984374998 0.24160118055555557
2 0.384575043359375 0.5327033555555556 0.02861066640625003 0.040872377777777774
2 0.42328458671874997 0.5249830180555555 0.04172388749999998 0.067817875
2 0.6330961363281251 0.577965732638889 0.20623521796875002 0.2797487347222222
7 0.6444211921875 0.26370253819444445 0.026226443749999984 0.05510202361111109