2 0.366503654296875 0.49492154583333337 0.021093735156249994 0.035156224999999985
2 0.35266089023437497 0.4984371666666667 0.011865225781250021 0.04687496666666667
2 0.34211402187499995 0.4996090430555556 0.017138659374999986 0.03984372222222221
2 0.3315671546875 0.5054684125000001 0.02768552812499996 0.05624995833333336
2 0.280151173828125 0.5066402888888889 0.09096673515624998 0.1289061611111111
2 0.21159653398437497 0.528905898611111 0.11997061953124999 0.1546873944444445
2 0.092944271875 0.6019527361111111 0.18588854375 0.2601560722222222
2 0.40825167890624997 0.4464840680555555 0.031640603125000014 0.021093736111111146
2 0.38452122656250004 0.4792965444444445 0.018457018749999988 0.030468727777777756
2 0.49262662148437497 0.47929654583333337 0.013183583593749937 0.021093736111111067
2 0.52031214921875 0.4945309111111111 0.05537105624999992 0.07499994999999997
2 0.52690394140625 0.5074215263888889 0.031640603125000055 0.0773436972222222
2 0.5539302898437499 0.5003902826388889 0.05668941406250001 0.11953116805555561
2 0.62841755234375 0.5132808972222223 0.1423827359375 0.17812487777777777
2 0.7912145328125 0.562741182638889 0.26055494687499997 0.2354542402777778
2 0.941088233203125 0.5867183708333333 0.11469718671874993 0.4078122194444445
4 0.829027762890625 0.42578096944444443 0.03295896171874997 0.05624996111111105
4 0.891649791015625 0.42343722083333335 0.03164060390624997 0.0656249555555555
4 0.9496575632812501 0.46445281944444444 0.03164060468750005 0.07265620277777773
2 0.4392309570312499 0.5266461604166667 0.13754445624999997 0.2417960902777778
6 0.342875855859375 0.43005560625 0.008414132031249988 0.014958454166666652
6 0.42000539296875 0.42475782013888885 0.011218839062500052 0.015581726388888878
7 0.510737784765625 0.42538108888888887 0.01051766484375003 0.016828263888888903