2 0.523789515234375 0.3699213625 0.014350397656249925 0.04251969722222218
2 0.11001971562499999 0.3646064006944444 0.052618124999999995 0.040393712499999956
2 0.0663705890625 0.37417333194444446 0.0944734515625 0.05102363611111108
2 0.031092528125 0.3869292409722222 0.06218505625 0.06803151527777776
2 0.405398734765625 0.3635434076388888 0.05022639296874996 0.0340157569444444
2 0.49688251992187504 0.36779537638888893 0.032288396093750026 0.029763786111111065
2 0.45502719296875 0.3805512868055555 0.04903052500000005 0.07653545416666666
2 0.551294444140625 0.3890552256944444 0.06218505703124997 0.08929136250000001
6 0.44605819375 0.33165363541666665 0.014350396875000015 0.01700787916666668
6 0.548902711328125 0.2933859076388889 0.009566932031250008 0.01700787916666668
6 0.572820040625 0.2933859076388889 0.009566931250000011 0.01700787916666668
6 0.620654699609375 0.3412205673611111 0.011958664843749921 0.02338583472222224
7 0.428718130078125 0.270000075 0.015546263281249927 0.012755908333333307
7 0.7085508859375 0.3210237111111111 0.029896662499999938 0.029763788888888875
7 0.7557876109375 0.29657488541666666 0.06457678906250006 0.057401590277777755
6 0.45203752695312505 0.26149613541666666 0.009566932031250008 0.03401575694444444
2 0.9607591546875 0.36226782152777776 0.05979332343749988 0.03401575694444444
2 0.9015637636718751 0.36120482847222224 0.053813989843749965 0.027637801388888918
2 0.8579146375000001 0.3633308111111111 0.031092529687500026 0.023385833333333356
2 0.32826534687500003 0.34972450625 0.0466387921875 0.034015756944444475