7 0.116557001171875 0.12890139027777778 0.23311400234375 0.2550307027777778
7 0.445177574609375 0.14345476875000002 0.15904768046874995 0.2564167402777778
7 0.6876473230468749 0.34373703333333333 0.042100857031249994 0.0887063333333333
7 0.274045388671875 0.43244336527777777 0.017931846093750002 0.02772072777777781
7 0.24870691093750003 0.4310573291666666 0.02027078281249999 0.02772072777777773
2 0.39722937578125006 0.48441972986111115 0.04443979218750003 0.062371640277777765
2 0.233893646875 0.4851127493055556 0.02027078124999999 0.030492804166666648
2 0.17269147499999998 0.4837267125 0.02884688281250001 0.044353166666666666
2 0.14111583320312499 0.4851127493055556 0.021830074218750006 0.033264876388888906
2 0.09755312929687501 0.46907432013888883 0.035084047656250006 0.02217658194444449
2 0.327938372265625 0.47739053958333333 0.014033619531249996 0.02494865694444444
2 0.34236181484375 0.48085562777777774 0.014813265625000006 0.020790544444444472
2 0.35678525585937504 0.4801626118055556 0.014033619531249996 0.02217658472222218
7 0.018029290234375002 0.43858151736111106 0.03196546484375 0.02494865694444444