7 0.45031721289062504 0.6884084611111111 0.017598496093749992 0.04223638611111116
7 0.8599221906250001 0.7642775298611112 0.009679171874999958 0.01564310694444436
2 0.7208783621093751 0.7758981013888889 0.011439021093750057 0.015643108333333246
2 0.732757345703125 0.7790267236111112 0.017598496093749992 0.018771727777777712
2 0.7120791132812501 0.7805910340277779 0.007919321874999951 0.02190034861111106
2 0.70415979140625 0.7821553444444445 0.013198871874999973 0.028157594444444416
2 0.70020013046875 0.786066120138889 0.012318945312500062 0.02972190416666665
2 0.693160732421875 0.7876304305555556 0.01407879609374998 0.032850525
2 0.684801446875 0.7907590520833333 0.013198871874999973 0.03910776805555542
2 0.657523779296875 0.7798088784722224 0.04839586171874997 0.09542295138888887
2 0.64080520859375 0.8032735395833334 0.03431706562499999 0.057879495833333454
2 0.6236466761718751 0.8118772479166665 0.03695683984375 0.07195829305555558
2 0.60296844453125 0.8173523354166666 0.04311631406250003 0.0860370875000001
2 0.56029209375 0.8298668201388889 0.08623262656249997 0.10480881805555559
2 0.46921988007812504 0.84159915 0.13638833828125002 0.14078796388888876
2 0.28531560390625 0.8486385493055555 0.24549900781250003 0.21431056527777786
2 0.083812833984375 0.8697567423611111 0.16630577890625 0.2346466041666667
2 0.7468801539062501 0.7827810597222222 0.010559096874999962 0.018771727777777712
2 0.7543595152343749 0.7812167499999999 0.009679172656250045 0.015643108333333246
2 0.763598725390625 0.7843453708333334 0.015838646093749985 0.028157594444444416
2 0.7816371832031249 0.7921669243055555 0.03079736640625006 0.03754345694444431
2 0.804075263671875 0.7999884770833333 0.04927578671874997 0.0406720791666667
2 0.8075949640625 0.8031171 0.042236389062500025 0.028157591666666645
2 0.818154061328125 0.8156315840277778 0.047515936718750054 0.04380069861111117
2 0.8256334210937499 0.8218888270833332 0.03607691562499991 0.05944380694444441
2 0.86259026171875 0.8265817569444445 0.0765534546875001 0.0719582916666667
2 0.8647900734375 0.8265817569444445 0.07919322968750002 0.0719582916666667
2 0.867429848046875 0.8445713319444444 0.06687428203125005 0.0829084666666666
2 0.9013069496093749 0.846135642361111 0.07831330390625002 0.08290846805555548
2 0.9509786878906251 0.8056200041666668 0.07743338046874992 0.07508691388888877
2 0.9320603046875 0.9080823541666667 0.131108790625 0.1767671083333334