2 0.236597976171875 0.48924897291666664 0.10206187109375 0.09484537638888885
2 0.81077886796875 0.5923417736111112 0.3746134640624999 0.3381443861111112
2 0.40360831406250003 0.5026510368055556 0.14381445625000003 0.23298972638888893
2 0.549162461328125 0.48247430625000004 0.05451031953125005 0.07216495972222224
2 0.594394428125 0.4762887395833333 0.03131443906250002 0.04329897361111108
2 0.497551628125 0.4711340986111111 0.03479381875000005 0.05360825555555553
7 0.20876292070312502 0.2525773611111111 0.06030928828125 0.02886598333333335
7 0.07596650703125 0.21134024166666668 0.022036087500000003 0.020618561111111135
6 0.06088918476562499 0.3319588201388889 0.015077322656250003 0.030927840277777778
6 0.16643044062499998 0.39278357152777776 0.015077323437500012 0.032989698611111055
6 0.33576036445312496 0.26082478819444443 0.022036085156249996 0.04123712083333331
6 0.156572190625 0.3144330430555556 0.013917528125 0.037113408333333334
2 0.524226890625 0.46597945902777776 0.020876292187500044 0.04742269027777779
2 0.022036085937499998 0.4469809263888889 0.044072171874999996 0.22061859444444445
6 0.71857524296875 0.2851252298611111 0.016237115624999986 0.03711340972222222
6 0.592986114453125 0.35699563055555555 0.020876291406250046 0.024742272222222222