7 0.561976723046875 0.49598222638888895 0.014622117968750015 0.01386393333333326
7 0.5185977738281251 0.4951157305555556 0.01949615703124996 0.01906290833333336
7 0.5429679703125 0.5089796645833333 0.013647310937500023 0.012130943055555576
7 0.312913318359375 0.4673878638888889 0.029244235156249986 0.015596927777777835
6 0.3484938046875 0.4691208548611111 0.004874039062500035 0.025994876388888914
6 0.355317459765625 0.4699873513888889 0.004874039843749988 0.02426188611111115
6 0.49861421328125 0.4864507708333333 0.006823654687500014 0.022528891666666655
6 0.146221176953125 0.741200554861111 0.007798463281250001 0.0017329902777777622
5 0.5658759546875001 0.5705008708333333 0.010722885937499971 0.06585368611111117
0 0.564413742578125 0.5860977979166666 0.01754654140625007 0.05545573472222224
2 0.590733555078125 0.5808988208333333 0.031193852343750005 0.06931966944444438
9 0.631675483984375 0.5800323256944444 0.07408539609375006 0.0953145458333333
2 0.6901639546875 0.5999617305555556 0.08188385937499998 0.09704753611111114
2 0.771560409765625 0.6181581444444444 0.1432967523437501 0.1334403638888889
9 0.492277961328125 0.5445059951388889 0.03704269765625003 0.07278565138888887
2 0.443537569921875 0.5497049694444445 0.01949615703125005 0.04505778333333331
2 0.450361224609375 0.5687678791666667 0.023395388281250006 0.027727866666666677
2 0.41770516210937503 0.5583699277777777 0.010722886718749968 0.027727866666666677
2 0.400158620703125 0.5609694166666667 0.02631981171875002 0.046790777777777806
2 0.372864001171875 0.5609694159722223 0.016571733593749992 0.053722743055555515
2 0.347518996875 0.5592364249999999 0.039967121875 0.07451864444444449
2 0.29829120078125 0.5557704416666667 0.07213578125000004 0.11611044722222219
2 0.06527360859375 0.5653906604166666 0.09350451875000002 0.1349958263888889
2 0.16717954570312502 0.5748333499999999 0.20763407109375 0.22008995
2 0.914096036328125 0.6293899229166667 0.16906911953124998 0.26334940972222226