2 0.458114876171875 0.4903306270833333 0.020058980468749966 0.033113237500000045
2 0.47258001484375 0.49712308124999993 0.021491764062499995 0.03311323749999996
2 0.4919226046875 0.5034910125000001 0.022924549999999932 0.04584909999999998
2 0.5076832312499999 0.5098589416666667 0.02579011874999999 0.05349061388888888
2 0.529174996484375 0.5149532868055555 0.028655686718749962 0.07386799305555555
2 0.5628454261718749 0.5162268722222223 0.06447529296874999 0.10188688611111106
2 0.627041795703125 0.5414717631944445 0.11147992421875 0.15747100694444452
2 0.752357478125 0.5619171097222222 0.2299092296874999 0.2658031138888889
2 0.31497374218749996 0.5085853555555556 0.01576062812500001 0.03566040833333335
2 0.291503375390625 0.5037336034722222 0.03977681640625001 0.03614559027777773
6 0.4340654125 0.44429959097222216 0.010370635937500072 0.022560668055555528
6 0.46360806445312497 0.46831578611111113 0.011462274218750058 0.025471722222222267
2 0.369326440625 0.4998964048611111 0.04459197031249999 0.051295337499999975