2 0.05648731875 0.5797466 0.1129746375 0.22953576944444445
4 0.89050596796875 0.6042191645833334 0.03132909999999996 0.1299577541666666
4 0.673955416796875 0.5932487048611111 0.01234176640625 0.08438815138888885
2 0.11724678828125001 0.63713054375 0.016139234375 0.07088604861111113
2 0.20031637421874998 0.6092824534722223 0.09303793593749998 0.10295354583333334
2 0.27056951054687495 0.6033752840277777 0.04367086796874999 0.06075946805555551
2 0.312341644921875 0.5966242312500001 0.034177199218749975 0.06751052083333332
2 0.349366946484375 0.599155875 0.030379733593749993 0.05907170555555557
2 0.403006165625 0.5966242319444444 0.01993670000000001 0.0607594666666667
2 0.42768969960937503 0.5999997576388889 0.027531633593749927 0.043881840277777764
2 0.46708841953125 0.5966242305555555 0.051265803124999995 0.07763709999999999
2 0.5155061203125 0.6016875201388889 0.04556960156250005 0.06751052083333332
4 0.5734174890625 0.5966242298611112 0.017088599999999943 0.08101262361111113
7 0.78544272890625 0.5445848708333333 0.013291134375000003 0.033755258333333336
7 0.610759255078125 0.48466928402777776 0.02658226640625001 0.011814340277777783
7 0.5324365023437501 0.5403654638888888 0.010443034374999983 0.015189866666666616
7 0.4882909515625 0.5395215812499999 0.049367068749999986 0.030379734722222197
2 0.55189851953125 0.5969055249999999 0.01898733281249996 0.023628683333333338
4 0.70860730234375 0.58616010625 0.015189867187500017 0.0691982875
6 0.6194617746093749 0.5270883986111111 0.010443033593749984 0.02194091944444444
2 0.378797315625 0.6008436381944444 0.028481003125000015 0.052320654166666716
2 0.7357591953125 0.575527192361111 0.03132910000000004 0.05232065138888886
2 0.7756325976562499 0.57721495625 0.04082276718750002 0.05232065416666663
6 0.6085440578125001 0.5308014736111111 0.00854430000000006 0.016877633333333364
7 0.62037975234375 0.4565178708333333 0.01912784375000003 0.02210328611111115