2 0.8256787796875 0.48579969375 0.3449363750000001 0.6223727625
2 0.6369076277343749 0.4865624062500001 0.07379235859375007 0.11440675694444444
2 0.343883320703125 0.4636810555555556 0.08837921953125001 0.10525421666666664
2 0.38206657499999996 0.43622343333333335 0.032605925000000015 0.04118643333333331
2 0.39751148671875003 0.43622343333333335 0.025741520312499988 0.04118643333333331
2 0.413385426171875 0.4354607222222222 0.02145126796875001 0.03050846944444443
2 0.42582716093750006 0.4346980097222222 0.01716101406249999 0.032033888888888855
2 0.459291137109375 0.4354607236111111 0.013728808593749964 0.01830508055555558
2 0.476452151953125 0.43698614444444445 0.030889825781250036 0.04576270555555561
2 0.652781565234375 0.42707089513888896 0.04890888828124993 0.07474574861111109
1 0.585853612890625 0.4308844520833333 0.04032838203125007 0.07322032638888881
2 0.5644023460937501 0.4553150631944444 0.048908889062499926 0.05181672638888889
2 0.51463540703125 0.43927428472222224 0.057489396874999966 0.09610167777777781
9 0.13838018125 0.37749463333333333 0.27629232031249995 0.17389827222222223
6 0.60172755 0.3256302340277778 0.008580506250000041 0.018305081944444464
6 0.5399479015625 0.3912234409722222 0.010296607812500014 0.018305081944444464
6 0.494471216015625 0.3942742902777777 0.006864405468749979 0.01830508333333327
6 0.4764521515625001 0.3874098861111111 0.006864406249999977 0.013728808333333358
6 0.35203480078125005 0.2844437993055555 0.0085805046875 0.039661006944444445
6 0.3584701828125 0.28520651458333335 0.006006354687499993 0.03813558750000002
6 0.3464574734375 0.2844438020833333 0.009438556249999985 0.03661016250000001
7 0.5875697140625 0.3538505659722222 0.00943855625000003 0.016779656944444454
7 0.42582716093750006 0.40190140625 0.01716101406249999 0.00915254027777779
7 0.42582716132812504 0.4133420819444445 0.008580508593750036 0.013728811111111128
6 0.083893962890625 0.3218166763888889 0.01458686171875 0.03203389166666667
7 0.035843123046875 0.26995228055555553 0.03861228203125 0.06254236388888887
6 0.007956476562499998 0.3202912534722222 0.013728810937499999 0.03813558750000002
7 0.429239855859375 0.36076264444444445 0.006864405468749979 0.021355927777777752
7 0.480722896484375 0.4072880569444444 0.006864405468749979 0.0167796583333333
6 0.32155449453124996 0.3386440027777778 0.00943855781249998 0.013728808333333318
6 0.5579474585937501 0.42406771666666665 0.008580509374999944 0.01677966111111115
7 0.58669215546875 0.38135586041666664 0.026599570312500022 0.022881354166666687
4 0.022890285546875 0.4141524638888889 0.027457622656250003 0.07169490277777774
4 0.04348350234375 0.4332202541666667 0.02230931875 0.11288133333333335
4 0.07737650273437499 0.44237279791666667 0.018019063281250004 0.12813557083333332
4 0.08724408710937501 0.44389822083333336 0.01544491171875 0.14033895555555553
4 0.115419873046875 0.4516442034722222 0.01387561328125 0.10764112083333338
4 0.12803406679687498 0.45837177361111114 0.018921291406250006 0.11212616666666667