2 0.6748677390625 0.6798566638888889 0.04780242187499999 0.06798566666666667
2 0.40922285195312497 0.7100339611111111 0.10379954453124998 0.14568357222222217
2 0.261035344921875 0.7100339618055556 0.27179091015625 0.18453252361111108
2 0.094665856640625 0.6978936652777779 0.18933171328125 0.24280595000000002
2 0.84285910703125 0.7112479909722222 0.15706510000000007 0.17239222361111115
2 0.928220572265625 0.7100339611111111 0.14204148203124997 0.1893886416666667
4 0.491852752734375 0.6663288888888889 0.012292052343750016 0.05341731388888889
4 0.48229226875000003 0.6639008305555556 0.01502361875 0.058273430555555526
2 0.5819944613281249 0.7063918708333334 0.18711233515624998 0.22095341388888895
6 0.47751202460937503 0.5048629333333333 0.010926267968750025 0.031564774999999975
6 0.49595010234375003 0.5012208430555556 0.012292051562500017 0.03884895277777771
6 0.487755403125 0.5085050215277778 0.012292051562500017 0.0388489513888889
6 0.757497639453125 0.48179636527777775 0.01365783515625001 0.03884895000000002
6 0.746571371875 0.47936830486111115 0.008194699999999954 0.0388489513888889
6 0.7684239070312501 0.4805823368055556 0.010926268750000023 0.041277015277777766
6 0.963730944140625 0.5898450152777778 0.01912096796874998 0.04127701111111111
7 0.947341541015625 0.5522100937500001 0.02458410078124995 0.02428059583333335
6 0.30542330898437503 0.5856826409722221 0.03004723828125 0.036420893055555584
7 0.304057524609375 0.4930695097222222 0.03824193828125 0.02185253611111114
7 0.401028150390625 0.5194312881944444 0.01912096796874998 0.050989251388888907
6 0.5389722820312499 0.5449259145833333 0.008194703125000036 0.029136709722222223