2 0.39785915000000005 0.72260743125 0.41698699375 0.3876576347222223
2 0.004303764453125 0.6758504798611111 0.00860752890625 0.06971036250000001
2 0.979823798046875 0.5678844298611111 0.037299296093749844 0.07141061805555553
2 0.057383531249999994 0.6784008604166666 0.0382556875 0.04420657361111111
2 0.0239098046875 0.6784008597222222 0.0229534125 0.030604550000000015
2 0.12194000390625 0.6826514923611111 0.04495043281250001 0.02550379305555555
2 0.190800241015625 0.6690494708333333 0.03921207890625 0.03570530833333328
2 0.21764497265625 0.6554474479166666 0.020215737500000008 0.02550379305555555
7 0.033473726953125 0.676700607638889 0.017215060156250003 0.0306045513888889
7 0.8832281847656251 0.5576829118055555 0.010520313281250004 0.023803537500000024
5 0.23970774414062496 0.6375947916666667 0.014345882031250002 0.03740556111111112
0 0.24162052851562504 0.6528970673611111 0.016258666406249976 0.034005054166666646
3 0.9207549195312499 0.5537753923611111 0.02686223906249996 0.049591826388888906