7 0.12154206796875 0.1743542951388889 0.03502653281249999 0.022416979166666687
7 0.66375279453125 0.07098710694444445 0.04623502343750001 0.029889308333333333
7 0.64834112109375 0.09091331041666667 0.01821379687500002 0.01992620694444444
7 0.643437407421875 0.1257841722222222 0.014010613281249995 0.03487085833333333
7 0.530651971875 0.1357472736111111 0.04623502343750001 0.019926205555555555
7 0.5035939644531251 0.21269444791666667 0.056567830468749934 0.0642264236111111
7 0.008844188671875 0.23359917013888887 0.01768837734375 0.022416979166666687
6 0.6637527953125 0.17746776527777777 0.023818042187499965 0.0348708611111111
6 0.485467743359375 0.14529524444444444 0.015411674218750004 0.03985241111111111
6 0.4763608453125 0.14529524444444444 0.014010612499999997 0.034870861111111116
6 0.205255481640625 0.1714483888888889 0.01541167578125 0.04234318888888888
6 0.196148583984375 0.17393916319444444 0.01120849140625002 0.042343184722222246
6 0.1898438078125 0.17518455069444447 0.01260955156250001 0.03487085972222222
2 0.446798452734375 0.2709963902777778 0.04343290078124999 0.03985241111111111
9 0.3830501625 0.27348716319444444 0.09247004687500002 0.19428050416666667
1 0.09513206328125 0.34447427430555555 0.189143278125 0.2266605847222222
2 0.247847745703125 0.4274171041666667 0.26480058828124997 0.4184503111111111
9 0.607920502734375 0.3389945673611111 0.21436238203124997 0.24160523749999996
2 0.7487271640625 0.2518174180555555 0.10367853593749991 0.09714024722222223
2 0.6898825890625 0.25181742152777775 0.03362547031250003 0.032380081944444444
2 0.72841177578125 0.3053690965277778 0.09106898593749993 0.1195572319444445
2 0.98200387109375 0.2094742340277778 0.03502653281249994 0.04234319027777778
2 0.967292728515625 0.23438199236111115 0.06164669765624993 0.07223249583333333
2 0.8839295796875 0.30038754652777777 0.23117511562499998 0.24409601527777774
2 0.9392715015625 0.4186993930555556 0.12049127187500001 0.28145765
4 0.66924029296875 0.24119010486111112 0.01681273593750001 0.03736163472222225