6 0.40755403632812504 0.54304649375 0.007910150781250014 0.021093737500000032
6 0.36734410390625 0.5606246076388889 0.009228509375000016 0.02343748472222226
7 0.45962919648437506 0.54539024375 0.011865225781250021 0.021093737500000032
7 0.45040068828125 0.54539024375 0.01186522656250002 0.016406240277777803
7 0.42864777265625004 0.546562117361111 0.015820301562499937 0.014062490277777803
7 0.3453086609375 0.5602401069444445 0.007345095312500005 0.014831491666666669
2 0.381846047265625 0.5981245819444444 0.017138660156249985 0.032812477777777835
2 0.36602574531250004 0.5992964569444444 0.019775376562499992 0.04921871666666659
2 0.398325528125 0.6004683319444445 0.015820301562500028 0.028124980555555606
2 0.41744172578125005 0.6016402041666666 0.022412093749999952 0.04453121944444444
2 0.5387307046875 0.5981245826388889 0.05932613125000001 0.08437494027777777
2 0.306040434765625 0.6133589458333333 0.02636716953125 0.03984372222222221
2 0.277695728125 0.6180464430555556 0.040869112499999985 0.0539062138888889
2 0.23748579414062504 0.6262495625 0.03691403671875002 0.04687496666666667
2 0.20584519140625002 0.6379683048611111 0.04746090468750001 0.06562495416666662
2 0.129866958984375 0.6468821493055555 0.08534806015624999 0.07876514861111106
2 0.33965857578124997 0.6110151986111111 0.04086911250000003 0.06796870555555559
2 0.4602883765625 0.6215620659722223 0.07646479062499996 0.1124999208333333
2 0.627060722265625 0.5957808333333333 0.12524405546874995 0.14999989722222218
2 0.031731238281250004 0.660233913888889 0.06346247656250001 0.07734369722222227
2 0.8675789828125 0.6368744597222222 0.26319811874999993 0.23048790000000005
7 0.34703159296874997 0.5450258979166667 0.00584884687499998 0.015596926388888951
7 0.7891069511718751 0.40985254374999996 0.024370196093750084 0.03639282638888888
7 0.597557209765625 0.4956356333333334 0.023395388281250006 0.013863933333333339