7 0.612965573046875 0.3062658861111111 0.02342543671874999 0.03643956666666668
2 0.5041349011718751 0.4199226277777778 0.012688778906249976 0.031233913888888923
2 0.521703978515625 0.40951132430555554 0.030257855468749994 0.05552695972222218
2 0.5290244281250001 0.42252545416666665 0.023425435937499996 0.04338043611111115
2 0.553913953515625 0.42252545625 0.03611421484375006 0.05379174305555555
2 0.569042880078125 0.43206915 0.03709027265625 0.05205652222222217
2 0.59149225625 0.4390100215277778 0.04099451250000001 0.0589973958333333
2 0.630046619140625 0.45375936944444445 0.07710872578124998 0.08849609166666662
2 0.672017192578125 0.4364071944444445 0.028305735156250032 0.03643956666666668
2 0.7764555941406249 0.47631719513888887 0.23913465859375 0.23425435972222222
2 0.9087117011718749 0.5301089375000001 0.18154712734375006 0.23772479166666668
2 0.35235759921875004 0.44074523819444444 0.04099451249999997 0.04858609027777779
2 0.33186034218750005 0.43206915208333335 0.05856358906249999 0.0659382625
2 0.302578547265625 0.43987762847222217 0.048802991406249996 0.07114391527777783
2 0.25670373515625 0.44248045763888894 0.08198902500000002 0.08676087361111111
2 0.210828923828125 0.4476861090277778 0.11517506015624998 0.10411304861111116
2 0.11371097031249999 0.4494213256944445 0.18057106875 0.1353469625
2 0.09858204296874999 0.4598326298611111 0.11712717968750001 0.11452435416666668
2 0.06490797890625 0.47024393402777775 0.1278638375 0.14575826805555553