6 0.46486808945312497 0.3615166673611111 0.00995435078125002 0.02022470972222226
6 0.44424836640625004 0.37921328680555555 0.005688199999999988 0.020224709722222182
6 0.417940444921875 0.37036497916666666 0.007110250781249938 0.02275279722222226
6 0.38665534765625004 0.35898857916666665 0.00711025156249998 0.025280886111111144
7 0.50041933359375 0.36910093541666666 0.012798448437500021 0.02022470972222226
6 0.52103905625 0.36530880069444444 0.011376399999999976 0.022752798611111104
2 0.414385319921875 0.40196608472222217 0.01706459765625006 0.020224708333333376
2 0.38949944687500004 0.40575821666666667 0.012798449999999972 0.02275279722222226
2 0.43571606718750006 0.4007020402777778 0.011376398437500069 0.017696619444444492
2 0.45349169023437497 0.40070203958333334 0.012798447656249934 0.01264044305555561
2 0.468423213671875 0.40575821666666667 0.01422049921874997 0.02275279722222226
2 0.48477678515625 0.40828630555555556 0.015642550000000012 0.02275279722222226
2 0.5110847078124999 0.41207843819444445 0.022752796875000047 0.03539324027777779
2 0.36887972578125006 0.40828630555555556 0.014220498437500017 0.02275279722222226
2 0.343282828125 0.4171346166666666 0.014220498437499974 0.030337063888888908
2 0.324796180859375 0.41713461458333334 0.02275279765625 0.03539324027777779
2 0.303465433203125 0.4183986604166666 0.01990869765625001 0.03286515138888891
2 0.28213468554687504 0.42471888125 0.031285096093749985 0.03539324027777771
2 0.256537787890625 0.4297750576388889 0.031285096093749985 0.040449415277777706
2 0.22454166757812502 0.4424155020833333 0.044083544531250005 0.055617948611111086
2 0.130686379296875 0.4398874131944445 0.09243323828125 0.11629207361111113
2 0.028796508984375004 0.4879210979166667 0.05688199296875 0.10365163472222218
2 0.57059749296875 0.41839865833333334 0.042661495312500006 0.06573030277777782
2 0.60543771328125 0.42724696944444446 0.04408354218749997 0.07331456666666661
9 0.68507250390625 0.42345483819444446 0.12371833437499999 0.12640442916666667