7 0.6614071238281249 0.37086022916666667 0.016571732031249998 0.02079590000000001
7 0.08822011015625 0.17763165208333334 0.03801750625000001 0.025994876388888897
7 0.095043765234375 0.26688072569444443 0.022420580468749996 0.031193851388888857
7 0.5312702757812501 0.38125817986111105 0.013647309374999939 0.02426188472222219
4 0.5551530683593751 0.4531773375 0.014622117968750015 0.04332479444444443
4 0.680903280078125 0.5146985430555555 0.02242058046874993 0.1317073694444445
4 0.66238193125 0.5025676020833334 0.026319812499999973 0.09704753750000003
2 0.4976394042968749 0.43324793194444444 0.028269427343750042 0.041591802777777784
2 0.45426045625 0.4193839986111111 0.013647309375000027 0.02772786944444445
2 0.44110055039062496 0.43324793125 0.028269427343750042 0.045057784722222195
2 0.41819256601562504 0.40552006319444445 0.00974807890624998 0.024261881944444497
2 0.4094192953125 0.40898604722222226 0.011697693750000049 0.02079590000000001
2 0.40113342851562506 0.41245203125 0.010722886718750014 0.027727868055555563
5 0.39089794609375 0.42804895625 0.009748078125000026 0.05892171805555554
0 0.390897946875 0.4497113534722222 0.011697693750000005 0.03639282638888888
5 0.363115922265625 0.44537887361111106 0.020470964843749995 0.06585368611111109
0 0.363115922265625 0.46097579930555554 0.020470964843749995 0.06238770138888891
2 0.315350337890625 0.43238143611111113 0.022420580468750017 0.05372274444444448
5 0.331922071484375 0.4341144284722222 0.024370196093749998 0.0953145430555556
0 0.331922071484375 0.46444178263888886 0.024370196093749998 0.07625163472222225
5 0.2968289890625 0.4011875840277778 0.045815968750000026 0.20622601527777779
0 0.29877860390625 0.4757062284722222 0.04581596874999998 0.20969199861111115
2 0.18277647109375 0.4323814361111111 0.123800596875 0.15077028055555555
2 0.091144533203125 0.44451237777777775 0.13744790546875002 0.17503216388888893
2 0.0419167375 0.5069000798611111 0.083833475 0.32753543749999997
2 0.619002982421875 0.5450258979166667 0.11892655703125002 0.14037232916666662
2 0.843696190625 0.7139925902777777 0.3090140874999999 0.3743262111111111