2 0.76602218984375 0.5310677069444444 0.17316224062500005 0.16791168333333334
2 0.652633852734375 0.5103660631944444 0.08090905078125007 0.09878052916666667
2 0.6029186515625 0.5069000791666667 0.04386635312499996 0.07798462500000002
2 0.5785484574218749 0.49910161666666664 0.03021904296875002 0.048523769444444455
2 0.5614893191406249 0.49303614583333333 0.03119385078125001 0.05372274444444448
2 0.543942777734375 0.4930361458333334 0.01949615703124996 0.03985880833333329
2 0.528345853125 0.49216965 0.015596925000000006 0.031193852777777743
2 0.51664815859375 0.48177170069444447 0.015596925000000006 0.027727868055555563
2 0.5015386371093751 0.4835046909722222 0.016571733593749992 0.024261881944444497
2 0.482042480078125 0.48177170069444447 0.022420580468750017 0.027727868055555563
2 0.097968188671875 0.5155650381944444 0.19203714609375 0.20622601527777779
2 0.23054205468749997 0.5112325604166666 0.0945563609375 0.10744548749999999
2 0.30316523984375 0.4913031548611111 0.05848847031250002 0.0987805263888889
2 0.338258321875 0.4982351201388888 0.023395387499999965 0.06412069305555555
2 0.360678902734375 0.49216965 0.03119385078125001 0.04159180000000002
2 0.380175059375 0.48783717152777784 0.01754654218749998 0.03985880972222217
2 0.398696408984375 0.4904366590277778 0.021445772656249983 0.03812581805555561
2 0.41575554648437496 0.48437118749999997 0.016571733593749992 0.029460858333333326
2 0.42989025937500003 0.4835046909722222 0.009748078124999981 0.024261881944444497
2 0.4396383374999999 0.48437118680555563 0.009748078124999981 0.02252889027777777
2 0.450848628515625 0.4817716993055556 0.0068236554687500115 0.013863934722222224
6 0.45523526445312507 0.4514443444444445 0.005848847656249934 0.015596925000000065
6 0.483504691796875 0.45144434513888887 0.005848847656250022 0.019062906944444475