2 0.403472967578125 0.48697067430555563 0.018521349218750018 0.024261881944444418
2 0.44051566484375 0.48870366597222226 0.02047096406249995 0.03119384861111109
2 0.373253923828125 0.48697067430555563 0.016571732031249998 0.024261881944444418
2 0.35180815234375 0.49043665833333333 0.02437019843749999 0.024261883333333383
2 0.335236418359375 0.49216964930555557 0.014622117968750015 0.02772786527777779
2 0.31525285742187503 0.49650212986111103 0.029244235156249986 0.032926843055555585
2 0.284546410546875 0.4973686263888889 0.024370196093749998 0.031193852777777743
2 0.457574803125 0.4930361458333334 0.013647310937500023 0.01906290833333336
2 0.48389461484375007 0.497368625 0.019496157812500046 0.02079590000000001
2 0.49705452070312506 0.49823512152777777 0.02047096484374995 0.02252889305555562
2 0.5141136582031249 0.48697067361111107 0.017546541406249984 0.03119384722222228
2 0.53117279453125 0.48697067638888886 0.02047096406250004 0.041591805555555555
2 0.546282316796875 0.4921696506944444 0.035093082031249966 0.04852376805555557
2 0.702251582421875 0.5103660631944444 0.10332963203124992 0.11611044583333331
6 0.43174239492187494 0.4358474201388889 0.010722886718750057 0.019062909722222247
6 0.45708739882812494 0.4471118652777778 0.012672502343750036 0.013863933333333339
6 0.27284871601562505 0.3535303125 0.012672502343749992 0.041591802777777784
6 0.247991116015625 0.2868101298611111 0.017546541406249984 0.025994873611111104
7 0.25042813554687504 0.33879988194444444 0.03606788984375 0.06758667499999997
7 0.5735769359375 0.3535303125 0.015596925000000006 0.03465983611111112
7 0.9707136710937501 0.13257386666666665 0.05069000937499997 0.09184856111111112
6 0.8098703761718751 0.03292684236111111 0.025345003906250073 0.045057784722222216
7 0.817181434765625 0.37345971736111117 0.016571733593750082 0.025994876388888834