4 0.6712887917968751 0.5449485451388889 0.13221651640625004 0.5257732763888889
2 0.51297689140625 0.4707217340277778 0.1055412546875 0.08041238472222226
2 0.397229447265625 0.4727835895833334 0.06378867109375004 0.10103094583333332
2 0.338079953125 0.4707217340277778 0.06378867031249999 0.0597938263888889
2 0.47435574765625 0.46144338194444445 0.039432996875000015 0.04123712222222227
2 0.25457478515625 0.45319595694444453 0.06378867031249999 0.061855680555555556
7 0.762912518359375 0.20783508402777776 0.09046393203125005 0.14845363194444444
7 0.9223841941406249 0.1309278548611111 0.01739691015625002 0.0556701125
7 0.5251547296875 0.40103099375 0.01855670468749997 0.03092784027777774
7 0.55762896171875 0.39587635416666667 0.02783505625 0.032989697222222246
7 0.304213971875 0.35773201736111115 0.03131443749999998 0.04742269027777779
7 0.21224230312499998 0.3969072840277778 0.016237115624999986 0.014432993055555619
7 0.11423970859375002 0.20309281597222223 0.07770619843750001 0.07628867361111112
7 0.11192012109375 0.2371134423611111 0.0777061984375 0.07010310416666665
7 0.06204898046875 0.35567016180555555 0.06378867031249999 0.07628867361111114
7 0.081765476953125 0.3969072840277778 0.01043814609375 0.026804129166666652