2 0.82127561015625 0.5588898319444445 0.3519056328124999 0.3206034694444445
9 0.64191096640625 0.4592428076388889 0.13549829062500002 0.1975610569444444
2 0.33630870703125 0.40292057638888884 0.056538854687499994 0.07451864444444449
2 0.371401789453125 0.3864571548611111 0.019496157031250006 0.045057784722222195
2 0.39041054257812496 0.3829911715277778 0.018521349218750018 0.017329918055555518
2 0.401620832421875 0.3769257006944444 0.011697694531250002 0.019062909722222167
2 0.5653885503906251 0.44364588125000004 0.06433731796875 0.11784343750000004
2 0.49666459765625 0.3977216013888889 0.04971519999999998 0.06758667777777781
2 0.46595815039062494 0.3907896340277778 0.011697694531250047 0.02252889305555562
2 0.449386416796875 0.3743262125 0.015596925781250003 0.02079590000000001
2 0.4313524718749999 0.36652775000000004 0.008773270312499993 0.01906290833333336
2 0.7627871394531249 0.3951221138888889 0.11015328671875002 0.0623877027777778