7 0.586497249609375 0.5028372777777778 0.12695251796875 0.1060862833333333
7 0.5316864828125001 0.5740575069444445 0.02903167499999997 0.0321939305555556
7 0.31855138203125 0.5251986020833334 0.023986420312500024 0.034322031944444435
7 0.279939094921875 0.5236385083333334 0.04036738984374999 0.03536209444444446
7 0.332299698046875 0.5647209423611111 0.012870763281249965 0.017681045833333305
7 0.26034043515625005 0.5662810347222222 0.011700692187499983 0.020801230555555526
7 0.45047669414062497 0.5777217125 0.011700692968750027 0.014560863888888933
7 0.41391202968749996 0.5803218666666667 0.008775520312499997 0.015600924999999993
2 0.10442870195312501 0.5824019875 0.023986417968750007 0.030161786111111154
2 0.306850689453125 0.5792818055555555 0.012285727343749997 0.01768105000000004
2 0.28578944179687504 0.5746015263888888 0.006435380468749985 0.014560863888888933
2 0.34868066718749996 0.5850021430555555 0.01872110937499998 0.031201847222222214
2 0.39226574765625 0.5917625451388889 0.026326559375000037 0.028081662499999993
7 0.387877987109375 0.564200911111111 0.01521090078124998 0.027041599999999968
6 0.13724110546874999 0.2639699833333333 0.021981271874999986 0.06615261944444445