7 0.15652939453124998 0.4755036409722222 0.0777865015625 0.12808560694444443
7 0.8212214234375 0.5151761715277778 0.040168439062500026 0.026070520833333354
7 0.34653248750000004 0.5185766729166666 0.015302262499999974 0.03287152361111115
7 0.35769038671875003 0.49023915208333335 0.010839101562499964 0.02833752361111108
7 0.5508814515625 0.5236774277777778 0.04399400624999998 0.07027705555555551
6 0.13006923242187501 0.25673795972222224 0.01721504609375 0.06460955277777777
6 0.9707372796874999 0.3349495243055556 0.020403015625000086 0.02833752361111108
7 0.9700996835937501 0.2618387138888889 0.02550376874999998 0.061209049999999994
6 0.43859761289062504 0.24570846458333334 0.02359098828125008 0.08501256805555558
7 0.44098859140624996 0.18875004236111112 0.01912782656250007 0.03287152638888888
6 0.7243992464843749 0.5106643055555556 0.012114291406250022 0.02153651666666663
6 0.783107453125 0.1961153361111111 0.03187971406250005 0.09521407777777778
6 0.9650138742187501 0.5299559618055555 0.007651131250000098 0.021536518055555516
2 0.9301570542968751 0.6277705909722223 0.13580757890625 0.14848862361111112