1 0.6501968328125 0.21402447916666667 0.21055849374999996 0.42804895833333334
2 0.47034478515624994 0.29980757152777776 0.08480828125000003 0.09358155694444446
2 0.49861421328125 0.33706689097222226 0.09455636093750001 0.11957642916666668
2 0.27392100429687505 0.33706689166666665 0.050690008593750016 0.0433247944444444
2 0.17985204765625 0.40985254444444447 0.18618829999999997 0.21662396944444445
2 0.07213578046875 0.5051670888888888 0.1442715609375 0.3517973194444445
2 0.345569380859375 0.3847241645833333 0.20958368671875 0.2218229402777778
2 0.766198966015625 0.2677472229166667 0.02339538671875001 0.039858809722222215
2 0.7871573355468751 0.27901166875 0.020470963281250042 0.058921720833333344
2 0.8251748425781249 0.27641218055555555 0.061412894531250026 0.08838257777777779
2 0.9021846621093751 0.29807457569444445 0.11990136484375 0.1247754041666667
7 0.7647367554687501 0.21835695972222224 0.008773270312499993 0.013863936111111148
7 0.944588801953125 0.11177796388888887 0.01754654140625007 0.03639282500000001
7 0.799829838671875 0.21402447916666667 0.00877327109375008 0.02599487499999999
7 0.22371840039062502 0.15770224722222223 0.03021904296875002 0.07278565277777779
7 0.9732008347656251 0.12226426041666667 0.021491764843750084 0.03056606527777779