2 0.39276080273437497 0.38198309027777777 0.011018742968750005 0.02285368888888889
2 0.379446488671875 0.3831257770833334 0.011936972656249979 0.031015720833333264
2 0.36475483046874996 0.3921040125 0.013773428124999976 0.03264812777777782
2 0.3505222875 0.3912878097222222 0.016528114062499988 0.044074972222222265
2 0.2118697703125 0.3986336381944444 0.10100514374999998 0.1305925097222222
2 0.325730116015625 0.3970012319444445 0.03856560078125 0.05550181666666671
2 0.09984588359374999 0.4206711208333333 0.1781363453125 0.17140266944444443
2 0.4196960519531251 0.37557007569444445 0.010100516406250027 0.014691656944444433
2 0.44188603203125004 0.38116688819444444 0.015609885937500057 0.017956470833333387
2 0.458414146484375 0.37790207569444445 0.008264058593750078 0.017956470833333387
2 0.4717284609375 0.3852479048611111 0.018364571874999937 0.03591294027777773
2 0.491929489453125 0.3991233569444445 0.029383314843749987 0.05060459444444447
2 0.565387776953125 0.41822250902777774 0.09733223046874998 0.15018138749999999
2 0.7665869234375 0.5223700402777779 0.28924200468749994 0.2775090833333333
6 0.51404106640625 0.2584813472222222 0.009182285937500012 0.037545347222222206
6 0.35518752109375 0.21032535902777777 0.009182285937499968 0.04244256527777779
6 0.3478416921875 0.21195776527777777 0.0128552 0.0391777527777778
6 0.5057770082031251 0.25684893888888893 0.009182283593750017 0.03428053055555552
7 0.627442296484375 0.3123507569444444 0.021119257031249995 0.017956469444444463
6 0.590254037890625 0.29276187986111113 0.011018741406250055 0.03101571805555557
7 0.219289690234375 0.32785861666666666 0.023873942968750006 0.016324063888888872
7 0.09441060195312499 0.2984753027777778 0.023873941406249988 0.01632406388888891
6 0.15455457421875002 0.3090859444444444 0.01560988593749999 0.03101572222222223