2 0.9429356039062501 0.45354388958333336 0.11018042968750005 0.1340206402777778
2 0.8734843546874999 0.46391760277777777 0.04407217187499999 0.037113408333333334
2 0.8241931105468752 0.46701038680555557 0.03131443984374993 0.03092784027777782
2 0.7000951511718749 0.4412371881944444 0.22615983046874993 0.11546393749999997
2 0.636306479296875 0.4288660493055556 0.18208765859374995 0.1195876458333333
6 0.46001779140625 0.3226804645833333 0.008118557812499993 0.03505155416666668
6 0.46813635 0.32164953611111113 0.0034793828125000204 0.024742272222222222
6 0.471035834765625 0.13814435069444445 0.01855670390624997 0.08247423750000002
2 0.3962291203125 0.4350516180555556 0.017396907812499984 0.037113408333333334
2 0.327221377734375 0.43917532916666663 0.034793821093749996 0.04123712222222219
7 0.3492574640625 0.3484536638888889 0.009278351562500032 0.02886598333333331
2 0.188046096875 0.4020619222222222 0.08582475625 0.12371136111111107
6 0.005958437109375 0.3082474736111111 0.01159793984375 0.03505155277777775
6 0.018716171875 0.10206187152777778 0.0139175265625 0.0639175375
6 0.039592464453125 0.10309279861111112 0.018556702343750002 0.06597939166666665
5 0.460017791796875 0.4072165611111111 0.031314436718750026 0.08453609444444446
0 0.447260058203125 0.44123718611111107 0.04523196484375003 0.049484544444444445