6 0.25432478828125 0.28567146875 0.007594934374999962 0.030379734722222197
6 0.489293048046875 0.30508074444444444 0.008544300781250059 0.03206749722222225
6 0.261919722265625 0.2890469958333333 0.007594933593750008 0.03037973611111112
6 0.6312233703125 0.3709035027777778 0.017088598437499946 0.025316447222222236
6 0.185495701953125 0.3514942277777778 0.010443033593750007 0.016877630555555554
7 0.621255019140625 0.34558705763888886 0.014240500781250009 0.018565395833333338
7 0.514925948046875 0.31436344097222224 0.03132910078125004 0.020253156944444427
7 0.22465576093750003 0.29232055208333335 0.033227835937500005 0.01687763194444444
7 0.153453257421875 0.23999989930555554 0.02943036640625001 0.03713079027777779
7 0.143484907421875 0.30497877361111114 0.013291133593750004 0.011814338888888859
7 0.5564594234375001 0.3412656798611111 0.015189867187500017 0.013502104166666681
7 0.420699984765625 0.34295344305555553 0.013291133593750004 0.01012658055555554
7 0.30060509687500003 0.33367074583333334 0.006645567187500001 0.015189866666666656
7 0.334307615234375 0.34801673194444444 0.009493667968749975 0.006751052777777784
4 0.610461680078125 0.4326475041666667 0.01234176640625 0.0658227583333334
2 0.357436564453125 0.38480997083333335 0.01044303515624998 0.02194091944444444
2 0.395411232421875 0.3763711548611111 0.014240500781250054 0.02531644305555558
2 0.29525304570312494 0.38902937847222224 0.020886069531250006 0.030379734722222197
2 0.3404784984375 0.3859914048611111 0.016139234375000023 0.01856539305555553
2 0.38462405 0.4340926493055556 0.030379734375000033 0.0810126263888889
9 0.4197506179687499 0.3640504805555556 0.03417719999999998 0.02869197222222218
9 0.37275696640625 0.37755258541666664 0.03132910156250004 0.07257381249999999
9 0.3243392640625 0.3809281118055555 0.01613923281249998 0.02531644583333335
6 0.555398412109375 0.37695132291666666 0.014240500781250009 0.021940918055555553
2 0.44717060703125 0.46049559375 0.12816450468749996 0.19915603749999997
2 0.271063084375 0.4258964520833333 0.06835440312499999 0.11308012361111111
2 0.11346821132812498 0.3853901388888889 0.10253160390625 0.10295354444444445
2 0.16425933046875 0.4799048680555556 0.16803790624999998 0.1704640638888889
2 0.04606317578125001 0.4571200708333333 0.091139203125 0.11139236388888894
1 0.825967574609375 0.40510927708333333 0.34556948046875 0.3291137902777778
9 0.50905459609375 0.4149259923611111 0.037375606250000006 0.09113920416666667