7 0.376971828125 0.5081721604166666 0.012069535937499997 0.014304634722222194
7 0.20196355664062499 0.4983377270833333 0.016092714843749988 0.012516556944444406
7 0.45894409414062504 0.49118540694444446 0.01709851015624997 0.02682119166666668
7 0.56958150703125 0.42681454861111107 0.033191224999999935 0.048278144444444455
2 0.28343292421875 0.5636026229166666 0.022127482812499988 0.04649006527777778
2 0.2653286203125 0.5680728215277777 0.026150660937500004 0.05900662083333338
2 0.24420693203125002 0.5707549402777777 0.02816225000000001 0.07509933611111105
2 0.18436214999999997 0.5716489798611111 0.1076200296875 0.12337747916666662
2 0.05562043242187501 0.5886357354166667 0.10963161953125 0.2145695291666667
2 0.41871230703125006 0.5546622243055556 0.06738824218750002 0.03933774305555555
2 0.48962083125000005 0.5698609006944444 0.078451984375 0.09834436805555558
2 0.8144925074218751 0.6226092430555555 0.36812084765625 0.3790728333333333