2 0.824996623046875 0.4723112430555555 0.06700372265625001 0.047647091666666655
2 0.9039121179687498 0.49972723333333335 0.10869492656249999 0.06088239444444447
7 0.56283126640625 0.43279441250000006 0.02977943281249997 0.029117666666666667
7 0.534540805859375 0.4605885493055556 0.014889716406250031 0.02382354583333337
2 0.48093782812499997 0.5055885805555556 0.02084560312499999 0.03441178888888885
2 0.45785876835937495 0.5002944590277778 0.016378688281249953 0.02382354583333329
2 0.437013166015625 0.5029415194444444 0.01935663046874998 0.018529424999999992
2 0.444458023828125 0.5294121263888889 0.028290460156249964 0.04500003055555553
2 0.380432244921875 0.5161768229166667 0.013400744531249975 0.02382354583333337
2 0.41467859179687494 0.5360297777777778 0.061047835156249966 0.0741176972222222
2 0.34097449765625 0.5995592319444444 0.09529418281250002 0.2752943027777777
2 0.16602033398437502 0.5638239138888889 0.32906272421875 0.6591180972222221
2 0.9727947734375 0.4985297486111111 0.04169120468749998 0.05823533333333333