6 0.04086911328125 0.16992175763888892 0.00791015 0.03515622361111112
6 0.012524405078125 0.17343738125 0.009228510156249998 0.03281247638888891
2 0.0711913578125 0.45937468333333337 0.039550753125000004 0.042187469444444445
2 0.12260733789062499 0.44648406874999996 0.021093736718750013 0.016406240277777803
2 0.1568846578125 0.44882781666666666 0.0395507546875 0.035156224999999985
9 0.16413562890625 0.43007782986111115 0.0487792625 0.0351562236111111
7 0.16281727148437503 0.3492185097222222 0.011865227343749996 0.03281247777777779
7 0.201049666015625 0.2988279194444444 0.03559567734374998 0.04453121944444444
2 0.85825136328125 0.4289059555555555 0.08701165781249998 0.06562495555555559
2 0.717714343359375 0.42070283611111103 0.04218747265624998 0.030468730555555525
2 0.64586380546875 0.4277340833333333 0.022412093749999952 0.030468730555555525
6 0.5990620804687501 0.39140598125 0.01054686718749993 0.02343748194444441
6 0.51547816015625 0.4007809736111111 0.007910151562500013 0.018749986111111148
6 0.48779263359375 0.39960909930555555 0.01054686718749993 0.01640623750000003
6 0.40671358828125 0.40546847013888887 0.01186522656250002 0.014062490277777803
2 0.351342532421875 0.43242157847222223 0.03823239609375002 0.0351562236111111
2 0.4924068878906249 0.4265622069444444 0.011865225781250021 0.014062488888888837
2 0.475927407421875 0.43124970208333335 0.013183585156250021 0.018749987499999954
2 0.45021941679687494 0.4324215770833334 0.017138661718750024 0.021093737499999952
2 0.51086390703125 0.43242157847222223 0.022412095312500036 0.0351562236111111
2 0.42319306796875 0.4272653381944445 0.018457018750000033 0.02109373472222218
7 0.6156734046875 0.31710915694444447 0.018457018750000033 0.025781233333333337
7 0.475268227734375 0.24316389444444445 0.02109373515624995 0.05859371111111113
2 0.398803437890625 0.42480439375 0.011865227343749974 0.018749987499999954