2 0.06767514921875 0.4992299381944444 0.1353502984375 0.16640997916666664
2 0.1283298765625 0.4493069451388889 0.05148308750000001 0.05824349583333333
9 0.2751736828125 0.41706501041666666 0.02457147343749999 0.0395223708333333
9 0.342452718359375 0.42538550902777783 0.021061264843749993 0.05200312083333335
9 0.305595507421875 0.42191863472222224 0.01989119296874997 0.03813561944444446
2 0.17220750859375 0.44618675763888893 0.038612315625000004 0.039522370833333376
2 0.19092863124999998 0.4420265069444445 0.022231332812499983 0.03952236944444449
2 0.20613954335937498 0.4378662576388889 0.015210911718749998 0.031201870833333346
2 0.21725521015625002 0.4368261958333333 0.014040842187500013 0.02912174722222226
2 0.22603073632812495 0.43474607013888894 0.017551052343750005 0.02496149583333336
2 0.23714640273437498 0.4326659458333334 0.016380982031250026 0.024961497222222247
2 0.248847104296875 0.4316258847222222 0.016380982031250026 0.022881374999999968
2 0.25586752539062496 0.4285056965277778 0.011700702343750003 0.02496149583333336
2 0.394520840625 0.44202650833333335 0.038612315625000046 0.06032361944444449
2 0.36526908671875 0.4378662576388889 0.02457147343749999 0.031201870833333346
2 0.326656770703125 0.4264255722222222 0.008190491406249967 0.02080124722222223
6 0.509187716796875 0.04784286944444444 0.017551052343749964 0.08736523888888889
6 0.714535031640625 0.11856711041666666 0.02106126484375004 0.07904474027777778
6 0.9538143796874999 0.12272735972222222 0.024571473437499946 0.08736523888888889
6 0.9795559234374999 0.25793546805555556 0.03627217500000004 0.07072424166666665
6 0.929827942578125 0.3369802083333333 0.03042182421875008 0.05408324444444443
6 0.48578631328125005 0.04784286944444444 0.022231332812499983 0.08736523888888889
6 0.40973175234375 0.3827429527777778 0.010530631249999978 0.016641000000000065
6 0.529078909375 0.3806628263888889 0.015210912499999996 0.020801247222222152
6 0.031214053124999995 0.37962276666666667 0.011700700000000003 0.022881375000000048
7 0.034724264062499996 0.33281995833333333 0.011700699999999998 0.016640997222222214
7 0.0323841234375 0.3557013305555556 0.011700701562499999 0.02080124722222223
7 0.4073916125 0.28185690208333336 0.012870773437500028 0.03536212083333336
6 0.53668436484375 0.33594014583333337 0.011700701562500004 0.047842869444444484
6 0.006831499609375 0.2142528486111111 0.01366299921875 0.045762744444444434
6 0.02009838671875 0.2142528486111111 0.015210912499999998 0.045762744444444434
6 0.8479230296874999 0.3952237006944445 0.01170069999999992 0.0166409986111111
6 0.85611352109375 0.3952237006944445 0.014040842187499968 0.0166409986111111
7 0.419092313671875 0.37650257708333335 0.015210911718749998 0.012480748611111083
7 0.17630275390625 0.39938395138888894 0.009360560937500017 0.016640997222222214
7 0.38106503359375 0.38378301597222225 0.009360562499999992 0.014560876388888902
7 0.381650068359375 0.3952237006944445 0.008190492968750008 0.0166409986111111
4 0.4196773484375 0.45034700625 0.01170069999999992 0.07696461527777781
4 0.4758407171875 0.43994638263888886 0.014040842187500058 0.05616336805555559
4 0.526153733984375 0.43890632013888886 0.014040841406249971 0.05824349305555556
4 0.9608348003906251 0.5283516840277778 0.03861231484375001 0.1913714763888889
4 0.75490245234375 0.43890631874999997 0.012870773437500028 0.062403740277777724
4 0.8666441531250001 0.43786625833333326 0.009360562500000036 0.04368261944444443
6 0.328789716796875 0.4059710125 0.007020419531249988 0.01872112222222218