7 0.589987685546875 0.27462234097222227 0.02523602578124997 0.016314198611111132
7 0.51829443046875 0.31744711249999996 0.014912196875000028 0.012235650000000023
7 0.47642556992187507 0.3602718819444445 0.00917673671874999 0.02039274722222224
6 0.3286418796875 0.2681646361111111 0.010323828125000035 0.03262839722222222
6 0.41582087773437504 0.28447883472222224 0.008029644531249946 0.03262839722222222
6 0.52708880859375 0.3568730895833333 0.014912196875000028 0.02243202083333335
6 0.589396776171875 0.3274484388888889 0.02523602578124997 0.02854984722222223
2 0.38083456875 0.39725072986111115 0.009176737499999987 0.012235648611111098
2 0.37165783320312495 0.3962310909722222 0.009176736718750033 0.014274923611111174
2 0.365922372265625 0.40132927916666666 0.01147092109375003 0.02854984722222219
2 0.3601869109375 0.40030964166666666 0.013765104687499984 0.030589122222222265
2 0.351583721875 0.4023489166666667 0.014912196874999983 0.03058912222222219
2 0.34814244492187496 0.4094863791666667 0.012618013281249984 0.02854984722222219
2 0.337818615625 0.40744710277777774 0.02179474843750002 0.04486404444444447
2 0.324053511328125 0.4145845659722222 0.02867730234375001 0.046903320833333276
2 0.40090868046874995 0.39490556388888887 0.01032382812499999 0.023859516666666674
2 0.423276975 0.3941918173611111 0.020647657812500064 0.026510573611111157
2 0.4444981796875 0.3962310923611111 0.01032382968750003 0.026510573611111157
2 0.45367491601562493 0.39929000347222227 0.01261801328124994 0.028549845833333382
2 0.47030775078125 0.40132927986111105 0.032118578124999964 0.04486404583333336
2 0.533971362109375 0.4262084333333333 0.04244240703125 0.10400301388888886
2 0.57985504453125 0.43742444444444445 0.09520864218750003 0.13459213611111112
2 0.660725035546875 0.4639350173611111 0.12962140390625 0.1590634347222222
2 0.733565381640625 0.3772658381944445 0.04817786640624995 0.026510573611111077
2 0.72094736953125 0.3966389486111111 0.041295314062499956 0.03262839722222218
2 0.22788895859374997 0.4095543611111111 0.032118578125000005 0.030589122222222265
2 0.17569626875000002 0.4095543611111111 0.0217947484375 0.022432022222222278
2 0.145298329296875 0.4442220326388889 0.08259063046875 0.1407099625
2 0.2003587484375 0.44830058124999994 0.05964878749999998 0.08768881527777785
2 0.8414350429687498 0.48636703958333327 0.3143032281249999 0.32424469305555553
2 0.05892468789062501 0.45720540416666666 0.11784937578125002 0.2324773277777778
2 0.954423612109375 0.5999546486111111 0.08832608984374986 0.2936555722222222
2 0.477993264453125 0.4105060229166666 0.03555985390625001 0.04690331805555551
4 0.507244112890625 0.39521146180555555 0.006882552343749992 0.028549845833333306
4 0.512176612109375 0.3996978611111111 0.006882552343749992 0.03058912222222219
2 0.389437759765625 0.3996978611111111 0.018353472656250026 0.0224320222222222
2 0.270795664453125 0.4403376993055556 0.09750282734375001 0.12439576250000002