9 0.34460330703125003 0.4913499138888889 0.13721760625000004 0.16493833611111114
9 0.42963327851562505 0.4954506861111111 0.03888504921875002 0.10683948055555562
9 0.76600169296875 0.46709427499999995 0.18477598124999997 0.14137571666666662
2 0.9636418257812499 0.5301589326388889 0.07172738437500001 0.2758212486111111
2 0.5063797457031249 0.4788755861111111 0.016372555468749984 0.03187883888888889
6 0.34421348281249997 0.29591877708333336 0.017931846875 0.062371640277777765
6 0.777696375390625 0.049897311111111106 0.03196546484375 0.09702255
6 0.330959509375 0.3007699048611111 0.008576099999999975 0.05266938472222221
6 0.35707763359375 0.2952257583333333 0.009355746875000025 0.05821353055555557
6 0.747290201171875 0.05474843888888888 0.024169010156249993 0.09009236666666666
6 0.7944587542968751 0.050590330555555556 0.015592910156250106 0.08732029444444443
7 0.6237163921875 0.4754104944444445 0.009355746874999937 0.019404508333333344
7 0.75391718828125 0.4192760194444445 0.021830073437500007 0.04019505833333328
2 0.537175742578125 0.4636291840277778 0.023389364843749937 0.03465091250000003
7 0.22609719179687499 0.3957133979166667 0.02183007265625001 0.01801847361111118