2 0.448874849609375 0.4618123347222222 0.01687499453125003 0.028124988888888917
2 0.413015487109375 0.46649983472222223 0.006328122656250023 0.03374998611111108
2 0.334441296484375 0.4852498305555555 0.030585928906250004 0.037499988888888836
2 0.538523255859375 0.4571248375 0.006328122656250023 0.014999991666666625
2 0.543796690625 0.4589998368055556 0.008437495312499977 0.018749990277777722
2 0.553288874609375 0.4618123347222222 0.01054687109375001 0.028124988888888917
2 0.55856231171875 0.4674373319444445 0.014765620312499995 0.024374991666666703
2 0.575964648828125 0.47118733333333335 0.026367177343750027 0.04312498333333331
2 0.599695108984375 0.4758748305555555 0.03796873515624997 0.05624998055555552
2 0.6207888515625 0.49087482638888885 0.023203117187500056 0.05249998333333331
2 0.6482107171875 0.4908748256944444 0.05273435624999996 0.06749997361111112
2 0.665085711328125 0.5011873243055556 0.046406233593749936 0.06937497638888886
2 0.46785921718749995 0.46837483402777785 0.025312490625000007 0.037499984722222185
9 0.51742951171875 0.4514998402777778 0.033749985937499984 0.07499997222222221
2 0.496757637890625 0.4746426930555556 0.037968736718749965 0.05624998055555552
2 0.42978500664062497 0.46901769444444447 0.030585928906250004 0.04499998333333334
2 0.372831899609375 0.4812051909722222 0.04957029453124999 0.061874976388888885
2 0.7215510132812499 0.5019373243055556 0.10124996406250002 0.1143749597222222
9 0.12558027578125 0.41193735694444444 0.2511605515625 0.3168748888888889
2 0.901230152734375 0.5362498131944444 0.19300774609375004 0.23249992083333335
2 0.938671546875 0.6815622604166668 0.1202343328125 0.2643749069444445