7 0.3611139203125 0.41511790902777773 0.03664333906249997 0.08177614861111111
7 0.4983315265625 0.4823406770833333 0.024169010937499992 0.04435316805555555
7 0.062119873828125005 0.42343412708333333 0.029626528906249998 0.03187883750000001
7 0.287827244140625 0.21622168194444444 0.10213356015625 0.08870633333333333
7 0.495269796484375 0.5932235902777778 0.010915036718750049 0.03187883888888889
7 0.53659100859375 0.5599587145833334 0.009355746875000025 0.023562618055555616
7 0.5611498410156249 0.5592656993055556 0.008576100781249974 0.011088290277777762
7 0.63716527578125 0.5758981347222222 0.010915037500000047 0.016632438888888934
7 0.7085028390625 0.5585726798611111 0.005457518750000024 0.015246401388888841
7 0.637944922265625 0.6181722451388888 0.006237163281249991 0.012474329166666662
6 0.48903263398437496 0.5627307881944444 0.0077964554687500074 0.009702254166666632
6 0.5825900917968749 0.5668888979166666 0.006237163281249991 0.009702254166666712
2 0.2200549390625 0.5849073715277778 0.04833802031249999 0.04296712916666665
2 0.15612400937499998 0.57520511875 0.054575184374999995 0.04296712916666665
2 0.322188498046875 0.5821352986111111 0.034304402343749985 0.04851127499999998
2 0.7537222773437501 0.6320326090277777 0.04132121093750003 0.04851127361111109
2 0.781399692578125 0.6361907194444445 0.021050428906249953 0.03187883888888889
2 0.8539067230468749 0.6424278840277777 0.05067695703125015 0.04435316805555555
2 0.9856668093749998 0.68331595625 0.027287592187500032 0.0540554208333333
2 0.45281810273437506 0.5991835520833333 0.02027078203124999 0.0180184736111111
2 0.10088612578125 0.5874022402777778 0.05769376562500002 0.04712523888888893
2 0.013409902343749999 0.5853231861111111 0.026819804687499997 0.045739199999999945