2 0.21494866250000003 0.47417029027777774 0.013196081250000002 0.025592400000000026
2 0.2005529375 0.4763029902777778 0.02279323125000001 0.025592399999999946
2 0.17656006249999998 0.48270109027777786 0.01079679375 0.025592400000000026
2 0.164563625 0.48270109027777786 0.015595368750000005 0.025592400000000026
2 0.14896825664062502 0.4869664902777777 0.029991094531249995 0.03412319999999996
2 0.08778642421875 0.5104261902777778 0.029991093749999996 0.04691940000000001
2 0.07399052109375 0.5125588902777778 0.02399287499999999 0.051184799999999975
2 0.04999764765625 0.5104261902777777 0.0455864625 0.06398099999999994
2 0.02619846796875 0.5253550902777778 0.0523969359375 0.06824639999999998
9 0.287527109375 0.46563949027777785 0.11996437499999998 0.2388624
2 0.36790324140625 0.4986963402777778 0.04558646406249998 0.09597150000000004
2 0.39849415703125 0.5104261902777777 0.07317826875 0.12796199999999996
2 0.48486850703125006 0.5338858902777778 0.17394834374999996 0.19620840000000003
2 0.6714131117187501 0.6031986402777778 0.32150452500000004 0.26232209999999995