2 0.485194580078125 0.3375002694444445 0.008194700781250041 0.021852536111111102
2 0.49407217070312504 0.34235639027777776 0.017755185156249985 0.026708652777777786
2 0.50363265546875 0.34842653888888886 0.012292051562500017 0.024280594444444425
2 0.512510248828125 0.3532826576388889 0.021852533593749966 0.029136715277777805
2 0.59104279921875 0.38848952013888893 0.039607721875000036 0.060701484722222275
2 0.634064977734375 0.3945596708333333 0.06282603984374999 0.08741014444444445
2 0.688696316015625 0.3957736986111111 0.10106797734375003 0.11897491388888888
2 0.7569854910156251 0.4127701159722222 0.14477304765624988 0.1481116319444445
2 0.409393596484375 0.34235639166666665 0.02048675234374997 0.02185253333333333
2 0.38754105976562503 0.35449668819444446 0.020486750781250018 0.031564776388888896
2 0.37593190078124994 0.36299489513888894 0.021852535937500008 0.029136715277777805
2 0.367054309375 0.36542295625000004 0.025949885937499983 0.029136715277777805
2 0.345884664453125 0.3799913138888889 0.03824193671875 0.048561188888888926
2 0.4189540808593749 0.370279075 0.03414458671874998 0.03884895277777783
2 0.538460134375 0.3994157895833333 0.06828917343749996 0.09226626250000002
2 0.049509651171875 0.4540471277777778 0.09833641171875 0.1918167
6 0.404613354296875 0.30229340625 0.010926267968750025 0.029136712499999995
6 0.49885241406249997 0.2780128145833333 0.013657835937500007 0.029136712499999995
6 0.358859607421875 0.2683005756944445 0.012292050781249975 0.03399283194444445
6 0.3479333390625 0.2670865493055556 0.009560482812499993 0.036420895833333314
6 0.38890684453124996 0.29865131805555556 0.009560484374999989 0.021852536111111102
7 0.388223953515625 0.27558475555555556 0.010926267968749981 0.024280594444444425
7 0.567824479296875 0.3035074381944444 0.017755185156250075 0.012140295833333307
7 0.5056813328125 0.30836355833333334 0.010926268749999935 0.021852536111111102
7 0.8737599781250001 0.18574655208333332 0.04507085468750009 0.06312954583333334
7 0.8717113039062501 0.22702356388888892 0.05189977343749987 0.03399283333333333
6 0.237987769140625 0.3387143 0.016389400781249997 0.024280597222222196
7 0.615626900390625 0.28408296250000004 0.017755185156250075 0.016996416666666687