4 0.196423780859375 0.4947691381944444 0.010722886718749991 0.05718872916666674
4 0.651659044921875 0.4696407576388889 0.02047096484375004 0.1282413875
4 0.8763522531250001 0.5207640131944444 0.04679077656250001 0.20276003194444442
4 0.9202186062500001 0.5077665770833333 0.050690007812500146 0.2079590069444444
4 0.62826365703125 0.4739732375 0.02047096406250004 0.06758667777777774
4 0.20422224375 0.49996811388888884 0.006823654687500014 0.046790777777777806
4 0.487891326953125 0.47224024513888896 0.00877327109375008 0.04679077638888892
4 0.47473142109375 0.4748397326388889 0.007798462500000003 0.051989751388888866
4 0.46742036171874995 0.47570622916666666 0.004874039062500035 0.04332479166666666
2 0.5575900875 0.6100130881944444 0.20665926250000002 0.31193850972222226
2 0.39284756171875 0.5190310222222222 0.11307771093749999 0.17503216388888884
2 0.25150042421875 0.4930361465277778 0.09358155312500002 0.12650839583333334
2 0.308039279296875 0.49043665833333333 0.03899231328125001 0.062387702777777714
2 0.44646199296875 0.4921696506944444 0.02924423593750003 0.1039795041666667
2 0.460109302734375 0.4887036680555556 0.01364730859374994 0.06931966944444447
6 0.48837873046875 0.3795251881944444 0.003899231249999957 0.020795901388888892
6 0.483504691796875 0.3786586923611111 0.005848846093750026 0.02946085972222221
6 0.2968289890625 0.44364588194444443 0.010722885937499971 0.013863933333333339
7 0.5926831703125 0.33620039444444444 0.027294620312500052 0.04852376666666668
7 0.588783938671875 0.3734597166666666 0.011697694531249959 0.022528891666666655
7 0.482042480078125 0.40205407986111114 0.012672502343750036 0.020795901388888892
7 0.300240816015625 0.4159180138888888 0.011697694531249959 0.006931966666666669
7 0.2203065734375 0.3959886104166666 0.015596926562500002 0.07798462916666667
6 0.3007282203125 0.3977216013888889 0.006823654687500014 0.0259948777777778