6 0.29123046445312506 0.5179510597222222 0.017551052343750005 0.024961497222222247
6 0.42637356953124994 0.5314718708333334 0.018721123437499987 0.0228813722222222
6 0.39185649921875 0.6125967361111111 0.010530631249999978 0.01872112222222226
6 0.422863358984375 0.6177970465277778 0.011700702343750003 0.016640995833333408
6 0.27835969179687503 0.5054703125 0.00819049140625001 0.0332819972222222
7 0.519394146875 0.6155089131944445 0.015210912499999996 0.010400623611111114
7 0.265488921484375 0.6394303493055555 0.012870772656249984 0.008320501388888839
7 0.47025120000000004 0.6435905986111111 0.010530631250000066 0.02080124722222223
2 0.366114955859375 0.67687259375 0.010530632031249976 0.0291217458333333
2 0.35616935859375004 0.6768725944444445 0.014040842187500013 0.0332819972222222
2 0.34797886835937497 0.67687259375 0.016380983593749975 0.04160249583333334
2 0.340958446484375 0.6841530305555555 0.011700702343750003 0.04368261944444443
2 0.333352990625 0.6914334659722222 0.019891192187500017 0.04160249305555557
2 0.4170130078125 0.6612716590277778 0.00936056093750004 0.018721123611111147
2 0.4292987449218749 0.6643918465277777 0.010530632031249976 0.020801248611111114
2 0.4374892359375 0.6706322201388889 0.010530631249999978 0.03328199583333339
2 0.44801986601562493 0.67375240625 0.017551050781249966 0.03536212083333328
2 0.46089063984375 0.6851930930555555 0.01287077187500003 0.037442244444444446
2 0.47025120000000004 0.6893533423611111 0.015210912499999996 0.03744224583333341
2 0.5989589183593751 0.7559173340277777 0.06435385859374998 0.16224972916666672
2 0.3912714640625 0.6799927805555556 0.028081684375000027 0.04784286944444444
2 0.53811526953125 0.6914334666666666 0.07371442031250001 0.11648698333333343
2 0.48780225312500003 0.6883132798611111 0.03393203593749998 0.05616336805555559
2 0.4064823765625 0.6706322201388889 0.018721123437499987 0.03328199583333339
9 0.16427785156250002 0.7215952736111111 0.1591295421875 0.22673359722222217
2 0.8039844457031251 0.7856928305555556 0.38963336640625 0.4243454472222222
9 0.042268766796875 0.7363641736111112 0.08073484140625001 0.33281995555555555