2 0.11742453906250001 0.5592183659722222 0.23484907812500003 0.3703122458333333
2 0.296265286328125 0.4740244576388889 0.13409902421875 0.13860364305555556
2 0.35980639375 0.4234341277777778 0.084981359375 0.10672480555555555
2 0.40853423671875005 0.4074947083333334 0.04989731093750001 0.08316218611111113
2 0.4471266878906251 0.4019505625 0.03196546484375 0.06375767500000001
2 0.468956762109375 0.39294132569444445 0.027287591406249943 0.0540554208333333
2 0.6658172480468749 0.37977397986111106 0.035863692968750006 0.04435316805555555
2 0.555887233984375 0.41858299930555554 0.07016809453124999 0.09702254861111115
7 0.41321210937499997 0.32363950416666665 0.01559290937499993 0.023562619444444426
7 0.41633069179687504 0.3472021256944445 0.01715220078124995 0.026334693055555566
7 0.6393093011718751 0.31324423055555556 0.020270783593749987 0.022176583333333333
7 0.627614619140625 0.3215604513888889 0.015592910156250018 0.024948655555555553
7 0.8234961335937501 0.13757802291666665 0.025048809375000047 0.053906212499999995
7 0.8162451624999999 0.07546869097222222 0.04482418749999999 0.0328124763888889
7 0.8136084457031248 0.19382798472222224 0.02373045234374995 0.04921871666666667
7 0.784604558984375 0.2242967131944444 0.026367169531249957 0.03046872916666668
7 0.8406347941406249 0.19148423680555557 0.022412094531250128 0.05859370972222225