6 0.5070901015625 0.5067183951388888 0.006591792187500012 0.02343748472222226
6 0.548618393359375 0.498515275 0.00527343359375001 0.021093736111111146
2 0.377231792578125 0.5289840048611112 0.021093735156250036 0.02578123472222218
2 0.36141149023437497 0.5278121305555555 0.015820300781249984 0.02343748611111107
2 0.34493200976562505 0.52664025625 0.017138660156249985 0.03046872916666664
2 0.25396527578125 0.52664025625 0.04350582968749998 0.053906212500000016
2 0.465561809375 0.5289840034722223 0.018457017187500036 0.03046872638888887
2 0.48533718671875 0.5324996256944445 0.026367168749999958 0.02812497916666664
2 0.427988593359375 0.5407027465277777 0.07250971640625004 0.0914061875
2 0.327793349609375 0.5324996263888888 0.03295896171875001 0.03281247777777775
2 0.5941017605468749 0.5301558784722222 0.022412094531250037 0.0374999736111111
2 0.6046486285156251 0.5383589979166667 0.032958961718750054 0.06328120694444447
2 0.619150571484375 0.5383589979166666 0.038232396093749975 0.07734369583333331
2 0.639585127734375 0.5489058659722222 0.05800777265625001 0.07968744583333331
2 0.546640855859375 0.5289840041666666 0.025048811718750043 0.035156224999999985
9 0.737143654296875 0.5629683555555556 0.15029286484374998 0.15937488888888884
9 0.140586447265625 0.5032027722222222 0.15688465703125 0.16171863888888885
2 0.033049597265625 0.5606246069444445 0.06609919453125 0.08906243888888889
2 0.931601528515625 0.6778120270833333 0.13579092265624998 0.25781232361111106