6 0.40405785234374997 0.32580244444444445 0.008773270312499993 0.020795899999999968
6 0.372376597265625 0.3240694520833333 0.00974807890624998 0.020795898611111124
6 0.385536503125 0.3474648416666667 0.010722885937500015 0.01906291111111109
6 0.4060074679687499 0.35006432777777774 0.008773270312499993 0.013863933333333339
6 0.29195495 0.3491978333333333 0.012672501562500039 0.015596927777777757
7 0.234441287109375 0.2443518333333333 0.020470964843749995 0.04505778611111112
7 0.235903498828125 0.29200910555555554 0.023395388281250006 0.012130941666666692
7 0.22956724765625003 0.30327355208333334 0.01852134843750002 0.010397951388888889
7 0.44451237812500005 0.3448653534722222 0.009748078124999981 0.010397951388888889
6 0.25539965546875 0.3561298 0.007798462500000003 0.015596924999999985
6 0.27099658125000003 0.35699629513888886 0.00584884687499998 0.013863931944444453
2 0.437688723046875 0.3743262125 0.017546541406249984 0.02079590000000001
2 0.44451237812500005 0.3942556173611111 0.019496157812500046 0.04332479305555555
2 0.452798244140625 0.39685510486111103 0.02047096484375004 0.04852376805555557
2 0.477168440625 0.40552006319444445 0.032168659375 0.09704753750000003
2 0.460109303515625 0.40032108888888884 0.023395388281250006 0.07278565277777777
2 0.288543123046875 0.41245203055555557 0.02729461953125001 0.055455736111111126
2 0.27002177304687497 0.41938399722222225 0.02534500390625003 0.06931966944444447
2 0.24467676953125 0.41938399722222225 0.048740392187499995 0.0831836027777778
2 0.220306573828125 0.43324793194444444 0.07213578046875 0.0831836027777778
2 0.5980446128906249 0.3543968076388889 0.21738214921875 0.35179732083333337
2 0.38309948359375 0.46617477430555554 0.1481707921875 0.21489097361111117
2 0.143296753125 0.4497113520833333 0.12282578749999999 0.11957642916666668