2 0.013388974218749999 0.6234868451388889 0.026777948437499997 0.13500000138888896
2 0.941025485546875 0.7123026354166667 0.11590460546875007 0.2700000013888889
4 0.8111323929687501 0.5044736868055556 0.009991775000000125 0.031973684722222215
4 0.774162820703125 0.5160197395833332 0.019983552343749978 0.055065790277777735
4 0.74768461328125 0.5195723722222222 0.018984374999999963 0.055065788888888925
4 0.104713804296875 0.6705592159722222 0.08792763203125001 0.3819078986111112
4 0.64576849453125 0.5835197409722223 0.03896792812500003 0.1936184236111111
7 0.1376866671875 0.3623684236111111 0.11790296093750001 0.19184210833333337
7 0.21312457773437501 0.44851973958333335 0.02497944140624999 0.04796052638888884
2 0.45192803281249994 0.5568750013888889 0.030974506250000023 0.06217105277777774
2 0.5893149578125 0.5861842138888889 0.09791940937500003 0.11368421111111107
2 0.7426887253906249 0.6128289506944444 0.17085937578125004 0.15631579027777778
2 0.5058836250000001 0.5719736875 0.08293174374999994 0.09947368611111106
2 0.379987243359375 0.6448026361111111 0.17085937578124993 0.27710526388888895
2 0.853159199609375 0.5699996006944444 0.0922850929687499 0.07031245138888893