2 0.024071912499999997 0.5339996472222222 0.0464366375 0.1238310361111111
2 0.509607938671875 0.5327856166666667 0.09970219453125004 0.09712238055555554
2 0.347079704296875 0.5267154680555556 0.06146025546875 0.07041372777777775
2 0.38054139960937505 0.5024348729166667 0.04643663828125004 0.06070148749999996
2 0.4058083941406251 0.5012208416666667 0.02321831953125004 0.053417308333333344
2 0.420149119921875 0.49393666388888896 0.01638940234374999 0.04856118888888885
2 0.44063587265625 0.49515069375 0.01365783437500001 0.026708654166666592
4 0.15655291015625 0.52215674375 0.0300472375 0.11352400972222228
2 0.61246851640625 0.4987927833333333 0.036022518749999934 0.02913671388888888
2 0.580799422265625 0.4989662291666666 0.024584103906250033 0.033992833333333375
6 0.3948821265625 0.2466214673611111 0.009560484374999989 0.04370507083333332
6 0.43790430585937495 0.45786264583333336 0.008194700781249953 0.01942447777777774
6 0.467951541796875 0.4615047340277778 0.008194700781249953 0.021852534722222258
6 0.385321641796875 0.24575431041666668 0.006828917968750003 0.046133131944444454
7 0.3443711734375 0.2467382020833333 0.06423789531250002 0.02520780972222221
7 0.22142762500000002 0.4184934104166667 0.01502361875 0.036420893055555584
7 0.247377510546875 0.42213550069444444 0.012292050781250018 0.03399283194444449
6 0.404467094921875 0.24513158055555553 0.007993421093750008 0.049736841666666684