7 0.7777189382812499 0.4150571375 0.037886378124999974 0.07028197777777778
7 0.309904565625 0.3630777618055555 0.03129744062499999 0.05710410138888887
7 0.61217195078125 0.42091396597222225 0.028002974999999975 0.02049890694444443
7 0.569343874609375 0.38650508541666667 0.013177869531249975 0.03074836250000001
7 0.526927605859375 0.3821124611111111 0.014001486718749945 0.019034699999999957
7 0.48286410351562503 0.44141287500000004 0.011530635156249946 0.020498908333333312
6 0.289314144140625 0.20274701458333333 0.01976680390625001 0.04099781805555555
6 0.29433184140625 0.44224649097222224 0.02156602812499999 0.04225900416666669
6 0.109765670703125 0.4824106930555555 0.014825103906250003 0.05271147777777772
6 0.515396969921875 0.37771983819444443 0.009059785156250033 0.024891526388888884
6 0.474216128515625 0.40187927013888897 0.010707021093750057 0.02342733194444446
6 0.641410348046875 0.43628814791666665 0.012354252343750005 0.03074836249999993
6 0.7859551050781249 0.2898673770833333 0.01976680390625001 0.08345984305555558
6 0.593640570703125 0.3872371888888889 0.009059785156249944 0.02928415555555554
6 0.551636111328125 0.4663044041666667 0.009059785156249944 0.017570486111111134
6 0.533104732421875 0.48826752291666664 0.009883402343750004 0.020498906944444506
6 0.5528715375 0.48094648472222223 0.00823616875000006 0.017570491666666674
6 0.55946047109375 0.4824106916666666 0.008236168749999972 0.014642077777777807
6 0.29292975781249997 0.40725305555555563 0.008773270312499993 0.02079590000000001
6 0.219331765234375 0.33966637847222225 0.00974807890624998 0.020795901388888854
6 0.23834051835937498 0.34746484097222224 0.010722886718750014 0.019062909722222205