7 0.29927728203125004 0.5667784479166667 0.042339285937499985 0.0388489513888889
7 0.543752524609375 0.5667784506944444 0.012292052343750016 0.019424479166666706
7 0.54412813671875 0.5909896833333333 0.016389401562500083 0.02913671388888888
7 0.519544034765625 0.6237684881944444 0.010926267968750025 0.01699641805555553
7 0.486765230078125 0.6371228138888889 0.016389400781249997 0.01942447499999997
7 0.45876666953124995 0.6104141597222222 0.017755185937499984 0.024280594444444463
7 0.44852329296875004 0.6092001305555556 0.008194699999999954 0.02185253611111114
7 0.436914134375 0.6104141604166666 0.012292053124999924 0.019424476388888934
7 0.30306735390624995 0.6019159520833333 0.012292051562499972 0.021852537500000026
2 0.478194918359375 0.6590447097222223 0.017755185156249985 0.024280597222222155
2 0.5157539644531249 0.6651148590277778 0.02731566953125002 0.041277006944444375
2 0.451562140625 0.6663288881944445 0.019120970312499975 0.033992831944444406
2 0.40171104374999994 0.6384062083333333 0.01502361875 0.02185253611111114
2 0.36551778125 0.6541885909722223 0.021852535937500008 0.029136712499999995
2 0.347079705078125 0.64811844375 0.017755185156249985 0.01699641805555553
2 0.20845268085937502 0.6699709791666666 0.04916820234375001 0.055845363888888895