6 0.068762321875 0.4044686159722222 0.01315453125 0.01488189305555557
7 0.17399857187499998 0.39064971458333336 0.03468012812500001 0.02338583194444439
7 0.51661431640625 0.33112213888888886 0.03348426093749994 0.03188977222222222
7 0.51482051640625 0.3598229340277778 0.010762798437500009 0.021259848611111132
7 0.2825234546875 0.3449410402777778 0.016742131250000014 0.012755908333333347
7 0.16742130625 0.2386417986111111 0.05500985781250001 0.05952757500000002
2 0.14709157617187502 0.42466547222222223 0.02391732890625 0.023385833333333356
2 0.112411448828125 0.42785444930555555 0.040659460156249994 0.03826772638888893
2 0.0783292546875 0.43529539652777777 0.027504929687499992 0.04464568194444449
2 0.029896661718750002 0.43848437361111114 0.059793323437500004 0.04677166666666671
2 0.25651335859374996 0.41828751805555553 0.03707186093749999 0.023385833333333356
2 0.21824563203125003 0.42785444930555555 0.027504929687499978 0.034015756944444475
2 0.30733768359375 0.43423240347222214 0.05500985781250001 0.05952757361111109