7 0.22225618906250003 0.014730430555555556 0.050690007812500014 0.02946086111111111
6 0.755476080859375 0.14210532291666667 0.015596925781250003 0.06931966805555553
6 0.76424935 0.2348203798611111 0.02339538750000001 0.05025675972222222
6 0.46303372695312495 0.27121320555555556 0.005848847656250022 0.01906291111111109
7 0.454747860546875 0.24608482291666667 0.00877327109374999 0.020795898611111124
7 0.364578134375 0.2790116673611111 0.009748078124999981 0.010397951388888889
6 0.402595640234375 0.25301679097222224 0.003899230468750048 0.013863931944444453
4 0.9387399562500001 0.3933891215277778 0.03899231406249992 0.1836971236111111
4 0.696500205859375 0.35699629513888886 0.016571733593749992 0.07971761805555558
4 0.709660111328125 0.35699629652777776 0.011697692968749961 0.0693196708333333
4 0.65507087265625 0.33706689097222226 0.013647310937500023 0.05025675972222222
4 0.015596925390625002 0.3232029583333333 0.019496157031250003 0.07105266111111107
2 0.15938108203125 0.3439988583333333 0.127699828125 0.13690634444444444
2 0.07067356875 0.34746484097222224 0.0828586671875 0.09184856249999997
9 0.21397032226562498 0.2538832888888889 0.11015328671875 0.13690634444444447
2 0.535656912109375 0.37345971527777777 0.13939752265625005 0.18543011388888886
9 0.5921957660156251 0.2989410722222222 0.11210290234375 0.17156618055555556
2 0.451823436328125 0.3405328736111111 0.05166481484375005 0.08838257777777779
9 0.516160755078125 0.2660142291666666 0.04776558359374992 0.03985880833333333
2 0.41819256640624997 0.3275354354166667 0.019496156249999962 0.0415918013888889
2 0.40649487148437496 0.3188704770833333 0.015596925781250003 0.0311938513888889
2 0.38261208007812497 0.33273441319444447 0.028269427343749997 0.048523768055555534
2 0.3177873578125 0.3223364625 0.011697693750000005 0.017329916666666674
2 0.33679611054687497 0.3180039826388889 0.00877327109374999 0.019062906944444437