2 0.31442594765625 0.43744888125 0.010331629687499965 0.023877545833333298
2 0.3030611546875 0.43836725 0.012397956250000019 0.03306121944444445
2 0.288596872265625 0.43744888125 0.016530608593749996 0.04224488749999998
2 0.269483355859375 0.4337754131944444 0.029961728906249974 0.04591835694444445
2 0.246237187109375 0.44204071805555556 0.026862238281250006 0.06244896666666667
2 0.203360920703125 0.42918357638888893 0.06922192421875002 0.0918367138888889
2 0.41154327460937506 0.44571418611111113 0.012397957031250063 0.022040811111111145
2 0.427557301953125 0.45306112291666667 0.025829075781249954 0.03673468472222226
2 0.784859533203125 0.5155100909722222 0.15704078203125 0.0881632458333333
2 0.874228135546875 0.5237753944444444 0.058890292968749945 0.06795916944444448
2 0.9052230265624999 0.5577549784722222 0.08161988124999997 0.09183671527777786
2 0.36143486640625 0.4297958270833333 0.013431118750000026 0.029387748611111104
2 0.333022883203125 0.43714276458333334 0.03512754296875 0.058775498611111095
2 0.38623078007812495 0.4389794993055555 0.032028053906249944 0.05510202916666671
7 0.18669006796875 0.1610879236111111 0.0782080015625 0.042607944444444455
7 0.071116051171875 0.2259183201388889 0.036160707031249996 0.025714279166666642
7 0.103660687109375 0.2259183201388889 0.014464282031250008 0.025714279166666642
7 0.569617219921875 0.034285689583333334 0.11571426171874996 0.06612243472222222
7 0.81947049453125 0.15459178541666665 0.03822703281249993 0.049591826388888885
7 0.8179207492187501 0.20234687708333332 0.039260195312500024 0.031224481944444448
6 0.06748593671875 0.30224593541666667 0.026489806250000004 0.03387976805555558
6 0.262767796875 0.15673465208333334 0.010331629687499965 0.058775495833333344
6 0.278781823828125 0.16499995555555558 0.017563771093750003 0.04959182500000002
6 0.435306025390625 0.03642855486111111 0.024795913281250036 0.0716326375
6 0.47663254687500006 0.042857124305555556 0.012397956249999975 0.08081630972222222
6 0.45958535703125003 0.04346937430555556 0.015497445312499991 0.08693874861111112
6 0.762303950390625 0.08554337152777779 0.029965371093749926 0.08904596527777776
7 0.663635058203125 0.38142848472222224 0.02686223828125005 0.018367341666666686
7 0.659502406640625 0.4053060326388889 0.018596935156250004 0.036734684722222175
6 0.8210202390625 0.3312244208333333 0.04959182656249998 0.0771428416666667
6 0.55586549765625 0.3965528826388889 0.012614193749999992 0.024667756944444442
7 0.787377991015625 0.25564766041666664 0.0580252914062501 0.04036542083333335
7 0.8039446292968752 0.4070179861111111 0.015137032031250008 0.033637849999999976
7 0.9174723734375 0.39916915416666665 0.025228387499999984 0.05382056111111114
7 0.9541586472656249 0.39524473819444444 0.0174496476562501 0.0594268680555555
4 0.508856569140625 0.4341525319444445 0.005045677343750032 0.01794018611111115
4 0.49111262382812504 0.44626214444444445 0.010091355468749974 0.06727569999999995