2 0.41529653085937496 0.32186434444444445 0.025741519531249944 0.02135592777777779
2 0.39084208671875 0.3195762104166667 0.024883470312500044 0.04728812638888888
2 0.383977680859375 0.32872875 0.019735164843749996 0.05644066666666663
2 0.36595861640625 0.3272033277777778 0.04376058437500001 0.07474574722222221
2 0.3543749328125 0.3470338326388889 0.04118643281250001 0.08694913749999998
2 0.336355868359375 0.35999993055555557 0.05663134453124998 0.10372879444444448
2 0.26814083984375003 0.37372874236111114 0.114120740625 0.1616948847222222
3 0.19040144726562497 0.40271178958333337 0.14844276953125 0.17694911805555558
2 0.09594078554687499 0.49576262986111114 0.19188157109374998 0.39355924861111113
4 0.20990063554687496 0.29353504375 0.020593216406249983 0.048813548611111084
4 0.17085932929687503 0.2996367381944444 0.02316736796875001 0.06711862916666667
7 0.065748120703125 0.07387406875 0.034322027343750006 0.04271185416666666
2 0.46506347148437505 0.31805078819444443 0.030889825781250036 0.05949151527777777
2 0.4860857125 0.31042366875 0.01458686250000003 0.016779656944444454
2 0.49423719414062506 0.33483044444444443 0.02402541953124997 0.04728812777777781
2 0.500672573828125 0.33559315624999997 0.021451266406250013 0.054915245833333355
2 0.50925308125 0.33864400347222223 0.02145126718750001 0.07016947916666669
2 0.534136551171875 0.34428807013888885 0.055773294531249996 0.08328811805555555
2 0.5774681109375 0.36762704861111106 0.07036015624999994 0.15254234444444445
2 0.6770019894531251 0.38059314791666665 0.20593216484375007 0.2516948680555556
3 0.544604780078125 0.3668643388888889 0.030031774218749963 0.08999998333333335
2 0.8236428468750001 0.4818812666666667 0.3492266281250001 0.40728805833333326
7 0.4993854984375 0.27061012083333336 0.012012709374999986 0.009152541666666635
7 0.497669397265625 0.2873897784722222 0.00858050703125004 0.018305081944444426
7 0.632812380078125 0.18823725416666667 0.014586861718749945 0.024406775000000006