2 0.5804712878906251 0.37220332013888885 0.08837922109375 0.11593217916666664
2 0.509253081640625 0.36915247222222225 0.031747875781250025 0.057966091666666685
2 0.47621813046875 0.36049569652777774 0.02402542031249997 0.039432190277777814
2 0.4445775109375 0.3725846736111111 0.03582361562499994 0.05491524444444447
6 0.48608571171875 0.3127118034722222 0.006006354687499993 0.012203387500000003
6 0.510540158203125 0.3172880756944444 0.006864405468750068 0.018305081944444426
7 0.614364291015625 0.2959321472222222 0.01544491171875002 0.03355931666666668
7 0.547865362890625 0.31805078819444443 0.009438557031250027 0.013728812500000014
7 0.5281301964843751 0.3142372277777778 0.018019064843749977 0.009152538888888865
7 0.460344192578125 0.3371185798611111 0.009438558593750025 0.018305081944444426
2 0.49337914335937505 0.34855925555555556 0.012012708593749987 0.0167796583333333