6 0.28787404843750003 0.4471664805555555 0.007651137499999993 0.03230480277777777
6 0.45715546640625 0.43101407916666673 0.00956392187499997 0.027204044444444502
6 0.20705890859374998 0.5619335444444444 0.010520314062500003 0.017002527777777724
6 0.29504698984375005 0.4458062736111111 0.006694745312500005 0.030604550000000015
6 0.28070110703125 0.45175715833333335 0.006694745312500005 0.03230480277777777
6 0.448547937109375 0.4339045041666667 0.007651138281249992 0.034005055555555525
6 0.54609993984375 0.3845971736111111 0.011476706250000034 0.03400505555555561
6 0.5432307632812501 0.42710349305555556 0.007651137499999993 0.027204044444444422
6 0.53366684140625 0.38629742638888886 0.00956392187499997 0.034005055555555525
6 0.48632542812500007 0.4968138569444444 0.004781960937499985 0.017002527777777804
6 0.48297805546875 0.49341335138888887 0.0038255687499999524 0.013602022222222211
6 0.471501349609375 0.5010644888888889 0.007651138281249992 0.015302275000000047
6 0.40359750390624993 0.5070153743055555 0.0038255687500000413 0.013602023611111097
6 0.391642601171875 0.5129662583333333 0.004781960156249987 0.015302274999999968
6 0.3820786796875 0.5206173958333333 0.004781960937500029 0.013602022222222211
6 0.3878170328125 0.5146665111111111 0.0028691765625000086 0.015302275000000047
6 0.288830440625 0.5350695444444444 0.005738353125000017 0.015302275000000047
6 0.285004871875 0.5359196715277778 0.0038255687499999967 0.01700252916666669
7 0.6239502874999999 0.4072105395833333 0.009563921875000058 0.008501262500000056
7 0.628254051953125 0.41996243680555556 0.02199701953125004 0.01700252916666669
7 0.6306450328125 0.4386652173611111 0.013389490624999922 0.01700252916666661
7 0.550308059375 0.47097001944444444 0.011476706250000034 0.010201516666666698
7 0.52400727421875 0.4743705256944445 0.01625866718750002 0.013602023611111097
7 0.5244854699218751 0.4905229263888889 0.011476705468750037 0.02210328611111115
7 0.5474388828125001 0.5134763388888889 0.007651137499999993 0.010201516666666698
7 0.62538484609375 0.5143264652777778 0.008607529687500027 0.015302274999999968
7 0.21317982109375003 0.47182014583333337 0.020084235937500017 0.03230480277777777
7 0.20505048750000002 0.5075254541666666 0.01338949062500001 0.008501263888888942
7 0.21604899765625 0.5245279819444445 0.018171451562499996 0.011901769444444455
7 0.22561291796875 0.5542824069444444 0.006694745312500005 0.013602022222222211
7 0.08033694375 0.5168768444444445 0.030604549999999998 0.017002527777777804
7 0.06551286445312501 0.5814864513888889 0.006694744531249996 0.013602022222222211
6 0.064556472265625 0.5559826597222222 0.021997019531249995 0.02380353888888883
6 0.6431737468750001 0.45906824999999996 0.014345882812499955 0.02380353888888891
2 0.44520056406249997 0.5479064583333334 0.008607529687500027 0.020403033333333317
2 0.4375494265625 0.54705633125 0.008607529687500027 0.008501262499999976
2 0.43850581875000005 0.5581079743055556 0.012433098437499979 0.023803537500000024
2 0.45715546640625 0.5479064576388889 0.021040628125000006 0.054408087500000035
2 0.46480660390625 0.5555575958333334 0.02295341250000007 0.04930733055555558
2 0.47676150625 0.5589581013888889 0.027735373437499967 0.04250631944444447
2 0.40551028789062504 0.5419555736111111 0.032517333593750045 0.011901769444444455
2 0.371558365625 0.5598082277777777 0.03347372656250003 0.07481112222222217
2 0.264920636328125 0.5989140416666667 0.08416251328125002 0.04080606666666671
2 0.20466792812499998 0.6167666951388889 0.03634290312499999 0.04250631805555558
2 0.25248753749999997 0.6133661902777777 0.06886023749999999 0.04930733055555558
3 0.2534439296875 0.6142163166666667 0.03825568749999997 0.04420657222222214
2 0.41172683710937497 0.5874373354166667 0.06216549140624994 0.09521415416666659
2 0.51549538984375 0.5619335444444444 0.05929631562499997 0.074811125
2 0.723510690625 0.5534322805555556 0.12911294531249995 0.11561719166666665
2 0.33162899140624996 0.5840368305555556 0.050688785937499994 0.08161213333333335
2 0.0487760015625 0.6809512388888889 0.097552003125 0.13942072777777778
2 0.9929741898437501 0.5857370833333333 0.013389490624999922 0.11221668611111113
0 0.150153573828125 0.6898775652777778 0.02677898203125 0.09011339722222213
5 0.15350094609375 0.6329190972222222 0.033473726562499986 0.1462217388888889
4 0.11715804335937499 0.6320689708333334 0.016258667968749994 0.07141061666666665
4 0.56714056796875 0.5343044361111111 0.00956392187499997 0.04930733055555558
4 0.74550772578125 0.4826289055555556 0.018171451562499996 0.03740556111111112
7 0.5078442523437501 0.5155166375 0.009563921875000058 0.02380353888888883
2 0.657610165234375 0.5241542215277778 0.04491681015625 0.04865987638888885
4 0.6098860546875 0.5272734444444445 0.0070182515625000445 0.037430675