4 0.9507085910156249 0.4945053395833333 0.01788166640625004 0.09324957638888891
4 0.9697823675781251 0.4828491402777778 0.017881664843749867 0.09536888611111109
4 0.917329478515625 0.46907363680555547 0.013113222656249946 0.0423861708333333
4 0.981107425390625 0.4966246472222222 0.03576333359374999 0.12291990000000005
4 0.09179255234375 0.6417972881944445 0.016689554687499997 0.02755101249999999
4 0.094772832421875 0.6806512819444445 0.020265886718750004 0.09960750277777784
2 0.186962747265625 0.6481552138888889 0.04649233203125001 0.04026686388888889
2 0.9423638140625 0.508280842361111 0.05602922187499999 0.07841441527777775
2 0.896467535546875 0.5315932416666667 0.06437399921875002 0.13775506111111113
2 0.74506942734375 0.5704472340277777 0.29087510468750005 0.31577698194444437
2 0.3351818984375 0.618131675 0.25233018593749995 0.44505480833333333
1 0.51002485390625 0.5534927618055556 0.09894521874999995 0.1886184625
7 0.19649963710937499 0.5580846006944444 0.017881666406249996 0.029670318055555592
7 0.8104368472656251 0.3323782354166666 0.02265011015624996 0.010596545833333337
7 0.801496012890625 0.3705257868055556 0.026226442968750076 0.05298271250000002
7 0.799111792578125 0.31224479861111115 0.011921111718750054 0.01695446666666665
7 0.198287805859375 0.5326528923611111 0.01192111171875001 0.016954470833333346
6 0.20901680195312497 0.4072604715277777 0.01907377578124998 0.052982715277777793
2 0.7788459023437501 0.29387745972222223 0.019073776562499933 0.06781787222222223
2 0.771693237109375 0.3765304958333333 0.011921111718749966 0.03814755277777782
2 0.579167297265625 0.4185634493055556 0.010729000781249987 0.023312398611111087
6 0.569034354296875 0.4281003361111111 0.007152666406250052 0.025431705555555576
2 0.023047476562500002 0.6531002715277777 0.042915999999999996 0.044505481944444446
6 0.185174585546875 0.5757455041666667 0.01430533515625001 0.021193083333333283
0 0.5841926488281249 0.5747526770833333 0.024703863281250005 0.038189545833333303