2 0.6354110746093751 0.5384751513888889 0.035863692968750006 0.03465091111111115
2 0.39099221328125 0.5384751513888888 0.011694682812500013 0.012474327777777777
2 0.346942241796875 0.5363960965277778 0.04677872890625001 0.03603694583333331
2 0.27950290859375004 0.5419402430555554 0.022609720312500015 0.019404511111111116
2 0.26196088359375 0.5467913701388889 0.04989730937500001 0.03187883750000001
2 0.25494407578125 0.5502564604166666 0.031185820312500036 0.030492801388888876
2 0.22960559648437498 0.5495634444444444 0.047558375781249974 0.03465091388888892
2 0.198029955859375 0.5558006055555555 0.05457518515624997 0.03880901944444438
2 0.148912288671875 0.557186642361111 0.08576100390625001 0.0526693819444444
2 0.040931388671875 0.5311984597222222 0.08186277734375 0.07484596666666667
2 0.09862515390625 0.5516424965277777 0.017931845312499993 0.038809018055555575
2 0.058473412109375 0.6406953381944445 0.11694682421875 0.19404510138888886
2 0.3169258921875 0.57756139375 0.08654064999999997 0.09286444027777777
2 0.4334828921874999 0.5406928201388889 0.018711492187499967 0.023562620833333388
2 0.8375864972656251 0.7006414131944445 0.32482700546875 0.37422983472222227
6 0.42100856328125 0.4698663486111111 0.0062371640624999895 0.019404511111111116
6 0.52197265546875 0.47263842083333335 0.007016809375000044 0.011088291666666647
2 0.5307828718750001 0.5363609388888888 0.010722885937499971 0.015596924999999985