7 0.640582385546875 0.5171371631944445 0.01469758203125 0.015241937500000012
7 0.6136368179687499 0.5138710340277778 0.014697582812499999 0.008709679166666717
2 0.338669544921875 0.5933468500000001 0.05266633828125 0.12411291666666663
2 0.300700787890625 0.5824597527777777 0.04286794921874999 0.09362904444444445
2 0.224150879296875 0.5933468506944444 0.15187501953125 0.1502419541666666
2 0.57505566328125 0.558508136111111 0.025720768750000022 0.028306455555555568
2 0.605063226953125 0.5889920111111111 0.08083670546874995 0.12411291944444448
2 0.67610154296875 0.5574194263888889 0.07103831562499999 0.04354839166666669
2 0.7355042722656251 0.6466936319444444 0.21189014765624997 0.22209680277777777
2 0.8732941074218751 0.5791936236111112 0.10288307890625 0.12193549999999995
9 0.8873792910156251 0.53564523125 0.18494458046875 0.13064517916666665
2 0.9008763921874999 0.7403226756944444 0.19724119531250003 0.42677424861111113
2 0.464211394921875 0.5944355604166666 0.20576615546875004 0.42241940972222214
2 0.106654481640625 0.7098388 0.21294642265625 0.45725812500000007
4 0.077305240625 0.5442183687500001 0.022412093750000008 0.046874968055555556