6 0.26517132304687496 0.2242967131944444 0.010546867968749974 0.049218718055555555
6 0.59344258046875 0.3321091395833333 0.018457018750000033 0.03046872916666668
6 0.11487845625 0.3239060208333333 0.02109373593749999 0.03281247777777775
6 0.274399831640625 0.2242967145833333 0.007910150781250014 0.04453122083333337
6 0.6639747589843751 0.3203903965277778 0.01713866015625003 0.03046872916666668
7 0.115537636328125 0.26296856249999995 0.01977537734375001 0.028124980555555564
7 0.1860698140625 0.22898421111111109 0.04482418906250003 0.025781230555555566
7 0.23682661523437504 0.22664046319444442 0.02768552890625 0.049218718055555555
7 0.680454240234375 0.28406229791666665 0.015820302343749936 0.018749987499999992
6 0.23946333203124998 0.3414841347222222 0.01186522499999998 0.021093736111111108
7 0.24539594609374998 0.3239060194444444 0.015820301562500028 0.018749988888888916
2 0.652768712890625 0.41179658680555553 0.08437494296874996 0.11953116805555557
2 0.7147315597656251 0.4246872027777778 0.10019524296875 0.14531239999999998
2 0.82283695390625 0.4422653145833333 0.195117053125 0.1898436208333333
2 0.9441259335937501 0.4762496652777778 0.11074211093750001 0.22031235
9 0.42073762187499997 0.2967185423611111 0.250488109375 0.5934370847222222