6 0.135806029296875 0.08899892430555556 0.013728811718750001 0.04728812638888889
7 0.01432944609375 0.2208813125 0.0286588921875 0.03966100833333333
7 0.01535910859375 0.26435587916666664 0.018019067187499998 0.03508473611111111
7 0.017933259765625 0.29791519791666665 0.01287076015625 0.02593220138888886
7 0.032949146875 0.29944061944444444 0.0171610140625 0.013728811111111088
7 0.177530687109375 0.3009660416666667 0.011154660156249996 0.007627116666666664
7 0.4575984328125 0.2956270625 0.028315671874999993 0.01830508333333335
6 0.005920549609375 0.15986438333333333 0.01115466015625 0.03661016111111112
2 0.0951578203125 0.37571179236111113 0.0489088890625 0.08389828749999996
2 0.0466779578125 0.3795253513888888 0.080656765625 0.10677964166666665
2 0.42422025859375 0.39554229583333333 0.060063549999999966 0.09305083055555552
2 0.48428380585937497 0.4222372076388889 0.12527539921875003 0.1311864152777778
2 0.15779552109375 0.3688473868055556 0.03518007812499999 0.042711856944444467
2 0.0189843578125 0.3899636041666667 0.036896178125 0.12661014444444446
9 0.312866717578125 0.2532202881944445 0.22824148203125 0.506440576388889
2 0.9060166374999999 0.5679130631944445 0.184659521875 0.4757478819444445