2 0.5029537558593751 0.5390621104166666 0.030322244531250053 0.056249962500000014
2 0.5365718968750001 0.5343746159722222 0.050097621875 0.09374993472222223
2 0.566234961328125 0.54960898125 0.06987300078124994 0.12421866527777775
2 0.6130366878906249 0.5753902138888889 0.10546867734375001 0.17578113055555555
2 0.774723941796875 0.6281245486111111 0.33090797578125003 0.34687476111111115
2 0.9144699386718751 0.7394525993055555 0.16743152421875002 0.3492185097222223
2 0.33486305234375 0.6234370527777778 0.3875973890625001 0.44062469444444435
4 0.154907119921875 0.5332027395833333 0.09624016796874998 0.4195309625000001
6 0.21357407187500002 0.46171841388888885 0.015820301562499983 0.023437486111111145
6 0.489110992578125 0.3703122277777778 0.013183583593749937 0.04218747222222225
7 0.485815096484375 0.3413502020833334 0.009228510156249925 0.021093734722222222
7 0.555688095703125 0.46791261458333333 0.011865225781250021 0.02578122916666664
6 0.23203109023437501 0.4643969923611111 0.01582030078125003 0.02343748472222226