6 0.50941388359375 0.31124988819444444 0.0063281218750000255 0.041249979166666666
6 0.41501938632812496 0.28687489791666665 0.007382808593749957 0.03749998750000003
6 0.50044904296875 0.3112498909722222 0.009492182812499994 0.03749998749999999
6 0.60855447421875 0.31874988888888883 0.010546870312499923 0.033749988888888895
6 0.152402291015625 0.25499991111111114 0.00949218515625001 0.033749988888888895
7 0.8384762699218751 0.35156237777777777 0.09703121796875011 0.04312498611111108
7 0.62346511171875 0.3031873895833333 0.018984370312499978 0.031874990277777786
7 0.29440272734375 0.37162486666666666 0.010546875 0.044999988888888884
7 0.327098027734375 0.38474985972222225 0.025312491406250005 0.04499998333333334
2 0.3543748765625 0.43433020833333336 0.03374998750000002 0.04312498611111116
2 0.37968736679687504 0.4390177076388889 0.025312489843749963 0.044999984722222226
2 0.47671858398437494 0.44839270000000003 0.012656247656250041 0.014999988888888934
2 0.46353499492187494 0.4474552027777777 0.011601560156249935 0.024374991666666703
2 0.25154288046875 0.41839271527777777 0.03480467499999999 0.044999988888888884
9 0.20362712421875 0.40901771805555553 0.044441874999999985 0.04874998333333333
2 0.32537097890625 0.4221427118055555 0.013710932812499976 0.018749993055555574
2 0.50097638515625 0.43620520902777776 0.023203114062500065 0.009375001388888885
2 0.5879880753906249 0.4605801958333334 0.06644529140625002 0.06562497222222222
2 0.06289890117187501 0.39787486041666664 0.09175778203125001 0.07874997361111108
2 0.285965229296875 0.4128748513888889 0.02531249140624996 0.02249999166666667
2 0.49795734140625003 0.46631232847222226 0.042187482812500045 0.05062497638888893
2 0.42465658671875 0.46724983263888886 0.07699216093750003 0.1312499541666667
2 0.63032057734375 0.53662480625 0.17613275156250002 0.19499993194444443