7 0.6210087558593751 0.15116580625 0.03541126953125007 0.04896373194444445
7 0.31957578515625 0.2825129604166667 0.010492228125000036 0.016321245833333324
7 0.471057329296875 0.29650260069444445 0.009180699218750022 0.020984454166666645
7 0.611828056640625 0.2731865388888889 0.011803757031249962 0.02564766944444443
6 0.43411594140625 0.29873705347222224 0.005246114062500062 0.018069948611111088
6 0.495102017578125 0.2727979340277778 0.006557642968749988 0.0186528486111111
6 0.369195278515625 0.2733808340277778 0.003934585156250003 0.0186528486111111
6 0.29443815351562497 0.2628886048611111 0.006557641406249992 0.020984456944444455
6 0.5023154222656251 0.2675518173611111 0.0026230554687500353 0.020984456944444417
2 0.18458124921875002 0.3800518215277778 0.06819948437500001 0.0792746125
7 0.13343163671875 0.26463731180555555 0.02885362656249999 0.07227979305555558
2 0.02343537734375 0.3940414590277778 0.0468707546875 0.16321243749999997
2 0.386245150390625 0.3398316138888889 0.010492227343749994 0.02098445833333334
2 0.41706607070312496 0.3398316138888889 0.011803757031249962 0.01632124166666667
2 0.4249352417968749 0.35265544722222225 0.011803757031249962 0.018652850000000023
2 0.40854113593749997 0.35265544722222225 0.01311528437499998 0.018652850000000023
2 0.39463894453125 0.3555699541666667 0.017049870312499982 0.025647669444444472
2 0.35857191093749996 0.3602331673611111 0.028853626562500033 0.03963730416666667
2 0.289060898828125 0.3613989694444445 0.02623057109375 0.046632125
2 0.3146357046875 0.36839378888888885 0.043280440624999986 0.060621763888888895
2 0.47201912773437493 0.35883420833333335 0.01704986953125003 0.0256476666666667
2 0.491036291015625 0.36000000902777773 0.026230569531250046 0.03264249027777776
2 0.5402186109375 0.3786528625 0.07738018437500002 0.11658031388888888