2 0.16759023398437498 0.6577320680555556 0.045231966406250004 0.028865986111111082
2 0.08466496210937499 0.6639176333333333 0.08582475546874999 0.049484544444444445
2 0.021456189453125 0.6727836215277777 0.03827320078125 0.04742269027777779
2 0.32300263124999995 0.6387629902777778 0.03131443749999998 0.028865986111111082
2 0.360116039453125 0.6428867034722222 0.015077322656250036 0.028865984722222196
2 0.409407284375 0.6490722729166666 0.02551546874999997 0.041237118055555536
2 0.43666244296874995 0.6470104208333334 0.03363402656250001 0.05360825555555553
7 0.297487162109375 0.57628875625 0.015077322656250036 0.022680415277777793
6 0.297487162890625 0.5515464840277777 0.01275773515624996 0.022680415277777793
6 0.08872424101562501 0.6253609340277778 0.01043814609375 0.01855670416666671
7 0.339239746875 0.5896908201388888 0.01043814531249998 0.024742270833333337
7 0.339239747265625 0.6082475243055556 0.008118558593749992 0.016494848611111165
7 0.420425328125 0.5216495694444444 0.015077321875000039 0.012371136111111111
7 0.43086347265625 0.5463918444444443 0.03363402500000001 0.037113408333333334
7 0.467396984375 0.5443299875000001 0.02783505625 0.04123712222222219
6 0.458698529296875 0.5171134944444445 0.010438146093749979 0.01649484999999997
6 0.550322255078125 0.5202062784722222 0.012757733593750053 0.022680418055555564
2 0.56945885625 0.639175363888889 0.04407217187499999 0.04123712222222219
2 0.040458251171875 0.8736800298611112 0.07880313671875 0.24962286527777783
7 0.640078483203125 0.5463684152777778 0.020058980468749966 0.017830205555555523