7 0.466585758984375 0.20014146319444445 0.03277880390624999 0.0388489513888889
7 0.506193479296875 0.20014146319444445 0.035510369531249975 0.0388489513888889
7 0.547849875 0.19771340486111114 0.03687615468749996 0.038848951388888865
7 0.586091813671875 0.1940713159722222 0.036876153906250056 0.041277012499999995
7 0.625016641796875 0.19285728541666666 0.035510369531249975 0.0388489513888889
7 0.66735593046875 0.19042922499999998 0.038241937499999955 0.043705072222222245
7 0.79232511796875 0.27541130833333327 0.039607721874999946 0.03399283333333333
7 0.5594590359375 0.28269548680555556 0.051899771875000056 0.009712237500000024
7 0.201623765234375 0.27905339652777783 0.021852535156249984 0.021852534722222216
2 0.49526721171875004 0.3009059326388889 0.01365783437500001 0.012140295833333307
2 0.48434094414062495 0.31426026041666666 0.008194700781249953 0.019424476388888893
2 0.5150710710937499 0.3081901125 0.012292051562500017 0.016996416666666687
2 0.52668023125 0.3106181722222222 0.010926268750000023 0.02185253611111114
2 0.47341467734375 0.30211996319444445 0.013657835937500007 0.01456835694444444
2 0.46180551562499994 0.30697608333333337 0.01502361875 0.01942447500000001
2 0.45019635742187497 0.3069760826388889 0.010926266406250029 0.014568356944444479
2 0.43995298125 0.31426026041666666 0.012292051562499929 0.009712237499999984
2 0.43927008984375 0.30333399375 0.010926268749999935 0.012140295833333346
2 0.42561225468749997 0.30454802291666666 0.013657835937500007 0.009712237500000024
2 0.423563578515625 0.31547428958333334 0.017755185156250075 0.012140295833333346
2 0.40580839453125 0.3106181708333333 0.012292051562499972 0.016996416666666646
2 0.39283345117187507 0.3179023506944445 0.01912096953125002 0.021852534722222216
2 0.36346910625 0.3130462298611111 0.01502361875 0.0169964152777778
2 0.34366524648437496 0.31668832013888887 0.02458410234374999 0.02428059583333335
2 0.305423309375 0.3239724986111111 0.016389401562499996 0.01942447499999997
2 0.17567387812500002 0.3300426486111111 0.04097350312500001 0.026708655555555558
2 0.123774106640625 0.32518652847222224 0.06009447265625001 0.041277012499999995
2 0.047290232421875 0.3215444402777778 0.09287327578125 0.07284178611111117
2 0.55331301015625 0.3081901138888889 0.012292051562500017 0.021852536111111102
2 0.610675915234375 0.32882861736111113 0.036876153906249966 0.0388489513888889
2 0.504827695703125 0.3348987680555556 0.03824193671874996 0.05584536944444444