2 0.460766284375 0.5226558909722223 0.01186522656250002 0.018749987499999954
2 0.4521969546875 0.5249996395833334 0.01054686718750002 0.018749984722222182
2 0.4442868046875 0.5261715131944444 0.007910151562500013 0.02578123194444441
2 0.43769501171874997 0.5249996395833334 0.010546868749999928 0.02812497916666664
2 0.425170606640625 0.5285152618055556 0.01713866015625003 0.03046872916666664
2 0.410009484375 0.5332027590277778 0.018457018750000033 0.03046872916666664
2 0.38825656875 0.5308590104166667 0.022412093749999994 0.039843720833333325
2 0.355956787109375 0.5402340034722222 0.04482418828124999 0.06328120694444439
2 0.31179177929687496 0.5460933756944445 0.07514643359374999 0.08437494027777777
2 0.24653303359374998 0.5695308576388889 0.10019524374999997 0.1124999208333333
2 0.481200841796875 0.5226558909722223 0.013183585156249933 0.02343748194444441
2 0.47065397343750004 0.52031214375 0.007910151562500013 0.018749987499999954
2 0.4957027847656249 0.5238277645833334 0.013183583593750025 0.02109373472222218
2 0.50624965234375 0.5238277645833334 0.007910151562500013 0.02109373472222218
2 0.51415980234375 0.5249996388888889 0.007910151562500013 0.023437483333333297
2 0.522069953125 0.5296871368055556 0.010546868750000016 0.02812497916666664
2 0.5312984632812501 0.534374632638889 0.007910151562500013 0.03281247638888887
2 0.54711876484375 0.5367183826388889 0.021093735937499948 0.05156246527777779
2 0.566234962890625 0.5449215006944444 0.025048810156250045 0.06796870138888886
2 0.581396083984375 0.5531246215277777 0.03164060234374997 0.07499994861111109
2 0.6440181109375 0.5589839909722222 0.11469718593749993 0.14765614861111112
2 0.7949701570312501 0.6246089465277779 0.23730452343749997 0.26015607083333336