2 0.853505264453125 0.4511715638888889 0.026367169531249957 0.016406238888888917
2 0.8310931703125 0.44882781666666666 0.029003887500000047 0.030468733333333376
2 0.7599018125000001 0.4546871875 0.03427732031249997 0.028124980555555606
2 0.733534644140625 0.4546871875 0.013183585156250021 0.018749986111111148
2 0.28001935078124995 0.4980465333333333 0.029003885937500008 0.025781233333333375
2 0.23457845429687502 0.49632671805555556 0.030407205468749997 0.03640409166666664
2 0.21014634296874996 0.5027340305555555 0.02109373593749999 0.025781233333333375
2 0.183779173828125 0.5085934020833334 0.042187471093750005 0.04218747083333333
2 0.15424794140625 0.5140621513888888 0.015820301562499983 0.037499974999999984
2 0.064413014453125 0.5274543861111111 0.09634959921875 0.06584695000000002
2 0.54755823046875 0.6195308305555555 0.27773421093749995 0.3749997416666666
7 0.52009241640625 0.39648410763888886 0.03032224531250005 0.0632812041666667