2 0.46603476601562505 0.4610162701388889 0.027179357031250007 0.05856830972222219
2 0.45203327812499994 0.4705336215277777 0.04365169218749996 0.060032518055555546
2 0.41414690390625 0.4705336215277777 0.0535350953125 0.09224508749999995
2 0.38408488828125 0.47931886666666673 0.08565615156249998 0.11274399444444445
2 0.60234335390625 0.46614099652777774 0.039533609375000014 0.027819945833333373
2 0.31201841406249997 0.5098580506944443 0.155663584375 0.1625270597222222
2 0.11956416171874999 0.6053453152777777 0.23912832343749998 0.5212579527777778
2 0.24324640664062497 0.46561805902777775 0.036239141406249994 0.05856830694444442
4 0.5343949640625001 0.4610162701388889 0.012354251562500007 0.05271147916666668
4 0.645230269921875 0.4610162701388889 0.014001486718749945 0.055639893055555625
7 0.36589178593750005 0.30748362291666664 0.018943187499999993 0.03953360972222223
7 0.500141332421875 0.3579987923611111 0.014001486718749945 0.014642079166666693
7 0.5009649496093751 0.37117666180555553 0.010707019531249973 0.017570493055555483
7 0.580855784375 0.36898034999999996 0.023884889062500036 0.016106286111111087
6 0.50096495 0.42608445069444445 0.014001485937500035 0.013177870833333334
9 0.8476738218750001 0.3722588736111111 0.30147923125 0.7422752249999999