6 0.16229706640625 0.09482437569444445 0.019651104687499997 0.07610903472222222
6 0.6370817796875 0.11291586805555555 0.021756579687499934 0.08983361944444444
6 0.14055301484375 0.08573405972222221 0.018949279687499997 0.08484286111111111
6 0.657697893359375 0.10569708750000001 0.01614197890625002 0.09731975555555555
6 0.8265745699218752 0.39021478333333337 0.017545628906250065 0.02620147222222226
6 0.12527578945312498 0.08858592847222223 0.009123727343749999 0.07985210416666667
6 0.67164666953125 0.11353971319444445 0.009825553124999952 0.0848428625
6 0.806046184765625 0.3923982402777778 0.00772007734375002 0.023706097222222174
7 0.82253907578125 0.04429296458333333 0.15019058124999995 0.05365063194444445
2 0.31757587929687503 0.5034425743055556 0.03298578203124998 0.0711182819444444
2 0.44191591679687503 0.47848879097222224 0.08421901796875 0.1484750069444445
2 0.150190582421875 0.46975496666666666 0.30038116484375 0.20586871111111116
2 0.56029041796875 0.5063538604166666 0.2709045078125 0.2208409791666667
2 0.90352971484375 0.50406641875 0.16141978437500004 0.08983362083333332
4 0.86090553046875 0.46601190000000003 0.018247454687499953 0.03867836388888893
4 0.8991550023437501 0.4522873180555556 0.009123728125000063 0.013724580555555517
4 0.913893329296875 0.4928372166666667 0.020352927343749983 0.10480588888888889
4 0.09229000781249999 0.5218459875 0.0554441859375 0.267005475
4 0.202125642578125 0.5230936763888888 0.10667742265624999 0.31691304444444446
4 0.37243521640625 0.5344268680555556 0.0800080671875 0.4042512888888889
7 0.04947867265625 0.13755772916666664 0.0540405359375 0.07735672499999999
4 0.7241324953125 0.4828335354166667 0.018095207812499937 0.0942892069444444