7 0.672160108984375 0.49666538611111105 0.024088933593749928 0.03160876111111111
6 0.549170330859375 0.5208647826388888 0.00975028359375001 0.023451659722222237
6 0.6311874152343749 0.5040407652777777 0.00975028359375001 0.0224320222222222
6 0.43943185859374995 0.413632925 0.010897373437499969 0.0469033194444444
6 0.35770154765625 0.42739803125000003 0.01261801250000003 0.04996223194444443
6 0.559364216015625 0.45173919791666667 0.013765103906250076 0.04894259583333335
6 0.70877295859375 0.5277021847222222 0.020074110937500046 0.05200150555555554
6 0.562805491796875 0.5638993131944444 0.010323827343750036 0.026510573611111077
6 0.29615459570312497 0.5953226131944445 0.005161913281250019 0.014274923611111094
2 0.02367221640625 0.6166601847222223 0.046457228125 0.08617008611111111
2 0.10579984726562501 0.7064766986111112 0.21071248984375002 0.23316062777777777
2 0.31770354765625 0.6247464111111111 0.008603190625000012 0.018353474999999973
2 0.332328971484375 0.6313740534722222 0.010323828906249988 0.017333834722222243
2 0.34265280039062496 0.6262758666666667 0.008029644531249991 0.017333836111111053
2 0.47227420507812495 0.6568649888888889 0.043589499218750036 0.07035498055555552
2 0.215243634375 0.632248032638889 0.019500565624999976 0.02753020972222223
2 0.19000760859375002 0.6337774888888889 0.016059289062500003 0.024471297222222195
2 0.24478125546875001 0.6281694826388889 0.013191559375000005 0.02141238472222216
2 0.292098803515625 0.6383658583333334 0.043589499218749994 0.0621978833333333
2 0.39169609726562504 0.7103813895833333 0.15600452265624995 0.21514349027777774
2 0.257059591015625 0.6306994951388889 0.013115285156250022 0.020984456944444455