2 0.344409544140625 0.5068347909722222 0.019133863281250017 0.03826772916666662
2 0.328265346875 0.5036458125 0.015546264062500014 0.019133861111111136
2 0.31690461523437496 0.5142757354166666 0.03348426015624999 0.01913386527777779
2 0.315708748828125 0.5025828208333333 0.03587599453124999 0.012755908333333347
2 0.28282242109375 0.5121497520833334 0.044247059374999995 0.04039371250000004
2 0.2391732953125 0.5206536923611111 0.06696852343749997 0.048897651388888935
2 0.160246106640625 0.5344726083333333 0.05261812265625001 0.05952757499999998
2 0.098061050390625 0.5344726090277777 0.08849411796875001 0.08503939583333332
2 0.071154055078125 0.546165525 0.07533958828125 0.08291340833333333
2 0.0316904609375 0.5482915090277778 0.051422257812500004 0.09566931527777779
2 0.553327431640625 0.5006694305555556 0.025113196093749936 0.04039371388888892
2 0.594584824609375 0.5038584076388889 0.040659460156250035 0.07653545416666674
2 0.6370380859375 0.4985434451388889 0.07294785468749998 0.09992128749999994
2 0.8444810378906251 0.5878348090277777 0.30733768359375 0.610157651388889
2 0.455191620703125 0.6222757576388889 0.24993609140625 0.4145670458333334
2 0.0109272265625 0.5701891277777777 0.021525596875 0.09354333333333334
7 0.66191209296875 0.42625996180555553 0.015546264062500014 0.02338583472222224
7 0.699581887109375 0.4517717791666667 0.014350397656250014 0.023385833333333356
6 0.4472540609375 0.4390158694444445 0.007175198437500007 0.019133863888888904