7 0.333780875 0.33069916527777776 0.024866198437499997 0.030604550000000015
7 0.40455389609375 0.2864925930555556 0.040168471874999945 0.04760707777777778
7 0.26396424375 0.32049764861111113 0.022953412499999982 0.017002527777777804
7 0.28117930312499995 0.32049764861111113 0.017215059375000008 0.017002527777777804
2 0.2539221265625 0.3400505555555556 0.02390980625000001 0.025503791666666664
2 0.21710102656250002 0.34430118611111116 0.03060455000000002 0.027204041666666692
2 0.19892957500000003 0.3443011861111111 0.01530227500000001 0.023803536111111058
2 0.158761103125 0.3400505555555556 0.024866196875000003 0.02890429722222222
2 0.05690533515625 0.3332495444444445 0.043037648437500006 0.05950884722222223
2 0.10615953281250001 0.3357999236111111 0.08033694375 0.07821162777777783
2 0.389729816796875 0.3638540944444445 0.016258666406249976 0.025503791666666664
2 0.42702911171875 0.36810472777777775 0.010520312499999917 0.013602025000000061
2 0.52027735078125 0.37490573611111117 0.01912784374999994 0.023803536111111058
2 0.54801272421875 0.37745611527777784 0.03251733437500004 0.022103283333333383
2 0.6058744515625 0.3766059902777777 0.04303764843750004 0.034005055555555525
2 0.6264368832031251 0.37745611527777784 0.011476705468750037 0.022103283333333383
2 0.65178127578125 0.3893578861111111 0.035386509375000055 0.03230480277777777
2 0.6996008851562501 0.40210978194444447 0.04877599999999997 0.040806066666666634
2 0.7435949261718751 0.4038100347222222 0.048776000781249974 0.03400505555555561
2 0.77945963359375 0.41571180416666664 0.041124864062500065 0.03400505555555561
2 0.4646472078125 0.3698049791666667 0.023909804687500015 0.025503791666666664