7 0.45594952304687497 0.23193391041666667 0.032761964843749956 0.0478428736111111
7 0.455364488671875 0.2766565909722222 0.02223133359374998 0.03744224583333333
7 0.553650383203125 0.34010039513888884 0.017551053906250048 0.022881373611111124
7 0.7250656617187501 0.3182590868055556 0.009360560937499951 0.012480748611111123
7 0.64199068046875 0.3120187111111111 0.011700701562500004 0.012480747222222238
6 0.22720080664062497 0.34010039513888884 0.005850350781250002 0.022881373611111124
6 0.23129605273437498 0.34114045555555556 0.007020422656249981 0.024961494444444475
6 0.39393580546875 0.3210325895833333 0.007020421875000027 0.018027754166666674
2 0.331337050390625 0.3213792729166667 0.00819049140625001 0.022881373611111124
2 0.089399451953125 0.43890631874999997 0.17146645703125 0.12064723472222225
2 0.350058173046875 0.4129047590277778 0.06201371953125001 0.05200311527777773
2 0.356493559375 0.3754625173611111 0.01638098437500002 0.02288137361111116
2 0.26171787539062497 0.3973038243055556 0.018721122656249988 0.020801245833333346
9 0.26990836796875 0.38170289027777776 0.028081684375000027 0.03536211944444448
2 0.367024191015625 0.37234232916666665 0.014040839843750019 0.02080124722222223
2 0.668317258984375 0.41706501180555555 0.029251753906249966 0.056163370833333365
2 0.633215154296875 0.4139448236111111 0.04095245546874997 0.08736523888888886
2 0.8227665218750001 0.4149848854166666 0.03393203593749998 0.08112486527777783
2 0.9157871 0.3879432659722222 0.028081684374999936 0.031201873611111115
2 0.856113519921875 0.3806628305555555 0.014040839843750064 0.029121749999999953
2 0.8818550652343748 0.38378301736111115 0.042122525781249996 0.03952237361111115
2 0.485201278125 0.3900233888888888 0.01638098437500002 0.022881374999999968
2 0.499242121484375 0.3879432645833333 0.011700703906249998 0.014560873611111053
2 0.9333381519531251 0.44722681875 0.08892533203125001 0.13728823472222224
2 0.9397735375 0.5252315 0.11817708593749998 0.3557013305555556
2 0.395690911328125 0.36610195138888885 0.012870772656250029 0.016640991666666674
2 0.656616556640625 0.34946095625 0.008190489843750015 0.0166409986111111
2 0.667732225 0.34946095625 0.009360560937499951 0.0166409986111111
2 0.6455008890625 0.3463407680555556 0.009360559375000044 0.014560869444444475
2 0.708099644921875 0.35154108125 0.01755105234375005 0.012480751388888853
2 0.691133626953125 0.34946095625 0.011700700781250007 0.0166409986111111
2 0.6776778203125 0.37546251597222224 0.024571473437500036 0.02704162083333333
2 0.5741266109375001 0.4846690645833334 0.15210912187499998 0.22881372083333334
2 0.743000653125 0.44965362916666674 0.15521713906250004 0.18235760555555558
2 0.620332205859375 0.34842089444444446 0.019891192968750016 0.018721122222222223
2 0.40835448945312497 0.35951488888888894 0.011700703906249998 0.014560869444444395
4 0.83387001171875 0.36436852777777773 0.007020421874999983 0.0228813722222222
4 0.7636658027343749 0.3518877791666667 0.007020421093749984 0.01872112222222226
4 0.7712712574218751 0.35084771458333336 0.005850350781250046 0.016640993055555556
7 0.46705301367187496 0.34148715416666664 0.008190491406249922 0.018721122222222223
7 0.7256385203125 0.30300485069444444 0.008190489062500018 0.020801251388888886
7 0.822169309375 0.33628684375 0.009360559374999865 0.012480748611111123
6 0.8005230117187502 0.296764475 0.005850351562500045 0.016640997222222214
2 0.9742784304687501 0.3238060861111111 0.04914294687500007 0.12480748611111112