7 0.275718190625 0.40124971875 0.018457018750000033 0.0374999736111111
7 0.27637736953125003 0.36140599444444443 0.01186522656250002 0.037499975000000026
7 0.408213215625 0.39304659722222224 0.009228509375000016 0.025781230555555527
7 0.40689485820312504 0.36609349305555555 0.014501942968750025 0.028124980555555564
7 0.40821321640625 0.3391403854166667 0.01186522656250002 0.016406237499999993
7 0.93291988671875 0.3239060208333333 0.02241209375000004 0.03281247777777775
7 0.9296239906250001 0.1926561111111111 0.044824187499999904 0.08437494444444445
7 0.8564550960937499 0.36257786805555553 0.011865224999999846 0.016406236111111108
7 0.8637060664062499 0.3496872520833333 0.01054686718750002 0.014062490277777763
1 0.651450354296875 0.39890596874999995 0.13183584765625006 0.22968734305555555
2 0.966538027734375 0.462187175 0.06591792265625003 0.07968744444444442
2 0.8030615769531251 0.59812458125 0.3928708242187501 0.4453121958333333
2 0.5163186113281251 0.46687467083333334 0.08833001640624998 0.10312493055555558