7 0.263198118359375 0.3899231388888889 0.03314346640624999 0.07278565277777779
7 0.9645723636718749 0.3959886097222223 0.02242058046874984 0.012130941666666692
6 0.29146754609375003 0.4583763118055556 0.009748078124999981 0.019062909722222247
6 0.34800640078125 0.4427793861111111 0.007798462500000003 0.01906290833333336
6 0.39187275390625 0.46357528680555554 0.007798462500000003 0.019062909722222247
6 0.5000764249999999 0.4540438319444445 0.005848846875000024 0.013863933333333339
6 0.52103479375 0.4323814354166667 0.006823654687500014 0.02252889305555554
6 0.19691118515625 0.4687742618055556 0.007798464062499999 0.019062909722222167
6 0.18277647109375 0.48610417916666665 0.004874039062500013 0.015596924999999985
2 0.4357391070312501 0.5190310222222222 0.01169769374999996 0.012130941666666692
2 0.41721775820312496 0.527695979861111 0.027294619531250053 0.025994873611111143
2 0.389923138671875 0.5259629888888889 0.019496157031250006 0.022528891666666655
2 0.3119385109375 0.5372274354166666 0.05069000781249997 0.04159180138888882
2 0.355317459765625 0.5103660631944444 0.02631981171875002 0.06412069305555555
2 0.516648158203125 0.5120990548611111 0.03119385078124992 0.04332479305555555
2 0.5020260410156251 0.5172980305555555 0.029244236718750028 0.06065471111111115
2 0.657995296484375 0.5051670881944444 0.031193852343750005 0.04332479305555555
2 0.466445554296875 0.5207640138888889 0.055564047656250004 0.09531454444444441
2 0.143296753515625 0.6013481291666666 0.28659350703125 0.22528892499999995
7 0.9684715949218751 0.34573184930555556 0.016571733593750082 0.032926843055555544
7 0.9767574613281249 0.3734597166666666 0.01949615703125005 0.022528891666666655
2 0.248576000390625 0.5476253847222222 0.06628693359374997 0.0693196666666667