9 0.08416855703125001 0.38819014722222217 0.1670170734375 0.7417204611111111
9 0.970918757421875 0.6282929916666666 0.052639622656249864 0.34469837222222216
9 0.25052561640625004 0.4742620784722222 0.17546541250000003 0.2634147402777778
9 0.356454740625 0.49419148263888896 0.044841159375000036 0.15423626249999994
9 0.39885888203125 0.5089219111111111 0.043866353125 0.1109114694444444
9 0.640286296875 0.46213113680555556 0.119901365625 0.09704753750000003
9 0.57010013046875 0.4863930194444445 0.028269426562500043 0.03812581666666664
9 0.53598185703125 0.5210528541666667 0.032168659375 0.06585368611111109
2 0.7115122554687501 0.5562903458333334 0.119901365625 0.16290122222222223
2 0.452798244921875 0.5002569527777777 0.06141289453124994 0.017329916666666632
2 0.45523526445312495 0.5666882944444445 0.08773270546875 0.1109114694444444
2 0.59950682578125 0.6316754847222221 0.1910623375 0.25474978611111104
2 0.509012168359375 0.551380211111111 0.016571733593749992 0.043324794444444516
6 0.425016221484375 0.44451237777777775 0.007798463281250001 0.01906290833333336
6 0.500563829296875 0.4497113520833333 0.00877327109374999 0.015596926388888871
6 0.469857380859375 0.4826381965277778 0.007798463281250001 0.012130940277777806
6 0.447924205078125 0.48090520347222215 0.006823655468749923 0.015596926388888951
7 0.25978628984375 0.29720808125000003 0.022420579687500018 0.03639282638888892
7 0.52737104453125 0.45577682291666666 0.021445771874999943 0.010397948611111159
7 0.558564896875 0.45057784999999995 0.009748079687499977 0.013863933333333339
7 0.7739974300781249 0.33879988125000005 0.025345003906249986 0.032926843055555544