2 0.789920642578125 0.6066223597222222 0.41789025859375 0.47244074999999996
2 0.051521599218750005 0.6023982493055555 0.10239350781249998 0.14507190972222223
2 0.103238119140625 0.5437226680555556 0.028067257031249994 0.024024647222222167
2 0.072831923046875 0.5252421687500001 0.02858701953125 0.011088295833333383
2 0.5219470218750001 0.51883998125 0.024948671875000005 0.03788502083333335
2 0.438420938671875 0.5084446993055555 0.01611268359375 0.016632445833333283
2 0.3799474890625 0.5218430618055556 0.01351386406249997 0.03049282083333335
2 0.37526961132812503 0.5260011750000001 0.012474336718750001 0.03696099722222223
2 0.36071621992187497 0.5301592861111112 0.028067257031249994 0.0471252694444444
2 0.2650796421875 0.5190709868055555 0.009355751562500014 0.010164273611111064
2 0.23207462851562505 0.5398615451388888 0.019231267968749986 0.03326489305555561
2 0.24662801992187502 0.5260011736111112 0.018191739843749978 0.022176597222222226
2 0.25806282890625 0.5260011736111111 0.007796460937499994 0.00924024999999994
2 0.274175513671875 0.5467917340277778 0.040021830468749985 0.056365518055555536
2 0.414165290234375 0.5109857673611111 0.01715221171875001 0.016632448611111055
2 0.41260599804687503 0.5331623673611111 0.027547491406249992 0.04065709583333338
2 0.156656872265625 0.61429176875 0.18399645859375 0.2328542736111111
2 0.3188232453125 0.5408317916666666 0.0654902640625 0.10071871666666665
2 0.46097869335937497 0.5616223513888889 0.07848436328125005 0.10718689166666664
2 0.0519244234375 0.5174539451388889 0.015073156250000002 0.012936351388888864
2 0.036071621484375004 0.51791595625 0.028067255468750003 0.015708423611111123
7 0.585462187890625 0.38439436041666664 0.02079056015624996 0.06652979583333338
7 0.605473101953125 0.3862424090277778 0.01819173984375002 0.07022589305555557
7 0.524389918359375 0.37792618680555556 0.01611268359375 0.0314168513888889
7 0.4588996371093749 0.4564683013888889 0.007796460156249995 0.014784397222222228
7 0.236752504296875 0.5033625638888889 0.005717403906249974 0.01016427499999995
2 0.43634188281249997 0.43359868402777774 0.014033628125000063 0.009240245833333363
6 0.6004573683593749 0.2416325125 0.014553392968749978 0.06652979444444442
6 0.5960393734375 0.3215606645833334 0.011954571874999953 0.05266941805555554
6 0.5887193749999999 0.24255653541666666 0.011434809375000032 0.06006161805555558
6 0.0065620203125 0.06699180416666667 0.013124040625 0.09055444166666667
7 0.30764831953125 0.4502773375 0.008835987500000008 0.017556472222222258