2 0.46108411171875 0.4029205763888889 0.32168658906250003 0.5424264111111111
2 0.8772269351562499 0.38645715625000004 0.2435017078125 0.4471118652777778
7 0.934840724609375 0.07365214791666667 0.033143467968750076 0.032926843055555564
7 0.9455636105468749 0.15596925416666668 0.02729462109374996 0.013863930555555548
7 0.9246052406250002 0.19409507361111114 0.018521345312499982 0.013863933333333339
7 0.922168222265625 0.1698331888888889 0.015596925781250093 0.010397949999999984
7 0.40357044843749995 0.1412388263888889 0.02924423437499999 0.015596930555555548
6 0.402108237890625 0.09964702430555555 0.00877327265625003 0.046790776388888886
6 0.892436583984375 0.04332479375 0.012672503906249943 0.05892172083333332
6 0.86709157890625 0.04765727222222223 0.014622118750000013 0.06412069444444445
9 0.95141245703125 0.20969199722222223 0.09163193593749988 0.08664958611111112
2 0.80567868515625 0.33620039375 0.022420581250000106 0.020795901388888892
2 0.671642605859375 0.31800398125 0.056538855468749996 0.032926843055555544
2 0.72135780625 0.32753543472222224 0.048740390625 0.020795897222222238
2 0.6219274046875001 0.3284019326388889 0.03899231406250001 0.02252889305555558
2 0.5864174703125 0.31973697222222225 0.026178709374999977 0.053722744444444435
2 0.21786955351562498 0.31800398055555557 0.06921135859375001 0.08145061111111107
2 0.12136357695312498 0.3154044951388889 0.04971520078125 0.04159180416666667
2 0.161330698828125 0.31800398194444446 0.02437019453125 0.02599487499999999
9 0.258324080078125 0.2963415833333334 0.06238770390624997 0.0831836
9 0.315837741796875 0.29547509097222224 0.02729461953125001 0.02946086249999998