2 0.072263954296875 0.4891756305555556 0.08834023203125 0.09776579166666666
2 0.131937487890625 0.4610939687499999 0.06844905390624999 0.10400616249999999
2 0.29779481054687496 0.43561245625 0.02223131640624998 0.03848227916666668
2 0.281706357421875 0.43717255 0.020476213281250023 0.049922955555555544
2 0.39842076953124994 0.4194915027777778 0.02106124687499995 0.049922955555555544
2 0.369754071484375 0.4283320229166667 0.016380969531249966 0.02392141249999998
2 0.317393470703125 0.4376925805555556 0.019306142968749995 0.03432203055555555
2 0.26035259296874996 0.43509242569444445 0.017551040625000035 0.0728043125
2 0.48266575937499995 0.4080508270833333 0.04797284062499996 0.09152542083333333
2 0.604938 0.4070107652777778 0.11934706874999997 0.1872110861111111
2 0.54233929296875 0.40285051875 0.029251731249999934 0.09568566805555553
2 0.52040049296875 0.3799691638888889 0.021646281250000055 0.01664098611111113
2 0.508114765234375 0.43041215 0.06727898515625004 0.09464560555555555
2 0.62804686796875 0.46889442847222224 0.08248988437500007 0.2048921347222222
7 0.620148900390625 0.2811633104166667 0.03276193984375002 0.060323570833333305
1 0.8202246515625001 0.42545199722222216 0.3580290078125 0.6994811444444444
2 0.345696968359375 0.4279853472222222 0.015795935156249996 0.03224191111111104