6 0.4379043078124999 0.4478035361111111 0.013657835937500007 0.024280597222222235
6 0.48297516054687495 0.45023159444444444 0.010926267968750025 0.01942447499999997
6 0.42288068828125003 0.45630174097222226 0.010926267187499939 0.016996415277777763
2 0.4679515421874999 0.4927226347222223 0.016389401562499996 0.016996416666666646
2 0.48297516171874993 0.48786651597222225 0.0163894 0.0267086513888889
2 0.503461912890625 0.48543845486111115 0.030047236718750002 0.031564776388888854
2 0.534192039453125 0.48179636736111114 0.03687615234374997 0.06312954583333337
2 0.5649221675781251 0.48301039930555556 0.06009447265625001 0.0946943236111111
2 0.60726145703125 0.4890805458333333 0.09014170781250001 0.10683461666666669
2 0.6482349617187501 0.5048629333333333 0.08194700781249997 0.12868715277777776
2 0.7008176234375 0.5315715826388889 0.09970219218749996 0.15296774583333334
2 0.786861984765625 0.5594942680555556 0.15979666640625007 0.20881311666666666
2 0.907050928515625 0.5874169555555555 0.1816492023437501 0.2986513222222223
2 0.4501963578125 0.48301039652777783 0.021852534374999965 0.03156477638888894
2 0.429026713671875 0.48786651597222225 0.017755185156249985 0.0267086513888889
2 0.417417554296875 0.48786651597222225 0.021852535156249964 0.0267086513888889
2 0.40102815234374994 0.48179636597222225 0.027315668749999977 0.0388489513888889
2 0.370980915234375 0.47694024791666667 0.04370507109375001 0.05827342916666664
2 0.32181271093749997 0.47936830486111115 0.06555760625000003 0.09226625972222224
2 0.254889319921875 0.49757875347222225 0.09560484140624999 0.1092626763888889
2 0.15928447578125 0.48301039513888894 0.12018894531249998 0.08983820138888893
7 0.5901891644531251 0.38831607361111115 0.020486753906250054 0.05098924722222217
6 0.5130223972656249 0.4380912958333334 0.010926267968750025 0.01942447499999997