7 0.42641714453125 0.39052112499999997 0.03670694687499996 0.030589122222222265
6 0.7045869722656251 0.03670694722222222 0.049324960156249986 0.06933534166666666
6 0.652164850390625 0.041805133333333334 0.04588368359375004 0.07953171388888888
6 0.477806855859375 0.5291918097222222 0.052766236718749936 0.06321751944444445
6 0.8701123449218751 0.5750754930555555 0.022941841406250062 0.02854984722222219
2 0.35529743554687504 0.6423715631944446 0.09635573515625002 0.06933534305555555
2 0.548926563671875 0.6760195944444445 0.13765104921875002 0.0917673611111111
2 0.8918640984374999 0.6537332465277778 0.019500565624999844 0.02447129583333339
2 0.9073498410156251 0.6567921618055556 0.02294184296875006 0.03466767916666669
2 0.932012320703125 0.6629099854166667 0.0286773023437501 0.050981873611111124
2 0.9566747992187501 0.6720867215277778 0.027530207812499975 0.057099695833333346
2 0.9807637343749999 0.6741259965277777 0.036706948437499956 0.08157099027777777
2 0.767978152734375 0.7294777465277779 0.1135621164062501 0.1468277847222223