4 0.14768119609375 0.4792898854166667 0.010484465624999984 0.039940826388888934
4 0.7558551171874999 0.4946005305555556 0.0157267015625 0.09186389166666666
4 0.7360095191406251 0.4959318930555556 0.013480027343749956 0.08387572777777781
4 0.719159483984375 0.4972632548611111 0.015726699218750008 0.07588756527777779
4 0.6534069109375 0.48261828472222223 0.008237792187499959 0.039940824999999965
4 0.6462924523437501 0.4806212465277778 0.008986685937499938 0.04926034861111109
4 0.6430347753906249 0.48461532638888893 0.007264247656249978 0.038609458333333256
4 0.16999813007812498 0.4836168055555556 0.008237791406249983 0.03594674166666662
6 0.19845596796875 0.3414940451388889 0.026960054687500002 0.03994082638888889
6 0.038942303515625 0.4326922569444444 0.014977810156249998 0.022633133333333354
6 0.6690088039062501 0.43025143611111105 0.01198224687499998 0.022633133333333354
6 0.71687537734375 0.43735201944444446 0.013480028125000043 0.021301772222222265
6 0.779220507421875 0.3987425548611111 0.01722448046874998 0.029289934722222296
6 0.2007026375 0.26294375416666665 0.02396449062499999 0.08920117222222225
6 0.2007026375 0.16908281875 0.02396449062499999 0.08520709027777779
6 0.166253678515625 0.2549555902777778 0.022466713281250005 0.07588756111111113
6 0.13367694335937502 0.16974850069444444 0.021717822656250017 0.06523667916666667
6 0.15464587812500002 0.17241122222222224 0.02022004531249999 0.07322484444444445
6 0.12581359453125002 0.21701180972222223 0.017973370312499994 0.06656804166666666
6 0.14266363046875 0.2263313326388889 0.014228918750000008 0.06124259583333335
6 0.47760488007812507 0.33683427916666664 0.007488903906250055 0.027958577777777785
6 0.43443135039062497 0.39368338124999996 0.0067400132812499795 0.025295854166666645
6 0.5577985730468751 0.34282540347222223 0.012731135156249972 0.025295856944444455
6 0.44621389765624997 0.31752954861111116 0.014228918750000031 0.0306213
2 0.522426001171875 0.48102065694444446 0.007488903906250055 0.014644969444444437
2 0.505201521875 0.4810206576388889 0.011982248437499976 0.011982245833333295
2 0.49658928046875 0.48102065694444446 0.012731137499999967 0.014644969444444437
2 0.483483698828125 0.48102065694444446 0.01497780859375002 0.014644969444444437
2 0.4196781996093749 0.4850147368055556 0.010484466406250004 0.01464496250000001
2 0.8252772695312499 0.49193781180555557 0.041937865625000015 0.050591709722222176
2 0.88106960625 0.49193781388888885 0.06515346874999998 0.04792899166666666
2 0.38725125390625 0.48248514027777784 0.02770894687500003 0.03461538055555553
2 0.352802294140625 0.4818194604166667 0.03519785234374999 0.04127218472222217
2 0.325093346484375 0.4844821826388888 0.01872226171875 0.035946740277777736
2 0.555077605859375 0.48408278194444443 0.013480028906250042 0.02023668055555561
2 0.533734226953125 0.48288455555555554 0.018722258593749964 0.027958577777777785
2 0.028832282421875 0.4879437284722222 0.05766456484375 0.07855028749999995
6 0.678120296875 0.4406804208333333 0.006740014062499977 0.010650886111111093
6 0.5114173015625 0.45066562847222225 0.006740014062500066 0.011982245833333375
6 0.529765118359375 0.44800290555555555 0.005991124218749988 0.011982247222222181
6 0.55073405078125 0.4526626680555555 0.00599112343749999 0.013313608333333348
6 0.5529807218749999 0.4646449159722222 0.00599112343749999 0.010650887500000058
6 0.5421218109374999 0.4546597083333333 0.006740014062499977 0.011982247222222181
7 0.409268627734375 0.39607983472222225 0.011233357031249992 0.022633133333333274
7 0.40964307304687503 0.4173816076388889 0.010484466406250004 0.019970412500000062
7 0.42761644296874995 0.4173816076388889 0.008986684374999943 0.019970412500000062
7 0.465135859375 0.44534018402777775 0.008237795312499952 0.01730769027777773
7 0.4883514648437499 0.43934906041666666 0.005242235937499995 0.013313606944444384
7 0.4894747992187501 0.4573224291666667 0.004493343750000012 0.011982247222222181
7 0.47936477734375005 0.45732243055555555 0.006740014062499977 0.009319525000000006
7 0.659622694140625 0.3767751048611111 0.017973371093750058 0.013313609722222156
7 0.64427043984375 0.4040679993055556 0.012731137499999967 0.00931952638888889
7 0.63977709609375 0.4113904798611111 0.014228917187500034 0.010650881944444437
7 0.891487225 0.4060650375 0.01722448125000007 0.045266263888888936
2 0.9849407097656251 0.48554728125 0.026960057031249995 0.054585793055555595