7 0.65173804453125 0.40661227499999997 0.020663260937499928 0.03306121666666668
7 0.6532877890625001 0.43416328888888894 0.023762749999999944 0.014693874999999995
2 0.897630849609375 0.5032078006944445 0.20043363203125003 0.2589795375000001
2 0.7416232292968751 0.48667719375 0.12604589140625003 0.10836732361111111
2 0.5716679085937499 0.46647311527777774 0.04235968593749995 0.045918358333333326
2 0.42960799023437496 0.4995343333333333 0.09505100078124999 0.11938773055555553
2 0.3293911734375 0.47198331944444444 0.03719387031250001 0.04591835833333341
2 0.130507287109375 0.47198331944444444 0.042359683593749996 0.04591835833333341
2 0.18164885820312499 0.4719833173611111 0.04132652109375001 0.0385714180555556
2 0.37889963515625 0.47699989236111107 0.022729587500000027 0.04591835972222221
7 0.6009475449218751 0.42340687361111107 0.010839102343750007 0.023803519444444435
2 0.53336255234375 0.4738476652777777 0.0172150453125 0.01813601388888889
2 0.5107279554687499 0.4687469111111111 0.01530226249999993 0.019269516666666674
2 0.48618057617187505 0.47044716249999996 0.022315799218749977 0.02493701944444445