2 0.262407269921875 0.4546570381944445 0.08131891796874999 0.13181105972222218
2 0.167933820703125 0.45359404305555556 0.11001971640625 0.1169291666666667
2 0.085419032421875 0.45146805972222226 0.12676184609375002 0.14244098611111108
2 0.578116017578125 0.38875150972222217 0.04065946015624995 0.07653545833333332
2 0.60920854921875 0.4121373381944444 0.01913386406249993 0.02125984583333336
2 0.650465941015625 0.44190112708333334 0.07294785390625007 0.1233071208333333
2 0.50755989765625 0.4330749305555555 0.22960636406249998 0.32804618333333335
2 0.745537325 0.4450901020833333 0.16742130624999998 0.19771658750000004
2 0.05287438046875 0.4970248840277778 0.1057487609375 0.23173234861111108
9 0.3646538515625 0.3852588111111111 0.16383370468749997 0.29976386111111114
4 0.8525673746093749 0.4453938215277778 0.02032973046874993 0.09992128472222224
7 0.8487235203125 0.30614181527777773 0.026309062500000025 0.05952757500000002