7 0.616249137109375 0.17473047847222223 0.03744224609374998 0.07904474027777779
7 0.62970494375 0.39106344930555553 0.01755105312499996 0.03328199583333339
7 0.365269084765625 0.35362120625 0.00819049140625001 0.0166409986111111
7 0.45536448828125 0.33594014583333337 0.01287077187500003 0.022881372222222238
7 0.5723715046875 0.3203392118055555 0.01755105312499996 0.012480748611111123
7 0.4787658921875 0.31409883541666667 0.01287077187500003 0.012480748611111083
7 0.40797664765624997 0.3588215166666667 0.016380981250000027 0.01040062222222219
7 0.349473138671875 0.35986157986111117 0.018721122656249988 0.012480748611111123
6 0.42435762929687504 0.35050101875 0.007020421093749984 0.018721123611111147
6 0.5080176453125 0.34322058194444444 0.008190490625000013 0.02080124722222223
2 0.46882029609375 0.3817028895833333 0.016380981250000027 0.018721120833333296
2 0.44424882343750005 0.38482307638888885 0.014040840624999973 0.02080125
2 0.43137804921875 0.3900233881944445 0.014040842187499968 0.018721120833333296
2 0.4132419621093749 0.39314357569444447 0.01989119140625002 0.020801245833333346
2 0.39276573515625 0.3952236993055556 0.021061262499999955 0.0166409986111111
2 0.369949366796875 0.4014640736111111 0.02223133359374998 0.02080124722222223
2 0.35181327890625 0.40458426111111107 0.014040842187500013 0.0228813722222222
2 0.31320096484375004 0.4077044479166667 0.03042182656250003 0.03744224583333333
2 0.62209948828125 0.35466126875 0.046802806250000016 0.06448386805555559
2 0.5805619953125 0.3640218291666667 0.03159189375000002 0.058243491666666675
2 0.543704787109375 0.37754264027777773 0.02340140234375001 0.03120186944444446
2 0.21842528085937502 0.42434544583333333 0.04446266640624998 0.0582434888888889
2 0.288044454296875 0.42226532291666674 0.019891191406249974 0.04576274305555559
9 0.8046304328125 0.2891373375 0.21529291093749992 0.24129446944444446
9 0.955569485546875 0.29849790069444443 0.08658519140625014 0.2683360902777778
2 0.5238135937499999 0.37130226666666666 0.011700703125 0.01872112222222226
2 0.020872342578125 0.46698800555555553 0.04174468515625 0.03120186944444446