6 0.248691842578125 0.26648418541666663 0.01713866015625003 0.058593709722222206
7 0.25132855820312494 0.3637497430555555 0.030322244531250007 0.028124980555555564
7 0.25594281328125 0.1973436076388889 0.018457018749999988 0.04687496805555558
7 0.636948410546875 0.3836716041666667 0.03955075390624998 0.025781233333333296
4 0.263193784375 0.50671839375 0.019775376562499992 0.08437494027777777
4 0.23550825703124997 0.5289840027777777 0.0250488109375 0.13359365833333334
4 0.19266160664062498 0.5348433743055556 0.021093735156250015 0.12187491527777776
4 0.219687955859375 0.5383589979166667 0.02504881015625 0.13359365694444444
4 0.178159664453125 0.5430464944444444 0.029003886718749983 0.14296865
4 0.12147025 0.5407027465277778 0.0395507546875 0.1429686513888889
4 0.014024034375000003 0.5172652625 0.022412093750000004 0.1054686777777778
4 0.8557959164062499 0.5114058909722222 0.02900388593750005 0.13124990972222222
4 0.92105466015625 0.5219527590277778 0.030322245312499874 0.14765614861111112
4 0.9559911601562501 0.5207808854166667 0.039550754687500064 0.13593740694444445
4 0.976425716015625 0.5055465201388889 0.01713866015624994 0.11953116805555561
4 0.9447851132812499 0.5149215131944445 0.025048810937500044 0.12421866249999998
4 0.9579686976562499 0.4551559298611112 0.01713866093750003 0.046874968055555556
4 0.908530255078125 0.5149215138888888 0.02109373515624995 0.11953116666666672
4 0.8333838222656251 0.50789026875 0.026367169531250133 0.11015617361111114
4 0.9889501218749999 0.6473432993055556 0.021093735937500035 0.0609374569444444
0 0.90259764296875 0.5407027465277778 0.027685528125000046 0.06328120694444447
4 0.285605878515625 0.4926559041666667 0.014501942968749982 0.0515624638888889
4 0.4688577058593751 0.5043746465277777 0.011865225781250021 0.0374999736111111
2 0.5479592140625 0.4985152756944444 0.01713865937500003 0.02578123194444441
2 0.5347756289062501 0.5032027729166667 0.01450194218749994 0.03515622638888887
2 0.524887940234375 0.5102340166666666 0.015820300781249942 0.04453121944444444
2 0.60926288359375 0.49734340138888894 0.013183584375000024 0.028124980555555526
2 0.6217872886718749 0.5020308979166667 0.014501942968750025 0.056249962500000014
9 0.6165138546875 0.4797652881944444 0.02241209375000004 0.02109373472222218
9 0.581577355078125 0.45867155277777777 0.03955075390624998 0.04921871666666667
2 0.582236533203125 0.4785934145833334 0.03295896171874997 0.014062490277777803
1 0.67518080625 0.46687467222222223 0.11337882812500003 0.17812487777777777
2 0.496543234765625 0.5137496395833333 0.05141598046875 0.07968744583333331
2 0.582895712890625 0.5242965083333334 0.05800777265625001 0.08671868888888888
2 0.75098641796875 0.5418746194444444 0.13842763906249989 0.15468739166666662
4 0.814267624609375 0.5008590236111111 0.019775377343749945 0.11015617500000004
2 0.339658576171875 0.5758589715277778 0.19379869453124998 0.22734359583333333
7 0.2954935671875 0.3848434777777778 0.015820301562500028 0.03749997222222221
7 0.9619237734375 0.016640610416666667 0.0435058296874999 0.03328122083333333