7 0.430024811328125 0.40932611944444447 0.03339843359374992 0.054687491666666685
7 0.5539505777343751 0.4296386194444445 0.014062497656250006 0.0234375
7 0.6769974359375001 0.4054198715277778 0.022851559375000007 0.04687499583333334
7 0.709077509765625 0.4030761215277778 0.027246089843749922 0.042187495833333345
7 0.571089246875 0.4421386180555556 0.034277340625000007 0.02343749722222223
7 0.48363808554687504 0.4522948652777778 0.008789060156250006 0.018749997222222228
7 0.40761270468750005 0.4530761152777778 0.013183592187500004 0.02031249722222223
7 0.431343171484375 0.42963861875000003 0.029003902343749922 0.04531249583333334
7 0.389155675 0.4616698638888889 0.009667967187500005 0.02187499444444446
2 0.34292902890625 0.485677025 0.04130858906250001 0.05468749444444446
2 0.299862628125 0.4919270236111111 0.03779296250000001 0.04218749722222223
2 0.258114587109375 0.5122395194444445 0.04570311953124997 0.060937494444444455
2 0.47256768437499996 0.4763020236111111 0.02460937031250001 0.03906249444444446
2 0.5099211968749999 0.47708327291666663 0.021972654687500003 0.024999998611111116
2 0.540243458984375 0.4770832736111111 0.03339843359375001 0.04374999444444446
2 0.572762985546875 0.47552077569444445 0.021093747656250005 0.015624998611111114
2 0.6575774277343751 0.4755207736111111 0.06416014765625003 0.0718749916666667
9 0.8127884359375 0.5210448583333332 0.2786132453125 0.30624996111111114