7 0.5580774921874999 0.30275365 0.05751366406249998 0.0502567611111111
7 0.49227796250000005 0.30448663958333333 0.05069000937500005 0.05718872638888889
7 0.8090905124999999 0.27589227638888886 0.04679077812500001 0.06585368611111109
2 0.30755187578125 0.4379270041666667 0.036067889062500004 0.03639282777777776
2 0.345569381640625 0.4223300784722222 0.032168660156249994 0.03292684027777774
2 0.386023906640625 0.41279862500000003 0.02534500390625003 0.027727866666666677
2 0.40746967929687494 0.4136651201388889 0.019496157031250006 0.025994876388888914
2 0.514698542578125 0.3989346902777778 0.015596925781250003 0.017329916666666632
2 0.574161821875 0.40586665833333335 0.01754654218749998 0.024261883333333383
2 0.60486826875 0.40326716875 0.016571732812499997 0.025994873611111066
2 0.593170575 0.39980118680555554 0.012672501562500039 0.025994873611111143
2 0.570749994140625 0.4257960618055555 0.02437019765624999 0.032926843055555585
2 0.5512538375 0.4058666548611111 0.02047096562499995 0.02772786527777779
2 0.5278584484375 0.41279862500000003 0.02242057968749993 0.027727866666666677
2 0.4991016179687501 0.41539811180555564 0.02924423593749994 0.03639282638888888
2 0.45572266875 0.41713110347222226 0.026319814062500058 0.032926843055555585
2 0.425503625 0.47431983125000005 0.06726174218749996 0.08491659305555549
2 0.04532856484375 0.45179093750000004 0.0906571296875 0.08838257777777782