7 0.50872746796875 0.42006840208333335 0.013359376562500015 0.02375000416666669
7 0.8472821890625 0.48944340833333333 0.011250001562500066 0.0125
2 0.778727494921875 0.5563184152777778 0.020390627343750013 0.06375000555555552
2 0.8138837484374999 0.5719434159722222 0.05695313124999997 0.11000000972222226
2 0.737946240625 0.5775684166666666 0.044296879687500026 0.1212500111111111
2 0.695407175390625 0.6200684201388889 0.09000001015625 0.24375002361111106
2 0.9221998503906249 0.7862500791666667 0.14846203046874998 0.4150000416666667
2 0.9063282148437499 0.6437500638888889 0.1842187687500001 0.3100000333333333
2 0.560390680859375 0.6800000680555556 0.2967187789062501 0.41750004166666677
9 0.213046895703125 0.5022959854166668 0.42328129140625004 0.9920919708333334
9 0.7338428464843749 0.5293750527777777 0.07171875703124994 0.1287500138888889