7 0.9104607863281251 0.09506146736111111 0.03445180703124997 0.08166354305555555
7 0.907948674609375 0.16970705277777778 0.03373406171875004 0.07273159444444446
7 0.45720419492187503 0.3394141013888889 0.012201682031250004 0.02424386388888888
7 0.458280813671875 0.3572780013888889 0.007177460156249982 0.014035922222222217
7 0.43315970429687506 0.3419660902777778 0.008612952343750013 0.014035924999999989
7 0.43351857734375 0.3566400048611111 0.009330698437499941 0.012759929166666635
7 0.24044490546875003 0.35153603541666667 0.010048443750000002 0.012759929166666673
0 0.17118241953125 0.4185256611111111 0.009330698437500007 0.016587908333333307
0 0.16149284726562502 0.4153356777777778 0.011483935156249991 0.025519858333333346
0 0.1496500375 0.4140596861111111 0.013637173437500016 0.03062382777777783
0 0.13888384843749998 0.4166116736111112 0.01650815781249999 0.03317581666666669
0 0.12417005546875001 0.4166116722222223 0.017225904687500005 0.038279786111111096
0 0.11089175468749998 0.4185256604166666 0.013637173437500016 0.03955577638888891
0 0.09940781953125 0.4204396486111111 0.02081463437500001 0.03572780000000001
0 0.08182304179687501 0.42681961388888884 0.030145332031249993 0.03572780000000001
4 0.180871989453125 0.3930058041666667 0.00861295234374999 0.06252364999999997
4 0.150726657421875 0.38471184999999997 0.00861295234374999 0.025519858333333346
4 0.219630271875 0.39172981111111116 0.007177459375000028 0.03189981944444445
4 0.391171563671875 0.38598784305555556 0.005741967968749995 0.030623830555555603
4 0.384711849609375 0.38726383333333336 0.005741967968749995 0.038279783333333324
4 0.52718442890625 0.39555779027777777 0.010766190624999972 0.07017960833333332
4 0.63089872421875 0.4032137458333333 0.015790412499999996 0.0931474777777778
4 0.5634306015625 0.3974717805555556 0.01722590312499994 0.0714556027777778
4 0.5996767730468751 0.41023170625 0.020814635156250018 0.09187148749999999
4 0.6972902289062499 0.4089557159722222 0.030863078124999978 0.14291120138888888
4 0.706620925 0.5218810833333333 0.006459714062500055 0.021691877777777712
4 0.667862642578125 0.4012997569444445 0.02081463359375002 0.1148393583333333
4 0.9791251671874999 0.45021281875 0.03804053593749988 0.2369093430555555
2 0.677552212890625 0.40831771875 0.054548694531249976 0.0535917013888889
2 0.162210593359375 0.39147461666666666 0.025838855468749998 0.030623827777777755
2 0.096895708203125 0.3914746145833334 0.028709839843749994 0.02551985694444446
2 0.31042513984375 0.3882846333333333 0.007895207812499994 0.011483936111111129
2 0.302171060546875 0.3901986229166667 0.012919427343750022 0.017863901388888888
2 0.3466713125 0.3876466368055555 0.025838854687500003 0.017863901388888888
2 0.283868538671875 0.39109181458333336 0.026556600781250016 0.03062382638888887
2 0.32406231367187505 0.3898158208333333 0.026556600781250016 0.03317581388888884
2 0.40875633945312495 0.3891778236111111 0.03373406171875 0.0625236472222222
2 0.026980725390624998 0.41952977222222215 0.053961450781249996 0.08038754999999997