2 0.35291845039062497 0.35668193680555554 0.03551037109374997 0.046133131944444454
2 0.255947823046875 0.3639661152777778 0.05463133828125 0.08012596388888894
2 0.29897000234375 0.3651801451388889 0.07784965937499999 0.07769790416666669
2 0.19721913398437502 0.37246432291666665 0.09014171015625001 0.08741014027777776
2 0.08727356328125 0.36639417430555554 0.13794413125 0.1432555125
2 0.015569931250000002 0.39553088680555554 0.0300472375 0.1286871541666667
2 0.506569090234375 0.3396855194444445 0.015023617968750003 0.02185253333333333
2 0.49769149882812497 0.34211357986111113 0.01365783515624992 0.01699641805555553
2 0.485399447265625 0.3433276097222222 0.010926267968750025 0.014568358333333324
2 0.45808377773437503 0.34575566874999997 0.019120969531249976 0.019424476388888893
2 0.44715750859375003 0.3469696986111111 0.019120968749999977 0.021852536111111102
2 0.430085216796875 0.3493977576388889 0.023218319531249955 0.031564773611111124
2 0.575541155859375 0.3518258180555556 0.016389400781249997 0.03642089444444443
2 0.58851609921875 0.3578959652777778 0.02048675156250006 0.04370506944444447
2 0.60080815078125 0.3566819347222222 0.023218318749999956 0.05098925000000002
2 0.621294902734375 0.36275208472222226 0.05053398984375006 0.06312955000000002
2 0.544811028515625 0.3761064138888888 0.07238652265624994 0.08983820833333335
7 0.93863469296875 0.22702356527777776 0.0437050718750001 0.026708652777777786
7 0.93658601796875 0.27072863611111114 0.02321832031250004 0.06070148888888889
2 0.6525030546874999 0.3520686305555556 0.01775518437499999 0.036420891666666656
1 0.6886963171875 0.33628624305555554 0.062826040625 0.0776979055555555
7 0.879223112109375 0.19424475972222222 0.015023619531249999 0.026708652777777786
7 0.39368708750000003 0.2913671423611111 0.010926268749999978 0.012140295833333346
6 0.4496842093750001 0.2719426652777778 0.01365783437500001 0.021852536111111102
6 0.536411459375 0.2743707263888889 0.009560484374999945 0.021852536111111102