2 0.357216552734375 0.4139175916666667 0.03711340703125003 0.04742268611111105
2 0.32996139335937497 0.38917532083333334 0.019716497656249964 0.0226804166666666
2 0.438402133984375 0.46134028263888893 0.04871134765625005 0.0927835208333333
2 0.29400778085937496 0.3881443951388889 0.047551555468749965 0.03298969583333336
2 0.2197809640625 0.3706186180555555 0.0661082578125 0.030927841666666664
2 0.10032218085937501 0.3695876909722222 0.054510317968749986 0.02061855972222225
2 0.038273201953125 0.38917532222222223 0.07654640390625 0.1340206388888889
2 0.01507732265625 0.5201031784722222 0.0301546453125 0.2268041625
9 0.12873713476562498 0.34175263263888894 0.07422681640624999 0.07216495972222224
9 0.229639213671875 0.34587634861111116 0.034793819531250006 0.039175263888888916
1 0.27081190039062497 0.35824748124999994 0.03827320390624998 0.03505155416666664
9 0.300966543359375 0.36237119375 0.024355674218750022 0.01855670694444444
2 0.335760365625 0.4603093527777778 0.07770619843750004 0.11958764722222226
2 0.548002667578125 0.4623712104166666 0.18672683671875 0.1979381763888889
2 0.164690748828125 0.6025774201388889 0.32938149765625 0.4618557458333334
2 0.8527385429687501 0.6025774194444444 0.2922680890625 0.4164949166666666
7 0.3302513421875 0.2706186027777778 0.04059279062500001 0.020618561111111135
7 0.39867919023437504 0.2984536576388889 0.012757733593750053 0.010309281944444413
7 0.39056063085937504 0.30876294097222223 0.01971649921874996 0.014432993055555541
7 0.47667533671874995 0.2963918020833334 0.026675260937499966 0.01855670694444444
7 0.47609543828125 0.2757732409722222 0.013917528125 0.01855670694444444
7 0.8851982828124999 0.22371137916666667 0.04291237812500004 0.1340206388888889
4 0.3314691296875 0.3649485138888889 0.009278351562500032 0.0164948472222222
4 0.347126349609375 0.3804124340277778 0.008118558593749992 0.018556706944444397
4 0.35350521640625 0.3793815069444444 0.0069587640625 0.02061856111111106
4 0.366842847265625 0.3835052166666667 0.008118558593749992 0.024742272222222222
4 0.37438150859375 0.3896907861111111 0.0069587640625 0.02886598333333331
4 0.37960058164062505 0.3948454270833333 0.005798971093749961 0.03505155138888891
4 0.40685574140625 0.40309285 0.009278349999999946 0.059793825000000016
4 0.419613475390625 0.41237120208333333 0.011597939843750016 0.04948454305555556
4 0.38771913945312503 0.4123712048611111 0.0057989695312500086 0.04123712083333331
4 0.463105750390625 0.3989691381944444 0.010438147656249975 0.026804129166666652
0 0.6625903378906249 0.4969072951388889 0.04987114296875008 0.10721650972222219
0 0.652964025 0.5034365020833332 0.020876292187499958 0.07216496250000001
7 0.338659850390625 0.34268047916666666 0.009278352343749985 0.01649485000000001
6 0.27081190039062497 0.2550515895833333 0.008118558593749992 0.030927840277777778
6 0.40012893046875 0.35257738055555554 0.013917528125000045 0.020618561111111097
6 0.4894330703125 0.3371134590277778 0.025515468749999926 0.03505155416666668
4 0.6551676269531249 0.4072165631944445 0.015077322656250036 0.026804129166666652
7 0.40956675234375 0.2006185895833333 0.02783505625 0.05154640138888891