6 0.64368428828125 0.19317735694444443 0.01765987187500002 0.05830560833333334
6 0.6291779667968751 0.1920560951388889 0.013875613281250043 0.05606308472222222
7 0.67774261015625 0.1991040361111111 0.015137032812500006 0.042607944444444476
7 0.69666390234375 0.21143791319444444 0.03279690468750003 0.04485046805555552
6 0.07604556875 0.2798348729166667 0.017659871875 0.05606308472222222
6 0.083614084375 0.43905403263888887 0.017659871875 0.04709299027777776
4 0.9199351312499999 0.41919168055555556 0.052979615624999886 0.23097990277777777
4 0.7761333234375 0.4326468194444445 0.030274065625000013 0.1412789694444444
1 0.96047735859375 0.3514971638888889 0.07784080000000007 0.23181753611111106
2 0.8890303558593751 0.4345689840277777 0.06685522734375002 0.06951822361111108
2 0.787486096484375 0.4345689826388889 0.16398451796875008 0.10988364583333339
2 0.016128148046875002 0.5481367708333332 0.03153548515625 0.08970093333333334
2 0.322022346484375 0.4976799979166666 0.16146167890625002 0.12782382916666668
2 0.494206090625 0.4842248569444444 0.18290580937499995 0.09642850277777776