5 0.175409494140625 0.5584214361111112 0.013191558593749986 0.0469033194444444
0 0.175791861328125 0.5715067638888889 0.012044466406249987 0.03466767222222226
2 0.00936157109375 0.5585223166666667 0.0187231421875 0.05709969444444446
2 0.9708095636718749 0.6237791125000001 0.057354603906250114 0.1305135888888889
2 0.20724129804687502 0.5641993708333334 0.03555985390625001 0.022432022222222278
2 0.146158644921875 0.5570619104166668 0.05104559765625001 0.05913896805555549
2 0.372709334765625 0.5703171965277778 0.007456097656250016 0.020392748611111088
2 0.378158021875 0.5682779215277778 0.01032382812499999 0.02447129861111108
2 0.39249667265625005 0.5708270152777778 0.024088934375000058 0.03160875833333334
2 0.41687237968749996 0.5774546583333333 0.018927018750000003 0.05302114444444447
2 0.42318138632812496 0.5800037513888889 0.020074111718749954 0.05404078333333339
2 0.432644897265625 0.5825528458333333 0.01950056640625002 0.05709969444444446
2 0.446123228125 0.5861215777777777 0.029250846875000035 0.06831570555555552
2 0.46103542500000005 0.5902001263888889 0.04301595312500002 0.08055135555555558
2 0.49124218124999997 0.5963179506944444 0.057928150000000046 0.09890482916666667
2 0.6089147222656249 0.5662386458333333 0.02179474921874993 0.02651057222222227
2 0.642180392578125 0.5591011861111111 0.060795878906249975 0.036706944444444486
2 0.683953649609375 0.5776245868055555 0.13707750390625 0.0948262791666666
2 0.7391096722656251 0.5949584229166667 0.11700339140624996 0.09074772916666668
2 0.8082219695312499 0.5873111409722223 0.14625424062499998 0.10196374027777774
2 0.869304623828125 0.6020958847222223 0.20074111328125 0.12949395000000005
2 0.5553493933593749 0.602629601388889 0.11872402890625003 0.13765105000000005
2 0.027530210546875 0.5582514770833333 0.03957467578125 0.05200150694444443