2 0.133320576171875 0.5153101701388889 0.26629077734375 0.27860725694444444
2 0.29895598828125 0.4371642333333333 0.1210412625 0.1494965777777778
2 0.36075073789062506 0.41451323611111107 0.06880240078125 0.10419458333333335
2 0.39069252421875 0.41791088333333337 0.021660015625000018 0.06568788611111111
2 0.46777669687499995 0.46094777847222224 0.09938124687499998 0.15176167638888885
2 0.5040890765625 0.3975249881944445 0.014015304687499962 0.02491609583333335
2 0.5295714464843749 0.42017598611111107 0.05223886015624997 0.07474828611111116
2 0.599647967578125 0.42017598611111107 0.039497674218749966 0.07474828611111116
2 0.625130339453125 0.4258387347222222 0.06498004765624996 0.09060398611111112
2 0.646790354296875 0.44509208194444444 0.05733533515625 0.09739928611111108
2 0.7213262890625 0.4405618805555556 0.12486361718749998 0.160822075
2 0.858931092578125 0.4835987756944445 0.23443781328125005 0.22424486527777776
2 0.9595864593750001 0.5832631590277777 0.0789953500000001 0.1608220763888889
6 0.39132958359375003 0.2944629548611111 0.010192948437500026 0.040771793055555526
6 0.43401255507812503 0.28087235694444446 0.00637059296875 0.02718119722222221
6 0.44102020742187503 0.27973980833333334 0.007644711718749963 0.024916100000000007
6 0.6372344640625001 0.24463076180555554 0.0076447109374999656 0.06342279305555555
6 0.203397097265625 0.2491609611111111 0.014015305468750006 0.0724831916666667
6 0.12185350937499999 0.2536911604166667 0.011467067187500013 0.031711393055555544
6 0.13459469492187498 0.2502935125 0.011467066406250014 0.038506694444444434
7 0.05751052265624999 0.24802841180555554 0.038223557812499996 0.02038589583333332
7 0.02252503359375 0.29716561180555556 0.04448860625 0.03536648194444444
7 0.01419049140625 0.06115769305555555 0.028030607812499997 0.09966438611111111
6 0.6455162359375 0.3420300472222222 0.019111779687499997 0.022650997222222222
6 0.59837384921875 0.3114512020833333 0.006370593749999998 0.03850669027777778
7 0.607292679296875 0.3171139493055556 0.016563541406249983 0.009060398611111095
6 0.1314093984375 0.35562064513888886 0.012741184375000002 0.031711395833333315
2 0.041934052734375005 0.39738899583333337 0.04281133359375001 0.042421430555555556
2 0.00403549453125 0.40924204305555556 0.0077200765625 0.041173741666666624