7 0.43628293515624994 0.36966799097222225 0.01919429999999993 0.02559240138888883
7 0.406891663671875 0.36326989097222223 0.02759180546875002 0.025592401388888873
7 0.402093087890625 0.3366111402777778 0.01079679453125002 0.0191943
6 0.37989967890625 0.21717993958333331 0.00959715000000001 0.0362559013888889
6 0.714600286328125 0.2535446979166667 0.014395725781249969 0.05353521805555555
6 0.6990049171875 0.2545021881944445 0.00959715000000001 0.04691940138888889
6 0.768584255859375 0.3184831895833334 0.011996436718749948 0.04265400138888889
7 0.773982653515625 0.3472746388888889 0.020393944531249986 0.01066349999999999
7 0.778181405859375 0.3931276902777778 0.014395725781250058 0.017061600000000017
2 0.5910369785156251 0.4368480402777778 0.016795013281250083 0.023459700000000003
2 0.637223263671875 0.45071059027777777 0.08517470703125003 0.02985779999999999
2 0.7152001078125 0.4763029902777778 0.05398396875000007 0.04691940000000001
2 0.6666145359375 0.5061607902777778 0.11516580000000003 0.09810419999999999
2 0.352907694140625 0.42405183888888887 0.06598040703125001 0.08317529999999998
2 0.48959526015625 0.5506731222222222 0.524100675 0.6264650666666667
2 0.825567332421875 0.6650469423611112 0.34669704453125005 0.5097153013888889
9 0.170158877734375 0.30564033472222224 0.34031775546875 0.6055934944444444
2 0.011955861328125001 0.7657025916666668 0.023911722656250002 0.15234364444444448