6 0.71152863125 0.28636370833333336 0.007003460937499995 0.017786563888888905
6 0.700022946875 0.2979249777777778 0.012005931249999957 0.01956522222222223
2 0.6818368816406251 0.30904157986111114 0.009004447656249947 0.012450593055555556
2 0.674833421484375 0.3054842673611111 0.01300642578125002 0.012450595833333366
2 0.67333268125 0.31082023680555554 0.008003956250000055 0.012450595833333328
2 0.669830948828125 0.31526687847222223 0.011005435156249988 0.01422925416666669
2 0.66532872578125 0.3179348625 0.012005932812500042 0.012450594444444442
2 0.7048482507812499 0.30637359513888895 0.009004448437500034 0.010671940277777776
2 0.71035096953125 0.3152668777777778 0.012005932812500042 0.017786563888888905
2 0.6973445425781251 0.3152668798611111 0.010004941406250013 0.010671940277777816
2 0.704348004296875 0.32504948680555557 0.010004942968750008 0.0160079097222222
2 0.693842814453125 0.32949613125 0.011005436718749984 0.017786568055555563
2 0.681836882421875 0.32593881875 0.01100543828124998 0.01422925416666669
2 0.6778349050781249 0.33661075625000003 0.009004447656250036 0.017786568055555563
2 0.7208561609374999 0.3579546354166666 0.01900939218750004 0.04624506805555555
2 0.7023470148437501 0.3677372486111111 0.04001977343750003 0.06581029444444447
2 0.4867404890625 0.38641313888888884 0.04502224375000008 0.0711462611111111
2 0.350673259765625 0.4015317222222222 0.08504201796874997 0.07648223333333333
2 0.42721107578125006 0.40864635 0.09004448906250002 0.11205536388888887
2 0.25662679296875 0.39619575208333335 0.055027189062499995 0.08359685972222222
2 0.15647731367187498 0.514921076388889 0.31215423046875 0.36462459722222224
2 0.6026977890625 0.5024704847222222 0.27213445625000005 0.375296536111111
2 0.9637761843749999 0.4775692916666667 0.07103509843749993 0.34328071944444444
4 0.75238906484375 0.3629144458333334 0.015595370312500023 0.049052099999999994