2 0.22726480468750002 0.5526014409722222 0.04548172500000001 0.05713422083333334
2 0.08013337890625001 0.5444394083333334 0.0661124578125 0.07345828611111105
7 0.150836979296875 0.519953313888889 0.014691657031249994 0.024486097222222173
6 0.23760958046875 0.4334357743055556 0.01744634062500001 0.06366384861111117
6 0.32667775273437505 0.43833299375 0.013773427343749978 0.03754534861111109
7 0.4552297550781249 0.4995482326388889 0.04132028515624997 0.02938331249999998
7 0.40931832617187497 0.49791582777777776 0.01377342890624993 0.03264812500000005
7 0.39829958359374995 0.4464950270833334 0.010100515624999983 0.024486095833333287
2 0.49517269765625 0.5721903194444444 0.03672914375000005 0.03428053611111111
7 0.44421101210937497 0.5460718159722222 0.01010051484375003 0.024486095833333287
7 0.46533026992187504 0.5460718159722222 0.010100516406250027 0.024486095833333287
7 0.40931832539062507 0.5477042215277778 0.011936971093750071 0.017956470833333387
7 0.27984809570312497 0.5207695166666666 0.011936971093749981 0.02285369166666666
7 0.570926556640625 0.5158722979166667 0.017446342968750007 0.0195888763888889
2 0.019406545703125 0.5330125652777777 0.03881309140625 0.05386941111111112
2 0.7444717597656251 0.5934115993055555 0.06703068671874997 0.040810159722222274
2 0.658516284765625 0.5790818854166667 0.08179212734374994 0.0459183875
2 0.9659470574218749 0.5917732145833333 0.06642380078125001 0.038903084722222224
2 0.8526509499999999 0.5812999076388888 0.09467864062500002 0.04733978472222226
7 0.658587978125 0.5452237291666666 0.017446343750000003 0.013059249999999956