4 0.803241665234375 0.5233635013888889 0.015596925781250093 0.06931966944444438
4 0.738904347265625 0.5233635013888889 0.00974807890624998 0.06931966944444438
4 0.703323860546875 0.5268294840277777 0.010722885156250061 0.04852376805555549
4 0.21104589921874997 0.5380939312499999 0.01267250312499999 0.053722743055555515
4 0.20373483984375002 0.5311619638888888 0.007798462500000003 0.0537227444444444
4 0.19739858906250002 0.5328949555555555 0.010722885937500015 0.060654711111111065
9 0.10917847890625001 0.5198975180555555 0.165717334375 0.10051351944444444
2 0.016571733203125 0.5554238486111112 0.02924423515625 0.03292684444444439
6 0.57221220546875 0.34313236180555556 0.009748078124999981 0.04159180138888886
6 0.56148931875 0.34573185 0.009748078124999981 0.03985880833333329
6 0.34556938125 0.3691272388888889 0.008773270312499993 0.03812581944444449
6 0.256861867578125 0.4783057166666667 0.012672502343749992 0.02079590000000001
6 0.7618123316406249 0.4323814354166667 0.016571733593749992 0.02946085972222221
2 0.499589020703125 0.5415599138888889 0.01852134921875006 0.029460858333333326
2 0.44061314648437505 0.5398269229166666 0.023395388281250006 0.03639282638888888
2 0.363603326171875 0.5415599152777778 0.013647308593749985 0.03292684444444439
2 0.352393036328125 0.5398269236111111 0.016571733593749992 0.03292684444444439
2 0.321199184765625 0.53289495625 0.04776558359375001 0.05025675972222222
2 0.395771985546875 0.5155650388888888 0.056538855468749996 0.08491659444444437
2 0.47083218984375 0.5268294840277777 0.04094192968749999 0.0623877041666666
9 0.5371191230468749 0.5190310222222222 0.06433731796875 0.08838257777777775
2 0.580985476171875 0.5398269236111111 0.023395388281250006 0.03292684444444439
0 0.8300488816406251 0.5346279479166667 0.03021904296875011 0.03639282638888888
0 0.848082826171875 0.5346279479166667 0.023395388281250006 0.03639282638888888
0 0.8363851320312501 0.5372274361111111 0.025345003125000078 0.02772786944444445
6 0.35232985859375 0.36745031805555556 0.007040562499999981 0.030397349999999986
7 0.25929385234374996 0.44165561319444446 0.01005794687499999 0.010728476388888847
7 0.666137794140625 0.45417216875 0.015086919531249965 0.014304634722222273
6 0.6746870484375 0.4747350819444444 0.012069535937500042 0.016092713888888947
7 0.7566593136718749 0.38175495277777777 0.02313327734374999 0.019668872222222213
7 0.7445897777343751 0.3531456826388889 0.02313327734374999 0.0196688736111111
4 0.67871022734375 0.5292715034722223 0.008046357812500026 0.03933774583333331
4 0.6887681742187499 0.5248013048611111 0.008046357812499938 0.055430462500000034
7 0.266837312109375 0.3951655486111111 0.015086919531249965 0.03933774722222228