7 0.13598569453125 0.24261884166666667 0.03411827500000002 0.02079590000000001
7 0.24711378867187497 0.27814517222222224 0.020470964843749995 0.012130941666666652
7 0.532245083984375 0.27727867638888887 0.015596925781249915 0.006931966666666669
6 0.29439196953125 0.14123882569444446 0.007798462500000003 0.039858809722222235
6 0.46449593867187494 0.17503216458333332 0.00877327109375008 0.03465983472222221
6 0.542967969921875 0.2928756020833333 0.017546541406249984 0.024261884722222227
6 0.23395388320312502 0.3145379986111111 0.011697694531250002 0.015596925000000025
6 0.38017506015625 0.2963415854166667 0.005848846875000024 0.01732991805555556
6 0.4298902601562499 0.2946085930555556 0.003899231250000046 0.013863933333333339
6 0.284156487109375 0.14210532152777777 0.010722886718749968 0.0415918013888889
6 0.45328564843749997 0.16896669375 0.009748078124999981 0.032926843055555544
6 0.11746434570312499 0.29634158541666666 0.026319811718749996 0.034659834722222234
6 0.626314041015625 0.2712132048611111 0.018521349218749972 0.032926843055555544
2 0.38651131054687504 0.35179732013888887 0.020470964843749995 0.024261884722222227
2 0.399183812890625 0.33793338680555557 0.018521349218750018 0.017329918055555518
2 0.49520238554687496 0.36912723819444443 0.023395388281250006 0.05545573750000001
2 0.360678902734375 0.3630617652777778 0.015596925781250003 0.03639282222222218
2 0.6414235625 0.4098525430555556 0.17156618125000006 0.2478178166666667
2 0.44694939765625 0.37692570000000003 0.09260674531250004 0.15423626388888892
2 0.33923313046875 0.36912723819444443 0.03509308281250001 0.051989754166666714
2 0.06531212578125 0.4271824604166667 0.1306242515625 0.3587292875
2 0.811040127734375 0.5224970048611111 0.3762758289062499 0.36219527083333336