7 0.2899263984375 0.35473908958333333 0.016795012499999994 0.01706159861111113
7 0.30012336835937503 0.3366111409722222 0.010796792968749979 0.01492889861111111
6 0.307921053125 0.34727464027777777 0.007197862500000029 0.01919430000000004
6 0.38469825390625 0.3462082902777778 0.007197862499999985 0.017061600000000017
2 0.29112604218750004 0.3931276909722222 0.023992875000000025 0.03412320138888892
2 0.26773298789062505 0.39739309027777775 0.034789671093749995 0.042654000000000046
7 0.48126957578125007 0.3504736902777778 0.010796793750000066 0.008530800000000009
7 0.47287206875 0.3568717895833334 0.010796793749999978 0.012796198611111127
6 0.21974723750000003 0.38033149097222224 0.005998218749999973 0.017061598611111055
2 0.169962021875 0.4827010895833333 0.1679501265625 0.17914679861111107
2 0.372101994921875 0.4954972895833333 0.17154905546875 0.2687201986111111
2 0.486667973046875 0.42511818958333336 0.045586463281249934 0.059715598611111094
2 0.6882081230468751 0.5093598402777778 0.23033160078124998 0.2367297
2 0.892089811328125 0.6650469423611111 0.21582037734375 0.33909930138888883