7 0.107716266796875 0.3933891208333334 0.00877327109374999 0.03812581666666664
7 0.254912251953125 0.38992313819444446 0.00877327109374999 0.027727870833333335
7 0.757913100390625 0.32060347083333335 0.03996712109375 0.0970475361111111
7 0.9187563945312501 0.3847241631944444 0.03801750624999993 0.07625163472222221
7 0.9211934152343751 0.4644417819444445 0.03899231328125001 0.062387700000000025
7 0.59706980546875 0.3327344118055556 0.014622117187499927 0.024261884722222227
7 0.12477540390625 0.3214699659722222 0.023395387499999986 0.012130943055555538
6 0.133061271484375 0.3691272375 0.008773271093750012 0.03812581666666672
6 0.45474786015625 0.2478178166666667 0.014622117187500016 0.05892171944444446
6 0.6029186527343751 0.37086022916666667 0.00877327109374999 0.04159180000000002
6 0.609742307421875 0.4176510048611111 0.012672502343750036 0.017329918055555598
6 0.24906340429687499 0.4315149402777777 0.0068236554687500115 0.024261886111111075
6 0.16766694921875 0.36826074166666667 0.009748078125000004 0.03985880833333337
6 0.15304483124999999 0.36652774930555554 0.0116976953125 0.04679077638888892
6 0.11697694140624999 0.36826074305555556 0.013647309375000005 0.043324794444444474
6 0.1325738671875 0.40898604722222226 0.013647309375000005 0.02079590000000001
6 0.26124850234374997 0.4315149402777777 0.009748078124999981 0.024261886111111075
7 0.22713022890624995 0.39858809791666666 0.019496156250000007 0.027727870833333335
6 0.2490634046875 0.4592428069444444 0.010722885937500015 0.017329916666666712
6 0.46498334257812496 0.3691272388888889 0.005848847656249934 0.024261883333333383
4 0.154019639453125 0.4956356319444445 0.017546541406249984 0.06931966944444438
4 0.23054205546875 0.4965021312499999 0.0068236546874999695 0.05025675972222222
4 0.23834051914062498 0.4973686263888889 0.012672502343749992 0.04505778611111108
4 0.262223310546875 0.49216965 0.011697694531250002 0.04505778611111108
2 0.092119341015625 0.4939026416666667 0.11015328515624997 0.07278565277777783
2 0.19154974257812502 0.5051670875000001 0.07506020390624998 0.03985880833333337
2 0.30267783515625 0.4947691388888889 0.05361443124999998 0.06065471111111115
7 0.31827476250000003 0.42371647847222216 0.008773270312500036 0.02252889305555554
2 0.361653711328125 0.48437118888888886 0.05458923984374997 0.08491659444444445
2 0.5288332566406251 0.5640888083333333 0.19788599296874992 0.30327355277777773
2 0.9236304332031249 0.68453173125 0.15109521640625 0.3465983430555555
2 0.9416643796875 0.4991016173611111 0.11502732499999997 0.13170737083333328
2 0.423066605078125 0.4947691388888889 0.03899231328125001 0.06412069444444445
2 0.39625938984375 0.48437118749999997 0.024370196874999993 0.03985880833333337
2 0.42160439296875 0.45057785000000006 0.0009748062499999932 0.017329916666666712
2 0.39772160156249997 0.4592428069444444 0.011697695312499956 0.017329916666666712
2 0.37822544492187504 0.4453788729166667 0.011697694531250002 0.02772786527777771
2 0.38992313828125 0.4341144284722222 0.011697693750000005 0.015596926388888871
2 0.393822369140625 0.42544946875 0.009748078906250023 0.012130943055555576
2 0.40795708242187506 0.4306484430555555 0.018521347656249975 0.01906290833333336
2 0.406007467578125 0.4488448583333333 0.018521349218750018 0.013863933333333339
2 0.42940285664062505 0.4540438326388889 0.016571733593749992 0.013863934722222224
2 0.4177051625 0.4237164756944444 0.012672503125000035 0.029460859722222288
2 0.43476429921875 0.4401798986111111 0.015596925000000006 0.013863933333333339
2 0.43963833867187496 0.4185175013888888 0.013647310156250026 0.022528894444444426
2 0.44256276171875 0.3994545944444444 0.013647310937500023 0.01906290833333336