2 0.399199877734375 0.4538089722222222 0.017446342968749962 0.0179564694444445
2 0.379917077734375 0.4513603645833333 0.01010051484375003 0.0195888763888889
2 0.3725712484375 0.45380897291666666 0.008264056249999995 0.02775090694444439
2 0.36155250546874995 0.4529927680555556 0.0192828 0.035912938888888926
2 0.35604313359375 0.46033859791666665 0.017446343750000003 0.031015720833333343
2 0.34869730546875 0.46727632361111104 0.015609885937500012 0.029383311111111175
2 0.33377609062499997 0.46972493402777776 0.02571040156250004 0.040810159722222274
2 0.4297309777343751 0.4468712451388889 0.01744634453125 0.031015720833333343
2 0.431567435546875 0.46482771666666667 0.02295571484375003 0.037545347222222206
2 0.44182100664062496 0.4725816451388889 0.02111925703125008 0.031015720833333343
2 0.38626816328125 0.46033859652777775 0.014691657812500036 0.029383315277777832
2 0.5694547796875 0.4799274743055556 0.06886714375 0.10120919583333329
2 0.8242364105468749 0.5282467118055555 0.2580222320312499 0.19915357638888892
2 0.167827150390625 0.5522959423611111 0.30944303359375 0.36402662083333337
2 0.053632901171875004 0.5231352319444444 0.10726580234375001 0.16977026388888886
2 0.968981591015625 0.5122277847222222 0.05876662890625006 0.17140266944444443
2 0.9676042488281251 0.7751194118055555 0.06152131484374994 0.21874245416666668
4 0.65866206875 0.5287002465277778 0.05233902968750002 0.2236396708333334
4 0.050043457812500004 0.42524186180555557 0.025710400000000005 0.04407497361111115