7 0.48157793242187497 0.30113291319444446 0.01529456171875001 0.01223565138888887
7 0.47546010859375 0.3167673527777778 0.02753020937499997 0.02719033055555558
7 0.445253349609375 0.31880662569444446 0.03441276171874996 0.03670694583333333
7 0.55958019453125 0.3405588902777778 0.026000754687500027 0.05574017777777777
7 0.5156083308593751 0.3425981673611111 0.00994146484374996 0.027190331944444462
7 0.499931405859375 0.3575528479166667 0.00764728046875005 0.01359516527777779
7 0.426517512890625 0.35755284791666664 0.02141238671875003 0.019033229166666665
7 0.4479298984374999 0.35687309166666664 0.024471296875000003 0.025830813888888925
7 0.526314523828125 0.36570994861111106 0.013000377343750013 0.01903323055555551
7 0.6682480492187499 0.2950150875 0.045118956250000064 0.0978851888888889
7 0.46857755624999997 0.3786253548611111 0.007647281250000049 0.012235648611111098
2 0.460694028515625 0.3938713625 0.012235649218750044 0.01631419722222221
2 0.41710452968750006 0.389792813888889 0.018353475000000063 0.02990936388888888
2 0.386897771875 0.39727015555555556 0.017588745312500008 0.03126888055555557
2 0.479047501953125 0.3925118479166667 0.024471297656250002 0.029909362499999995
2 0.4388992796875 0.40678677083333337 0.03594221874999999 0.05574018055555554
2 0.402957060546875 0.3999891881944444 0.023706569531249944 0.036706945833333296
2 0.35745574257812496 0.4061070125 0.02905966640625004 0.035347427777777794
2 0.3262111359375 0.3986296708333334 0.01835347343749998 0.025830813888888887
2 0.28300400234375 0.40066894375000006 0.017588745312500008 0.019033229166666624
2 0.2665623484375 0.4067867694444445 0.016824017187499995 0.017673713888888897
2 0.2436205078125 0.40746652847222214 0.024471296875000003 0.021752265277777776
2 0.22488467031249998 0.40814628541666664 0.017588745312500008 0.020392745833333316
2 0.20959010859375002 0.40814628680555554 0.017588745312499966 0.02311178194444447
2 0.18167753437499998 0.44281395833333337 0.07800226093749998 0.07885196111111112
2 0.0933514453125 0.4183426611111111 0.045118954687500004 0.0271903305555555
2 0.050526673828125 0.42174145277777775 0.042060042968749996 0.03126888055555557
2 0.01589541953125 0.41559126041666666 0.0317908390625 0.03800172916666674
2 0.30518111484375 0.41222483680555555 0.03747167343750002 0.047583076388888895
2 0.50286331796875 0.40542725069444446 0.03670694687500005 0.04486404305555551
2 0.569904022265625 0.4165558673611111 0.06347242734375005 0.08157099305555554
2 0.0194001953125 0.48534740416666666 0.038800390625 0.08157099166666673
7 0.22392628398437503 0.3032532944444445 0.15141615390625002 0.050302111111111124