6 0.745712984375 0.3164060326388889 0.02241209375000004 0.03281247638888887
6 0.7147315601562501 0.3128904097222222 0.013183584375000024 0.03984372222222221
6 0.5736672042968751 0.2601560715277778 0.00527343359375001 0.04218747083333333
6 0.5571877234375 0.2613279458333333 0.006591792187500012 0.03984372222222225
6 0.23484907773437502 0.27187481319444445 0.010546867968749974 0.05156246527777779
6 0.21111862500000003 0.2671873166666667 0.015820301562499983 0.056249961111111094
7 0.09773979726562501 0.3187497805555556 0.04218747109375 0.03281247777777775
7 0.26714886015625 0.3749997423611111 0.014501943750000024 0.014062490277777803
7 0.25857953046875004 0.38906223263888884 0.015820301562499983 0.009374993055555494
7 0.762192465234375 0.2085936069444444 0.03164060390625005 0.023437483333333335
7 0.751645597265625 0.2320310902777778 0.021093735156250036 0.023437483333333335
7 0.737143654296875 0.2753904354166667 0.026367169531249957 0.03515622638888887
7 0.5670754121093751 0.2566404486111111 0.010546867968750017 0.035156224999999985
7 0.222983851171875 0.26132794513888885 0.007910150781250014 0.06328120694444443
9 0.557846902734375 0.4335934520833334 0.055371055468750006 0.13593740694444445
6 0.690341928515625 0.38906223263888884 0.01713866015624994 0.018749987499999954
0 0.28626505820312503 0.59062459375 0.023730452343749996 0.13593740694444453
9 0.269126398046875 0.47343717500000004 0.14501943203124998 0.14999989722222223
2 0.1286305859375 0.5894527201388888 0.257261171875 0.40546847083333326
5 0.28890177499999997 0.5170308909722222 0.05537105625000001 0.19499985972222222
1 0.42535187656249995 0.2882810513888889 0.17534167656250005 0.22968734166666668
2 0.71275402265625 0.5238277645833334 0.21225571406249993 0.23671858750000002
9 0.91973630234375 0.40898409375 0.1595213749999999 0.1851561236111111
4 0.8920507746093751 0.4757809229166666 0.03559567890625015 0.12656241249999997
2 0.44578643281249997 0.6175777 0.29794901406249996 0.45234343888888895