2 0.551264333984375 0.5036489034722222 0.06828917421874996 0.07769790416666669
2 0.478194918359375 0.48665248541666667 0.025949886718749936 0.029136712499999995
2 0.9187879265625 0.5473539736111112 0.16141812656249996 0.1845325222222222
2 0.6905742484375 0.5170032291666666 0.08194700781249997 0.07526984444444448
2 0.8148605445312501 0.5279294993055555 0.14204148125000007 0.14082745138888886
2 0.650283637109375 0.50971905 0.05326555546874996 0.06555760833333335
2 0.610675914453125 0.5060769625 0.03414458671874998 0.043705072222222204
2 0.5908720546874999 0.5036489034722222 0.019120968749999977 0.03399283472222218
2 0.1169451890625 0.4647999493055555 0.051899771875 0.03884895416666667
2 0.17225941953124999 0.4696560694444445 0.06146025625 0.02913671388888888
2 0.234402567578125 0.46358592083333333 0.040973503906249986 0.02185253611111114
2 0.274010289453125 0.46965607013888894 0.03004723671874996 0.024280593055555577
7 0.41605177031250007 0.3798178673611111 0.019120968749999977 0.02428059583333335
7 0.41673466171874995 0.40774055277777776 0.01502361875 0.026708652777777786
6 0.43380695546875003 0.44051935486111105 0.00819470156250004 0.02428059583333327
6 0.5137052875 0.43809129652777773 0.009560484375000034 0.0242805930555555
7 0.440635871875 0.4368772659722222 0.005463134374999967 0.026708654166666672