5 0.642720098828125 0.36010737708333335 0.03339843671875 0.12187498472222222
0 0.64140173828125 0.3952636215277778 0.02197265312500001 0.060937493055555576
2 0.29862834296875 0.3054198833333333 0.05361327187500002 0.05312499166666665
2 0.43033440546875 0.31551334513888885 0.06152342968750002 0.054687493055555536
2 0.478234790234375 0.3045758444444444 0.016699216406250005 0.026562494444444418
4 0.672473046875 0.33660709305555553 0.020214842187500005 0.07499998888888888
7 0.287072705078125 0.23270085555555553 0.022851561718750003 0.02968749722222223
7 0.592932041796875 0.23270085555555553 0.019335935156249918 0.0203125
7 0.35035394804687503 0.22645085555555555 0.022851561718750003 0.02031249722222223
2 0.38243402109374997 0.32254459444444444 0.04658202656249997 0.06874999166666665
2 0.49493400546875 0.32254459305555555 0.051855459375000024 0.04374999444444442
7 0.40983392265624996 0.17187497777777774 0.013183592187500004 0.04062499722222221
7 0.52365226796875 0.20390622430555555 0.0123046875 0.029687495833333345
2 0.584818658984375 0.3312828958333333 0.08493009921874997 0.05861841944444441
9 0.5208712898437501 0.30730263333333335 0.03297286250000005 0.07460526388888888
7 0.5983075566406251 0.27177631666666663 0.019983552343749978 0.021315788888888874