2 0.36919581562500003 0.5384268034722223 0.13042370625000005 0.1144067597222222
2 0.47087482109375 0.5163081659722222 0.07465041093750005 0.08542371249999997
2 0.526648116015625 0.5140200298611111 0.047192788281250043 0.06254236250000002
2 0.5592540421875001 0.5102064729166668 0.04204448437500004 0.033559318055555565
2 0.8668652124999999 0.5567318840277778 0.08752117031250002 0.15101692083333337
2 0.817527296875 0.5300369756944444 0.07636651093749994 0.13118641527777772
2 0.7733376878906251 0.5231725680555556 0.04290253359375003 0.09305082777777779
2 0.747167142578125 0.5208844361111111 0.021451266406250013 0.06406778333333334
2 0.745022015234375 0.4941895236111111 0.05834744609375005 0.09610167499999997
2 0.6772360121093749 0.5002912194444444 0.06692795390624999 0.05338981944444438
7 0.88016499765625 0.3767319201388889 0.03346397656249991 0.06864405416666668
7 0.745880066015625 0.4339352993055556 0.012012710156249985 0.015254234722222215
4 0.6931099496093751 0.5094437590277778 0.018019064843749977 0.07474574861111109
2 0.9307899875000001 0.5880030652777778 0.13471395625000007 0.23796605555555553
7 0.5691216238281249 0.42859631527777775 0.01372881015624996 0.03203389166666671