2 0.37419534648437497 0.5401181444444444 0.040530586718750025 0.05709969444444438
2 0.32678220703125 0.5353598374999999 0.03747167343750002 0.033987913888888874
2 0.273633607421875 0.5387586291666666 0.06117824453125 0.07613292777777782
2 0.21704373242187497 0.5462359701388889 0.024471297656250002 0.03126887916666669
2 0.16671071601562498 0.5472054055555555 0.03900113046875 0.03670694722222218
2 0.12503303632812499 0.5404078236111111 0.04894259609375 0.05030211111111108
2 0.0810611734375 0.5404078208333334 0.04970732343749999 0.05574017777777777
2 0.032692123828125 0.5315709652777778 0.06538424765625 0.07613292777777782
2 0.45794783515625 0.5485649215277778 0.03900113125000004 0.06117824305555557
2 0.48509568085937504 0.5485649208333333 0.026000753906250028 0.06389727499999999
2 0.515684803125 0.5635196041666666 0.06117824375000005 0.104682775
2 0.571892314453125 0.58119331875 0.07417862109374998 0.09924470694444444
2 0.6445823703125001 0.5926217541666667 0.14767429375000002 0.16042295
2 0.8260102773437501 0.6340298006944445 0.2833186531250001 0.2619642597222222
7 0.466403455859375 0.4792561319444445 0.012235649218749955 0.025830813888888887
7 0.753176474609375 0.3963256236111112 0.026000753906250028 0.06933534444444445
7 0.75164701875 0.45750386666666665 0.029059665624999998 0.0448640444444444