6 0.196518908203125 0.3561180006944445 0.009493667968750018 0.02362868472222226
6 0.41787959687500004 0.26638526319444444 0.012341768749999992 0.032067498611111134
6 0.39322770078125 0.3156116868055555 0.007594932812499966 0.023628681944444414
7 0.415063134765625 0.2447256375 0.009493667968749975 0.013502102777777795
7 0.39322770078125 0.30126570138888886 0.007594932812499966 0.008438816666666642
6 0.52129726328125 0.25822774374999996 0.010443034374999983 0.030379734722222235
2 0.014694290625 0.5143954604166666 0.02938858125 0.03638625972222221
2 0.02231011796875 0.4953584479166666 0.012341767187500002 0.011814340277777783
2 0.039873402343749996 0.5021095006944445 0.02658226875 0.03206749861111109
2 0.06408225351562499 0.4919829229166666 0.025632900781250002 0.03544302083333335
2 0.07594933632812499 0.4860757534722222 0.007594933593749997 0.023628681944444452
2 0.111075905078125 0.47510529166666665 0.013291133593750004 0.02194091944444444
2 0.10063287031249998 0.4784808180555556 0.01329113437499999 0.02194091944444444
2 0.125316405859375 0.4776369368055556 0.017088600781249984 0.020253156944444427
2 0.20962017109374997 0.44810108333333337 0.026582267187499987 0.02194091944444444
2 0.216740420703125 0.45653989791666666 0.037025299218749974 0.038818548611111066
2 0.24427205585937503 0.44135003055555555 0.018037967968749992 0.02869197222222226
2 0.269904957421875 0.43628674513888893 0.012341767968749995 0.021940920833333325
2 0.30028469140625 0.42109687430555554 0.018037967187499993 0.05232065694444448
2 0.33721505 0.42109687777777777 0.011392399999999992 0.02194091944444444
2 0.36712010195312506 0.4075947701388889 0.03322783359375001 0.059071706944444455
2 0.57607573515625 0.32742602569444446 0.08924047187499999 0.13502104027777778
2 0.6532592640624999 0.39915595555555555 0.19651890781249995 0.22784800833333335
2 0.7359965363281249 0.31308004097222225 0.12721513671875 0.17383959027777782
2 0.82049017421875 0.32658214444444444 0.11012653750000005 0.19071722222222223
2 0.881486983984375 0.4227846388888889 0.15949360390624995 0.23797458611111108
3 0.3462340484375 0.4221095444444444 0.012341767187499996 0.04219407777777783
2 0.38613117890625 0.41675089236111107 0.008591757812499967 0.03265822361111116
3 0.32088594531250003 0.4702107909722222 0.036075934374999986 0.10801683194444449
5 0.3445251859375 0.4092825333333333 0.012341768749999992 0.04219407499999998
5 0.31984165078125 0.43037957222222223 0.0370253 0.1282699916666667
2 0.49166646406250003 0.5140469006944445 0.25253154375 0.38818549305555555
2 0.42318020859375 0.36497875416666664 0.06550630156250001 0.09113919999999998
7 0.289319502734375 0.33459901875 0.03322783359375001 0.09451472638888893