2 0.08285866679687501 0.6394739458333334 0.16571733359375002 0.2287549083333333
2 0.943126590234375 0.8006421777777777 0.11210290234375009 0.28767662777777775
2 0.288055718359375 0.6082800958333334 0.08285866640624998 0.1074454861111111
2 0.6726174140625 0.6212775333333334 0.12477540468750004 0.15077028055555555
2 0.340207938671875 0.6091465930555556 0.03119385078125001 0.06412069444444445
2 0.3714017890625 0.5978821451388889 0.04094192968749999 0.05198975138888894
2 0.39772160156249997 0.5961491541666667 0.027294620312499962 0.048523769444444455
2 0.409419294921875 0.5857512020833333 0.02339538828125005 0.045057781944444424
2 0.42306660546875 0.5866176993055556 0.013647310937500023 0.029460859722222288
2 0.4333020875 0.5883506902777778 0.01072288593750006 0.029460858333333326
2 0.4333020875000001 0.5822852208333333 0.022420579687500018 0.03465983333333335
2 0.45036122421874997 0.5840182104166667 0.015596925000000006 0.027727868055555563
2 0.60974230859375 0.6108795833333334 0.045815968750000026 0.10224651111111108
2 0.58488470703125 0.6065471055555556 0.027294620312500052 0.0831836027777778
2 0.5829350921875001 0.5926831708333333 0.05069000937499997 0.0831836027777778
2 0.55466566484375 0.5935496652777779 0.013647310937500023 0.05372274166666663
2 0.548816817578125 0.5883506902777778 0.011697692968749961 0.05372274166666663
2 0.5436997124999999 0.5857512034722223 0.015110795312499991 0.038125818055555524
2 0.532245083203125 0.5805522284722222 0.00974807890624998 0.027727868055555563
2 0.525421428515625 0.5770862451388888 0.00974807890624998 0.034659834722222234
2 0.46352113046875 0.57621975 0.010722887500000056 0.022528891666666735
2 0.47180699765625 0.5744867576388889 0.007798462500000003 0.019062906944444475
2 0.47765584375000003 0.5675547895833333 0.007798462500000003 0.008664956944444432
7 0.745240598828125 0.38905664236111115 0.02047096484374995 0.032926843055555585
4 0.511774118359375 0.57968573125 0.005848847656249934 0.032926840277777814
4 0.50397565625 0.5805522298611111 0.005848846874999936 0.031193851388888937