7 0.42209179726562507 0.33186791736111115 0.017546541406249984 0.03639282638888892
7 0.43915093476562495 0.34313236180555556 0.016571733593749992 0.027727868055555525
7 0.26904696484375 0.36046227847222223 0.03509308281250001 0.031193848611111127
7 0.29731639335937504 0.3647947583333334 0.021445772656249983 0.01906290833333336
2 0.289030526171875 0.40292057499999995 0.018521349218750018 0.025994874999999952
2 0.24321455703125 0.4193839965277778 0.016571732812499997 0.034659834722222234
2 0.26027369453125 0.4228499819444445 0.031193851562500007 0.048523769444444455
2 0.11795174921875 0.4427793854166667 0.10332963125000001 0.10571249583333334
2 0.3124259140625 0.42198348541666664 0.034118274999999976 0.04332479305555555
2 0.36945217421875 0.44277938749999995 0.06433731875 0.10224651111111108
2 0.33435909140625003 0.40985254513888886 0.017546542187500024 0.03639282638888888
2 0.044931795703125 0.4271824604166667 0.08950105078125 0.11611044583333331
2 0.360678903125 0.28507713819444447 0.05458923906250002 0.02946085694444444