9 0.06003270234375 0.35205325277777777 0.11850611406249997 0.12197120555555555
4 0.14150565625 0.35066721458333333 0.011694682812500013 0.04158109305555557
6 0.2077755234375 0.3028489590277778 0.010135390624999996 0.0180184736111111
2 0.8884060359375001 0.5495634430555556 0.222198965625 0.547484388888889
2 0.614360645703125 0.4352154368055556 0.16684413515625005 0.19958924583333335
2 0.5262607050781251 0.38046699930555555 0.10447249453124999 0.15107797083333338
2 0.47090587578125 0.3728437993055555 0.028067237499999998 0.09147840416666662
2 0.45219438398437506 0.3811600173611111 0.015592910156250018 0.04989730972222222
2 0.44829615585937505 0.3714577611111111 0.018711491406250058 0.047125238888888886
6 0.45453332031250004 0.31324423194444445 0.0062371640624999895 0.022176583333333333
2 0.33875596484375003 0.3472021236111111 0.016372554687499985 0.023562619444444464
2 0.298214400390625 0.34997419583333333 0.014813263281250011 0.026334691666666642
2 0.279600351171875 0.34918216874999997 0.023389364843749982 0.02910676527777775
2 0.3255994359375 0.3477961333333333 0.007796454687499965 0.020790544444444434
9 0.315464044140625 0.33878689444444443 0.017152200781249995 0.027720727777777773
2 0.431631221484375 0.3680916701388889 0.015592910156250018 0.030492801388888918
2 0.38524231484375004 0.3861101430555556 0.08809994062500004 0.14969193333333333