7 0.40917009296874995 0.2612365659722222 0.029326717187499973 0.04880852916666664
7 0.494186371875 0.21880642430555555 0.012479453125000007 0.01996712638888888
7 0.6417559132812499 0.18608252430555558 0.03931027968749996 0.10094491805555557
7 0.9163038976562501 0.12845517916666666 0.06801302343749996 0.11314705
7 0.9119360882812501 0.32590787361111107 0.031822606250000086 0.0399342527777778
7 0.9128720472656251 0.3697246215277778 0.028702742968749993 0.04104353472222222
7 0.9733973988281249 0.2171979618055556 0.027454799218750027 0.015529987499999997
7 0.9715254800781249 0.25546828680555556 0.02121507109374985 0.023294981944444456
7 0.9727734253906251 0.2859736173611111 0.023710961718749958 0.031059973611111107
7 0.30449867421875 0.31991774097222225 0.007487671875000013 0.033278543055555526
2 0.553619770703125 0.32890293958333333 0.06801302578125004 0.037715681944444454
2 0.440056741015625 0.3255750840277778 0.05802946015624997 0.03327854305555557
2 0.34770878203125 0.3172554472222222 0.04929384218749999 0.029950686111111107
2 0.27626390859375 0.3377772145833333 0.041182196875 0.0621199486111111
2 0.180952080859375 0.3884345618055556 0.17845618984375 0.22962194861111113
6 0.09827569921875001 0.24592843958333332 0.008111645312500004 0.023294981944444418
6 0.29950689140625003 0.17271564652777777 0.007487671875000013 0.021076409722222206
6 0.054285623828125004 0.2338742076388889 0.004991780468750007 0.009983562499999998
6 0.147569541796875 0.24986639791666668 0.006863699218749986 0.01442070138888888
6 0.06582911875 0.22768070208333338 0.005615754687500007 0.009983562499999998
6 0.139769882421875 0.17138450069444444 0.008735617968749998 0.032169259722222246