6 0.17291914687499998 0.28710410833333333 0.008264057812500013 0.03428053611111111
6 0.16235951796874998 0.2871041097222222 0.0128552 0.031015719444444458
7 0.528273609375 0.3181940298611111 0.06703068593750006 0.048972190277777765
6 0.489022309765625 0.40402058263888885 0.011018742968749962 0.031015720833333343
6 0.4486202515625 0.3942261458333333 0.007345828124999976 0.0212212833333333
6 0.44081530859375 0.4121826159722222 0.008264057812499993 0.014691656944444433
6 0.482135594921875 0.4309552895833333 0.01010051484375003 0.0195888763888889
2 0.4439635210937499 0.44156592638888886 0.021119259374999987 0.029383316666666718
2 0.46140986406250006 0.44564694027777785 0.015609885937500057 0.01795646944444442
2 0.47196949374999997 0.45380897152777777 0.02020102968750006 0.03428053194444445
2 0.55415095078125 0.4472793465277778 0.02479217187499998 0.031015720833333343
2 0.4219260343749999 0.4489117534722223 0.028465085937499968 0.07019347638888883
2 0.15410935976562498 0.43204355625 0.02295571484375001 0.022853690277777776
2 0.131612759765625 0.43122735347222224 0.01836457265625 0.024486095833333367
2 0.0256269296875 0.45212261944444443 0.051253859375 0.07998204444444441
1 0.1902914 0.41299881250000003 0.08723171562500001 0.08814994444444445
2 0.21186977070312502 0.4342200958333333 0.04040205703124997 0.0391777527777778
2 0.28540214804687497 0.4339464833333333 0.03672914296875 0.0391777527777778
2 0.332231805859375 0.43394648125000007 0.031219772656250023 0.04244256527777779
2 0.383652607421875 0.4584325777777778 0.06794891640624998 0.08162031666666662
9 0.38411172070312494 0.4078279791666667 0.039483828906249976 0.029383316666666638
2 0.50439966640625 0.4853672819444444 0.07621297187499998 0.11263603888888893
6 0.22313825039062501 0.3252738694444444 0.017193411718749996 0.048396269444444445