7 0.62875106015625 0.2660142291666666 0.04289154374999997 0.025994877777777762
7 0.9509250539062499 0.05025675972222222 0.09455636093750001 0.10051351944444444
7 0.6477598136718751 0.3006740659722222 0.026319811718750065 0.015596926388888911
7 0.38456169453125 0.4193839979166667 0.016571732812499997 0.027727868055555563
6 0.380175058984375 0.3786586923611111 0.011697694531250002 0.04332479305555555
6 0.636062119921875 0.3448653548611111 0.00877327109374999 0.038125818055555524
4 0.8724530222656248 0.4341144256944445 0.03314346640625008 0.1403723291666667
4 0.7808210843750001 0.42891545208333337 0.033143467187500074 0.10917847916666663
4 0.748652425390625 0.44017989930555557 0.01949615703125005 0.06931967083333335
2 0.5093370984375 0.6689348041666666 0.31291331875 0.4297819472222222
7 0.41039410312499996 0.48350469166666665 0.029244235937499984 0.048523772222222226
2 0.352880440625 0.5536908576388889 0.12087617187500004 0.1542362652777778
2 0.13598569375 0.5649553020833333 0.057513662499999986 0.05545573750000001
2 0.18131425859375 0.5432929062499999 0.04679077656249999 0.05718872361111112
2 0.21738214882812498 0.5328949548611112 0.025345003906249986 0.039858809722222256
2 0.259298887109375 0.5094995666666667 0.056538855468749996 0.07278565
2 0.3138881265625 0.4895701625 0.04679077656249997 0.04332479444444443
2 0.618028173828125 0.5181645256944445 0.13257386640624996 0.17676515694444445
2 0.532245083203125 0.4427793868055556 0.023395388281250006 0.02252889305555554
2 0.4703447859375 0.4523108409722222 0.034118274999999976 0.017329918055555598
2 0.498126808984375 0.4436458826388889 0.017546541406249984 0.013863931944444453
2 0.8934113917968751 0.3890566430555556 0.12185098203124997 0.11957643055555553