2 0.527369280078125 0.45979445694444443 0.01652811328124999 0.05550181666666671
2 0.49062623828124996 0.4684496166666667 0.06886714375 0.11916566666666668
2 0.584146419921875 0.4377569715277778 0.04682965859374999 0.06039903472222221
2 0.59378781953125 0.46469167499999997 0.056930171874999935 0.09467956944444443
2 0.69326258125 0.45870619305555554 0.036729145312499954 0.06203144166666669
2 0.740092240625 0.47911127083333327 0.11018743125000005 0.12896010277777784
2 0.825028386328125 0.51665661875 0.15518063046875002 0.13548973194444447
2 0.929522815234375 0.5688936208333334 0.13901977578125013 0.2073156055555556
2 0.64143366640625 0.4960814840277778 0.11018743125000005 0.15344619861111114
2 0.448605664453125 0.5115893506944444 0.12304263046875001 0.19099154583333333
7 0.5786676667968751 0.3811668895833334 0.007345828906249974 0.017956470833333307
2 0.5573498859375 0.44509677777777773 0.014586860937499946 0.028983044444444456
2 0.548340352734375 0.4382323722222222 0.01544491171875002 0.027457619444444484