2 0.607090753515625 0.5942675659722222 0.015023617968750003 0.029136715277777843
2 0.5804579765625 0.5869833875 0.010926268750000023 0.014568358333333404
2 0.55860544140625 0.5918395034722223 0.010926267187500028 0.0388489513888889
2 0.490316268359375 0.5979096555555555 0.01365783515625001 0.026708655555555558
2 0.472561082421875 0.59548159375 0.030047236718750002 0.04613313194444441
2 0.4459283046875 0.6003377125 0.034144587499999976 0.05098924722222225
2 0.426807334765625 0.6088359222222222 0.039607719531250044 0.043705072222222204
2 0.40495480078124996 0.6149060715277778 0.034144587499999976 0.06070148749999996
2 0.36766891171875005 0.6152095798611111 0.07703018906249999 0.07587686250000003
2 0.591384244140625 0.5940652270833333 0.021852535156249964 0.033992831944444406
2 0.5708974921875001 0.5928511986111111 0.016389401562499996 0.026708655555555558
7 0.19257546953125 0.35935280763888894 0.06555760624999998 0.0388489513888889
7 0.14477304804687502 0.3933456402777778 0.019120967968750003 0.05827342777777776
7 0.14682172421875 0.5050363791666667 0.017755185937500008 0.024280594444444463
7 0.46819057851562496 0.5572396583333333 0.010926267968750025 0.02185253333333337
6 0.24379235039062502 0.32900206249999997 0.015023617968750003 0.06555760555555554
6 0.229451623046875 0.3338581833333333 0.01912096796874998 0.07526984722222221
6 0.132480996484375 0.49168205069444443 0.016389400781249997 0.06555760694444437
6 0.46095192265625 0.5560256291666666 0.009560484374999945 0.01942447499999997
6 0.596027910546875 0.5268889145833333 0.008194700781250041 0.019424476388888855
6 0.5919305589843751 0.5281029444444444 0.008194700781249953 0.021852536111111064
6 0.761594990234375 0.23794983055555557 0.01912096796875007 0.08255402222222222
6 0.777984391015625 0.23725609375 0.021852535156250054 0.07145430972222226
6 0.746315297265625 0.24020444583333334 0.02236468359375001 0.0801259638888889
6 0.7662045296875 0.4787323986111111 0.01638940312499999 0.026708655555555558
9 0.53060688046875 0.5736290583333333 0.04780242187499999 0.09469431944444437
4 0.8015441765624999 0.5800027173611112 0.020145306249999974 0.0928732763888889
4 0.728304037890625 0.596695626388889 0.025949886718749936 0.09955044166666664
4 0.87239419453125 0.5736290597222222 0.05599712343750003 0.22338147499999997
4 0.92565975 0.5954815958333334 0.05053399062500006 0.16996416666666672
4 0.84302985 0.5809132368055556 0.016389401562499906 0.048561190277777735
4 0.29022898828125 0.6179411451388889 0.01502361875 0.07041372638888888
4 0.309349956640625 0.6130850270833333 0.012292050781250018 0.055845370833333324
9 0.60662118046875 0.5721584590277777 0.019282799999999954 0.031015720833333343
6 0.13091316015625 0.5501209722222222 0.02203748593749999 0.035912938888888926
4 0.003935265234375001 0.6364052916666667 0.007870530468750001 0.08814994166666668