2 0.149391138671875 0.45832080694444444 0.06552393046874998 0.07488449166666666
2 0.08620735273437499 0.46560124513888884 0.07956477109375 0.08112486527777776
2 0.20145926171875 0.4604009326388889 0.045632735937500016 0.06240374027777781
2 0.3471329984375 0.43439937361111114 0.037442245312499976 0.06448386944444442
2 0.4752556816406249 0.44896024444444443 0.043292596093750024 0.060323619444444414
9 0.46882029492187505 0.4115180013888889 0.025741544531249973 0.03536212222222224
9 0.5074326105468749 0.4198385 0.060843647656249986 0.09360561388888892
2 0.543119751171875 0.4375195590277777 0.024571474218750035 0.03328199583333339
2 0.55599052265625 0.47288168124999996 0.0269116140625 0.04576274305555551
2 0.2693233328125 0.46456117986111106 0.09945596406249999 0.10816648472222228
2 0.412071892578125 0.4510403694444444 0.09477568359375002 0.16016960555555554
9 0.6572015921875 0.4187984402777778 0.18253094531249997 0.2620957166666667
2 0.024382553515625 0.46144099513888887 0.04876510703125 0.12688760972222224