6 0.2327809046875 0.32400645902777775 0.0090472390625 0.03301335694444442
6 0.55784690234375 0.41648408263888886 0.013183584375000024 0.02109373472222226
6 0.449741508203125 0.34031225972222223 0.007910150781250014 0.023437486111111107
6 0.13531301328124998 0.29929666180555553 0.009228509374999994 0.03515622638888887
6 0.037095307421875 0.3848434770833333 0.01845701796875 0.02812497916666664
6 0.23946333242187498 0.3227341451388889 0.003955075781250006 0.03046872916666664
6 0.61717303359375 0.4000778423611111 0.013183584375000024 0.03046872916666664
6 0.630356618359375 0.40359346527777784 0.010546867968749929 0.028124980555555526
6 0.18672899375 0.41179658541666664 0.011865226562499998 0.02578123194444449
7 0.053574788671875 0.3485153770833333 0.017138660156250003 0.021093734722222222
7 0.053574788671875 0.24890607083333333 0.017138660156250003 0.042187469444444445
7 0.04698299609374999 0.17039050069444445 0.027685528124999997 0.03515622638888889
7 0.19379869374999997 0.3830354368055555 0.015820301562500007 0.014062490277777723
7 0.6130366878906249 0.3666291993055556 0.02373045234375004 0.014062490277777803
7 0.54975548125 0.4017854256944444 0.015820301562500028 0.014062490277777803
7 0.557006452734375 0.3830354368055555 0.014501942968750025 0.014062490277777723
4 0.6914790164062501 0.46155100833333335 0.022412095312499946 0.06328120833333337
4 0.61699176328125 0.46858225486111105 0.015820301562500028 0.053906212500000016
4 0.632812065234375 0.4720978770833333 0.010546867968750017 0.05156246527777779
4 0.65786087578125 0.4732697520833333 0.021093735937500035 0.07734369861111116
4 0.5286617453125 0.4650666319444445 0.01054686718750002 0.037499974999999984
4 0.642040573828125 0.47996616597222225 0.01845701953124994 0.09609368472222223
4 0.5978755648437499 0.46707555069444445 0.014501943750000024 0.07031245416666662
4 0.58007772578125 0.46590367708333325 0.01054686718750002 0.04453121805555556
4 0.5609615285156251 0.48230991666666667 0.01713866015625003 0.08203119444444443
4 0.533935180078125 0.4741067979166666 0.010546867968749929 0.046874968055555556
4 0.5161373410156249 0.4635599270833333 0.006591791406250014 0.03515622638888895
4 0.55568809453125 0.4808032305555555 0.01186522656250002 0.0843749444444445
4 0.54448204765625 0.4796313569444444 0.01054686718750002 0.04453121944444444
2 0.375072983984375 0.4638947569444445 0.011865225781249978 0.035156224999999985
2 0.3612302203125 0.4697541284722222 0.02109373593749999 0.04218747083333333
2 0.34145484296874995 0.4709260020833333 0.029003885937500008 0.04921871527777778
2 0.44428680429687495 0.4650666326388888 0.010546867968750017 0.02812497916666664
2 0.408031946484375 0.4627228819444445 0.022412094531250037 0.0515624638888889
2 0.27092266523437497 0.47209787777777784 0.022412094531249992 0.05624996111111113
2 0.251147287890625 0.4580353868055555 0.017138658593749988 0.02812497916666664
2 0.07778314921875 0.4863277909722222 0.1081053953125 0.08203119305555553
4 0.13447256367187502 0.45937468333333337 0.015820300781250008 0.04687496944444444
4 0.11206047031250002 0.4499996909722223 0.01845701875000001 0.0374999736111111
2 0.471972332421875 0.4664059298611111 0.047460905468749995 0.0937499375
2 0.392870823828125 0.46757780416666667 0.042187471093750026 0.07265619999999996
2 0.305199986328125 0.4710934263888889 0.06196284765625002 0.08906243888888889
2 0.19643541171875 0.49218716111111116 0.13447256406250002 0.1265624111111111
9 0.42055635195312496 0.4499996909722222 0.039550755468749976 0.0890624375
2 0.01854765390625 0.49382777777777775 0.0370953078125 0.09609368333333335
9 0.8366797179687501 0.5676558534722222 0.32563454218750004 0.4031247236111112