2 0.46297450039062493 0.5786214243055555 0.022784800781249982 0.038818551388888914
2 0.442563116796875 0.5904357638888889 0.01803796640624995 0.048945127777777805
2 0.42025299843749997 0.5963429361111111 0.03227846718749996 0.07088604722222223
2 0.4895567679687501 0.5718703715277778 0.01708860000000003 0.02531644583333335
2 0.5631326875 0.5963429340277778 0.04082276718750002 0.05738394305555556
2 0.0659809859375 0.6210967958333333 0.131961971875 0.3240505027777778
2 0.261550526171875 0.6272450791666666 0.13386070546875 0.12995775277777782
2 0.367404915234375 0.6044602784722222 0.07784807109374996 0.09451473472222216
2 0.51306489375 0.5968653451388889 0.043670868749999946 0.07594933749999998
2 0.611799030859375 0.6095235673611111 0.06645566953124993 0.10126578194444444
2 0.878533395703125 0.6611987416666666 0.23829104140625007 0.3763711555555555
7 0.564529041015625 0.54801665 0.01234176640625 0.02869197222222218
7 0.55079096171875 0.5475612888888889 0.009465898437500009 0.022437683333333305