2 0.03930276796875 0.5518580173611112 0.0687542109375 0.08574322916666664
2 0.83126670546875 0.567738370138889 0.1328750468749999 0.10141494583333331
2 0.137303174609375 0.5752700229166666 0.010261822656249997 0.019459154166666635
2 0.121910440234375 0.5737499041666666 0.020523646093749993 0.01641891666666666
2 0.10395225000000001 0.57101341875 0.021549826562500006 0.02554053749999999
2 0.0890726078125 0.5691890944444444 0.012314187500000007 0.025540536111111106
2 0.078297693359375 0.5664526083333333 0.01128800390625 0.031013508333333325
6 0.25172249609374997 0.4278039826388889 0.013340368749999998 0.07479728472222227
6 0.264549773828125 0.44338030069444445 0.014366552343749995 0.032698701388888904
6 0.23735594414062505 0.4451350604166666 0.013340369531249997 0.03648648194444451
2 0.5036502410156249 0.6440179493055556 0.54592896328125 0.5070989347222222
2 0.9383387867187499 0.5828715236111112 0.12231640625000004 0.10763511666666664
2 0.149814956640625 0.5756246041666666 0.011865225781249999 0.018749986111111068
7 0.25330609609375 0.37664035902777776 0.015820301562499983 0.03046872916666672
7 0.77142097421875 0.20320297847222224 0.015820301562500028 0.035156226388888906
6 0.77208015390625 0.26179668819444446 0.02768552812499996 0.08203119305555553