2 0.6268014449218751 0.4947691388888889 0.11112809453125001 0.12650839722222215
2 0.6799284734375 0.456643320138889 0.03411827656249997 0.05025675972222222
9 0.602431248828125 0.4211169895833333 0.06238770234375002 0.07278565416666664
1 0.5605145113281249 0.4306484430555555 0.01949615703124996 0.057188724999999926
2 0.476193632421875 0.45491032847222224 0.026319811718749975 0.04332479305555555
2 0.20519705156249998 0.5103660631944444 0.133548675 0.11611044583333331
9 0.06433731796875 0.45577682291666666 0.1286746359375 0.1767651541666666
9 0.166692141796875 0.46097579861111104 0.07603501171875 0.10744548888888887
2 0.300728219921875 0.4722402458333333 0.051664814843750004 0.06412069166666667
2 0.40210823710937504 0.4540438340277778 0.02437019609375004 0.027727868055555563
2 0.437201319140625 0.44451237777777775 0.01852134921875006 0.022528891666666655
2 0.45426045625 0.44364588194444443 0.015596925000000006 0.02079590000000001
2 0.49910161718749996 0.44104639444444443 0.01169769374999996 0.022528891666666735
2 0.532732487890625 0.4358474194444445 0.014622117968749926 0.01906290833333336