6 0.4813116210937499 0.40889906597222225 0.006237167187499981 0.01940452361111116
6 0.45142518945312504 0.4056649784722222 0.007796460156249995 0.024024648611111133
2 0.439470618359375 0.43430975069444444 0.012994100781249962 0.02402464583333336
2 0.425696872265625 0.4384678631944445 0.01975103203124995 0.04158112083333331
2 0.38619480859375 0.4259935243055556 0.04469970625000004 0.07577004027777774
2 0.41348241796875007 0.43800584861111114 0.020270796875000042 0.05913759166666668
2 0.36748330312500005 0.43292371249999995 0.037423007812500006 0.07669406666666663
2 0.353449675390625 0.4490941486111111 0.02598820078124997 0.07207394166666667
2 0.298874455078125 0.44401201041666666 0.11642713828125002 0.1524641097222222
2 0.17880896953124997 0.46295452222222216 0.20582654687500002 0.24763867499999997
2 0.07485616914062501 0.4666506215277778 0.14761297890625 0.3104723652777777
2 0.487018873046875 0.44445597569444445 0.01091504453124994 0.02772074583333332
2 0.49637462539062505 0.4476900645833333 0.012994100781249962 0.0286447736111111
2 0.5052106132812499 0.44907610069444454 0.01091504375000003 0.03511294583333332
2 0.5163855402343749 0.4523101902777777 0.015592919531249994 0.03603697222222221
2 0.528599993359375 0.45877836250000004 0.01923126796875003 0.050821369444444445
2 0.5449725609375 0.46709458611111104 0.03742300937500005 0.06930186666666671
2 0.582915332421875 0.47171470972222224 0.054055455468750055 0.11550311111111111
2 0.6606200511718751 0.49712539583333337 0.15021179765624995 0.20698157777777773