2 0.330657077734375 0.5942127638888889 0.017937997656250017 0.03401575833333336
2 0.31451288164062496 0.5963387479166666 0.02630906171874998 0.04251969861111115
2 0.287605888671875 0.5995277243055556 0.03228839765625002 0.048897651388888935
2 0.545913045703125 0.5772048854166667 0.01793799921875001 0.012755909722222233
2 0.26906995624999996 0.6069686736111112 0.03109252968749998 0.0425197027777778
2 0.23456451210937504 0.6134187104166666 0.05057575703124999 0.04691583472222223
2 0.13274117929687498 0.6271655284722223 0.09566931796874999 0.07440947083333332
2 0.35995580859375 0.5942127631944445 0.0430511921875 0.055275612500000036
2 0.52917091328125 0.5878348111111111 0.017937996875000018 0.03401576111111113
2 0.5512944441406249 0.5920867784722222 0.023917327343750027 0.03401575972222225
2 0.750229175 0.6723401013888889 0.19173574531249998 0.2710578611111111
2 0.49150111875 0.5814568555555556 0.014350398437500012 0.017007877777777795
1 0.46040859257812505 0.5644489791666667 0.021525596093750023 0.034015761111111056
1 0.4218665328125 0.5684796659722222 0.03642466406249998 0.04709299027777776
2 0.381481404296875 0.5825198458333334 0.01674212890625002 0.027637805555555575
6 0.0765871875 0.4081890909722222 0.0118552 0.05314962083333331
6 0.5163017015625 0.4637681694444445 0.00780042968750001 0.03674869722222217
6 0.188348969921875 0.47375713333333336 0.008371064843750008 0.03256474444444445
7 0.5566758449218749 0.45814973125 0.04663879453125004 0.021259848611111052
7 0.013154530859375 0.3826772756944444 0.02630906171875 0.02763780138888884
4 0.64013091953125 0.6059194944444444 0.01127394531250001 0.05742921944444446
2 0.032886327734375 0.6218505652777777 0.06577265546875 0.0722834861111111
4 0.00717519921875 0.6197245812500001 0.0143503984375 0.07228348194444444
7 0.10838278906249998 0.5357320166666667 0.02542694218749999 0.031857452777777774
4 0.8627675925781251 0.6464073520833333 0.02468420078125 0.11661121249999995
6 0.09011726406250001 0.4066245881944444 0.011569429687499999 0.04861497916666669
6 0.06908193671875 0.40755949166666666 0.011569429687499999 0.05048478611111117
6 0.5253811703125001 0.4640457416666667 0.006307096874999996 0.036193555555555514
6 0.5080031843749999 0.45903761319444447 0.008414129687499994 0.03739614027777781
2 0.442793665625 0.5740307430555556 0.010517662500000035 0.02056787777777779
2 0.47812346054687505 0.5702911319444444 0.009274660156250026 0.018698069444444423
4 0.6058174640625 0.5852495854166667 0.00841413124999999 0.03365652638888893
7 0.10848206640625 0.5628733576388889 0.0227055484375 0.026910279166666683
7 0.578991494140625 0.5202654138888889 0.007568516406249959 0.02691028055555557
7 0.7407685292968751 0.50624964375 0.01639845234374997 0.05157803750000001