2 0.315110815234375 0.3274016659722222 0.025113194531249983 0.0510236375
2 0.28760588671875 0.34015757291666665 0.037071860937500034 0.0680315152777778
2 0.23977122734375 0.35291348333333333 0.06098918906249997 0.09779530277777775
2 0.17160683906250002 0.34972450555555556 0.07294785468750002 0.07866143888888885
9 0.356966141796875 0.30614181875 0.04903052421875 0.11905515138888892
2 0.39762560234375 0.3274016645833333 0.022721462500000022 0.04251969861111111
2 0.423336730859375 0.33909458263888886 0.023917330468749932 0.04464568194444449
9 0.46459412460937505 0.32208670347222224 0.06577265703125006 0.11267719583333329
2 0.48133625546875003 0.35929143819444437 0.05142225781250005 0.06803151527777776
7 0.514820517578125 0.25405518680555556 0.017937997656250017 0.044645681944444446
2 0.822322628125 0.7015749986111112 0.35278060937500005 0.5612599972222222
6 0.97428950078125 0.21928014930555556 0.035875995312500034 0.07228348472222221
7 0.9491763046875 0.12679980902777777 0.05261812343750005 0.044645681944444446
7 0.09527069257812501 0.25547250694444446 0.026309061718750006 0.03188977499999998