2 0.06136942578125 0.5057401506944444 0.055060418750000006 0.040785495833333366
2 0.091767366796875 0.4945241402777778 0.024088933593749993 0.046903322222222245
2 0.16976962734375 0.5138972500000001 0.06997261562500001 0.08564954166666665
2 0.22287253398437498 0.4986026888888889 0.04999830234375 0.06729606944444444
2 0.461704560546875 0.5230739875 0.08259062890624999 0.10400301666666663
2 0.5741195839843749 0.5285828326388888 0.050472050781249944 0.08074966805555558
2 0.6274593656249999 0.5194022541666666 0.0355598546875 0.042011133333333346
2 0.676035410546875 0.5159365236111111 0.04728188359374998 0.06525679444444445
2 0.7519188554687499 0.56385948125 0.10553247187499996 0.12031721250000002
2 0.836230122265625 0.5373489090277778 0.06997261640625005 0.06729606805555556
6 0.5299565398437499 0.46801356527777777 0.017206381250000024 0.050981869444444466
6 0.5838698671875 0.47719030347222224 0.014912196875000028 0.036706945833333296
6 0.60194624453125 0.4761706673611111 0.012063821874999991 0.03874622083333329