2 0.5565597566406251 0.4531165645833333 0.00946589765625001 0.014958456944444422
2 0.547093858984375 0.4540514680555556 0.013672963281250006 0.016828263888888903
2 0.535524428125 0.4568561784722222 0.013672964062500004 0.02243768472222219
2 0.52448088046875 0.4559212756944444 0.010517664062499942 0.020567879166666674
2 0.5633962390625 0.4465722402777778 0.008414132812499985 0.02056787777777779
2 0.57338801953125 0.44937695069444444 0.01998356249999995 0.03365652638888893
7 0.587060983203125 0.3829988027777778 0.011569430468749965 0.02804710555555556
2 0.469087826953125 0.4596608902777778 0.016828263281249978 0.016828263888888903
2 0.45699251328125 0.4643354069444445 0.0178800296875 0.02617729722222219
2 0.39861947734375003 0.4662052138888889 0.02103532812500002 0.022437683333333305
5 0.42228422109375 0.47648915208333337 0.028397693749999942 0.08414131527777778
3 0.42070657109375 0.49986173819444446 0.01893179531250002 0.04487536527777781
2 0.045225956640624995 0.5194947125 0.08834838046875 0.08040169999999994
7 0.627904558203125 0.3867384166666667 0.014724730468750025 0.03926594722222221
4 0.81003546640625 0.4381581090277778 0.024190628125000037 0.07479227916666673
4 0.866304969140625 0.4465722402777778 0.03576005859374991 0.13649591111111115
4 0.8862885316406249 0.4185251354166667 0.012621197656249982 0.07292247361111114
4 0.898909730078125 0.39702235486111115 0.012621197656249982 0.033656526388888844
3 0.841062576171875 0.4671401166666666 0.03365652578124987 0.06918285833333336
4 0.7385153492187501 0.44002791597222224 0.022087095312499992 0.0635734375
2 0.717480020703125 0.4465722402777778 0.01577649609374996 0.07666208611111106
4 0.698022341796875 0.43722320416666666 0.023138861718750015 0.05422439999999998
4 0.6396493046875 0.46153069583333334 0.0178800296875 0.0841413138888889
4 0.66015875 0.47274953750000004 0.021035328125000065 0.0617036305555556
3 0.9488686339843749 0.46246560000000003 0.06415775234374994 0.09349034999999996
0 0.819501363671875 0.5260390375 0.06415775078124994 0.127146875
0 0.74482594765625 0.5007966430555555 0.038915357812500065 0.09162054166666667
7 0.9767404445312501 0.24619125555555554 0.044174190624999984 0.14584494444444446
6 0.9765651300781251 0.06731305138888888 0.04417418984375008 0.127146875