4 0.263766913671875 0.3751351958333334 0.020486752343750015 0.09955043888888887
4 0.31703246796875 0.3739211645833333 0.03141301875 0.08255402361111107
4 0.34639681289062496 0.36542295625000004 0.02185253515625001 0.07526984583333338
4 0.38941899296875004 0.3714931048611111 0.009560484374999989 0.04856119027777777
4 0.41127152851562504 0.3714931048611111 0.009560485156249942 0.04370507083333336
4 0.420149120703125 0.36420892708333336 0.010926267968750025 0.029136715277777805
4 0.797788251953125 0.39577369930555556 0.017755185156249985 0.06312954861111106
4 0.969876969140625 0.41641220416666663 0.015023617968750003 0.0801259638888889
7 0.1947948484375 0.16614862986111112 0.024584103125000013 0.048561190277777756
7 0.1934290640625 0.21349579166666668 0.024584103125000013 0.04613313333333334
7 0.523265772265625 0.2814814555555556 0.017755185156249985 0.012140297222222231
6 0.6154561578125 0.28512354791666666 0.005463134375000056 0.02428059583333331
6 0.5444354171875 0.2729832493055555 0.005463134374999967 0.02428059305555554
6 0.5061934796875001 0.27541130694444443 0.005463134375000056 0.024280594444444463
7 0.49185275390625005 0.32033040972222226 0.01502361875 0.012140297222222192
7 0.672136171484375 0.2547728027777778 0.015023617968750003 0.04613313055555553
7 0.93709816640625 0.3203304090277778 0.006828918749999957 0.05584536805555559
2 0.516436855859375 0.3664635388888889 0.01229205078124993 0.021852536111111102
2 0.5266802328125 0.3701056291666666 0.016389401562499996 0.033992833333333375
2 0.544435416796875 0.3761757784722222 0.03551037109374997 0.060701487500000005
2 0.50209612890625 0.37496174861111103 0.010926267187499939 0.033992833333333375
2 0.45770816640625006 0.37131965902777775 0.01775518437499999 0.05098924861111109
2 0.436538521484375 0.37374771805555557 0.03551037109374997 0.0558453666666667
2 0.48434094414062495 0.37738980625 0.03824193671874996 0.043705070833333276
2 0.57584843671875 0.39560025416666666 0.060094473437500004 0.07526984444444448
2 0.611358807421875 0.3883160743055555 0.021852535156250054 0.041277012499999995
2 0.631845559765625 0.38588801597222216 0.02731566953124993 0.041277012499999995
2 0.67281906328125 0.4028844326388889 0.06828917343749996 0.07526984583333338
2 0.73837667109375 0.39560025277777777 0.06555760781250006 0.08012596388888886
2 0.870174775 0.44537547569444447 0.1516019671874999 0.16510804583333333
2 0.94665865 0.4380912958333334 0.04507085468749992 0.10197849999999996
2 0.9869492624999999 0.4283790576388889 0.024584101562500037 0.048561190277777735
2 0.954853351171875 0.38710204444444446 0.08604435859374995 0.038848952777777786
6 0.667355930078125 0.3288286180555556 0.008194700781249953 0.024280597222222235
7 0.30064306640625 0.28026742569444446 0.02321831875 0.009712237499999984
7 0.29996017460937496 0.2948357833333333 0.02185253515625001 0.014568358333333324
6 0.43653852226562506 0.3106181708333333 0.008194700781249953 0.026708655555555558
6 0.44541611601562503 0.32397249930555555 0.0068289179687500475 0.019424476388888855
6 0.63799158515625 0.3348987666666667 0.006828917187499961 0.021852536111111102
9 0.48160937617187505 0.3397548847222222 0.024584102343750035 0.03156477222222224
2 0.49526721171875004 0.3555372715277778 0.019120968749999977 0.0388489513888889
2 0.2391828109375 0.35675130138888894 0.050533987499999974 0.1189749166666667
2 0.8114460871093752 0.38953010694444445 0.039607721093750034 0.053417308333333344
7 0.45497659921875 0.27541130833333327 0.012292049999999933 0.03399283333333333