6 0.17229761601562502 0.18071150208333334 0.02281127109375001 0.07683796249999998
6 0.5027608910156249 0.41335978263888884 0.016208008593750024 0.03415020694444443
6 0.661539340625 0.3226482979166667 0.016808303124999924 0.06189724861111113
6 0.636026734765625 0.29490125208333334 0.03301631171874995 0.10458500694444442
7 0.73027330234375 0.18604747152777779 0.054626989062500006 0.10031622916666667
7 0.751883977734375 0.21272732013888887 0.06423173359375003 0.08110674027777778
7 0.08705550078124999 0.45764833194444443 0.025212456250000004 0.03308301388888882
7 0.050737556640625 0.49179853888888897 0.017408602343749996 0.033083013888888894
2 0.13146495273437503 0.49837957152777773 0.027013344531249994 0.023478265277777726
2 0.175286605859375 0.5095851104166667 0.018609194531249984 0.022411073611111082
2 0.11585724335937501 0.5170554680555556 0.028213941406249998 0.026679850000000015
2 0.0238617890625 0.522391438888889 0.047723578125 0.09071148611111104
2 0.7029473128906251 0.5303953923611111 0.20590173359375008 0.11098817361111107
2 0.22962593984375 0.5216799694444444 0.091845378125 0.09284587499999995
7 0.664215247265625 0.46066320208333333 0.019194299218750023 0.05118480138888894
7 0.514259779296875 0.44999970138888884 0.014395725781249969 0.0383886
7 0.49026690390625005 0.4723930520833333 0.011996437499999946 0.05331749861111111
7 0.169909821875 0.12542956180555556 0.015077323437500012 0.030927840277777778
6 0.9347939683593751 0.18969075277777775 0.046391760156249975 0.1237113611111111