6 0.245395945703125 0.30632790694444445 0.010546867968750017 0.035156224999999985
6 0.4181009050781251 0.29226541666666667 0.010546867968750017 0.04453121944444444
7 0.47808621484374997 0.37429661180555557 0.011865224999999934 0.02578123194444449
4 0.4688577058593751 0.4235153263888889 0.011865225781250021 0.07265619999999996
2 0.40293978242187495 0.47507779236111114 0.12524405390625004 0.24609357916666666
9 0.15113331523437498 0.4000778430555556 0.22807601484375 0.31640603333333334
2 0.4840188281250001 0.44226531388888884 0.029003885937499963 0.05859371111111113
2 0.272422294921875 0.5653121048611112 0.34145484296874995 0.3890622319444445
9 0.023252543359375 0.41062471180555554 0.04614254609375 0.1406249041666667
2 0.02391172265625 0.5360152493055556 0.0474609046875 0.1570311430555556
1 0.6560646085937499 0.33679663680555555 0.3388181265625 0.5320308847222222