2 0.572162234765625 0.6526097701388889 0.013775516406249988 0.02448980694444442
2 0.579480478515625 0.65260976875 0.016358424218749956 0.03673470972222219
2 0.601865691796875 0.6617934458333333 0.02669006171874999 0.048979613888888926
2 0.6139192687499999 0.6579669152777777 0.04735333749999997 0.05357145277777783
2 0.6220984820312501 0.66561998125 0.05510206562500004 0.047449001388888946
2 0.6220984820312501 0.6663852861111111 0.05338012656249998 0.045918391666666655
2 0.663425030859375 0.6610281423611112 0.11364801015625003 0.07500003472222222
2 0.694419942578125 0.6924057041666667 0.11192606953125006 0.10714290277777781
2 0.8387280460937501 0.7069465291666667 0.3176978468750001 0.19132661666666673
2 0.8628352007812501 0.7758241090277778 0.269483540625 0.2831633902777778
2 0.9618467234375 0.8612541055555555 0.0714604906249999 0.27034983333333334
2 0.07203446171875 0.7666404340277778 0.14119904218749998 0.28622461805555555
2 0.5223216542968749 0.6426607868055555 0.015497455468749966 0.022959195833333407
2 0.496062076953125 0.6503138527777778 0.05079721796875001 0.06581635833333337
2 0.460762315625 0.6480179312500001 0.04735333750000006 0.07653064305555554
2 0.43148934296875 0.6526097722222223 0.09212376562500002 0.11020413333333332
2 0.35314109375 0.6288852701388888 0.18510850000000004 0.0903061652777778
2 0.372082428515625 0.67021181875 0.14550388984375004 0.10867351805555556
2 0.255421024609375 0.6572016090277778 0.29617360234374995 0.1622449708333333
2 0.23131387109374998 0.6816914152777778 0.22557408125 0.1897960027777777
2 0.15483106015625 0.6985281576388889 0.3096621203125 0.2846940041666667
2 0.542984928125 0.6602628347222221 0.041326548437499964 0.058163291666666735