2 0.22371840078125 0.5649553034722222 0.08870751406249999 0.13517335694444443
2 0.263198118359375 0.54329290625 0.07018616484375002 0.11611044583333338
2 0.48984094257812494 0.5536908569444444 0.05946327890625005 0.07798462777777779
2 0.47570622890625 0.5285624763888889 0.05848847031249997 0.09011556944444447
2 0.443537569921875 0.5337614513888889 0.027294619531249963 0.062387702777777714
2 0.421604393359375 0.5207640138888889 0.02047096484375004 0.022528891666666655
9 0.353855248046875 0.5233635013888889 0.11892655703125002 0.235686875
2 0.110640690625 0.6030811201388889 0.21738215000000002 0.2114249902777778
9 0.7389043472656249 0.6290759965277778 0.51859777421875 0.7001286569444445
6 0.46205891875000005 0.39772160069444445 0.007798462500000003 0.025994876388888914
6 0.45182343671874997 0.39858809652777777 0.008773270312499993 0.027727868055555563
6 0.490328346484375 0.46704127083333336 0.00974807890624998 0.012130944444444462
6 0.23151686367187502 0.4592428076388889 0.016571733593749992 0.020795901388888892
6 0.28171946757812505 0.47224024513888896 0.013647310156249981 0.019062909722222247
7 0.2251806125 0.4791722125 0.009748078124999981 0.012130941666666612
7 0.08480828242187499 0.3284019326388889 0.03509308203125 0.039858809722222215
2 0.49130315429687493 0.49823512152777777 0.08188385859374998 0.046790776388888844
6 0.420142181640625 0.4115855340277778 0.00974807890624998 0.025994873611111143