7 0.51274892734375 0.3587292875 0.021445773437499937 0.03812581944444445
7 0.45133603281249995 0.2989410736111111 0.01754654218749998 0.053722744444444435
7 0.450361224609375 0.38039168402777773 0.011697694531249959 0.05025675972222222
7 0.532245083984375 0.39078963333333333 0.015596925781249915 0.0259948777777778
7 0.548816816796875 0.3933891215277778 0.01364730859374994 0.02426188472222219
7 0.56733816640625 0.3951221118055555 0.015596925000000006 0.02426188472222219
7 0.58683432265625 0.39685510486111103 0.015596926562500002 0.02426188472222219
7 0.625339233203125 0.42371647638888893 0.00877327109374999 0.01906290833333336
2 0.5580774921874999 0.4913031548611111 0.104304440625 0.16116823194444438
2 0.7725352179687499 0.525096492361111 0.19008752968749992 0.20449302361111113
2 0.38797352265625 0.42198348541666664 0.025345004687499985 0.019062909722222247
2 0.43817612734375 0.42347766319444446 0.014622118750000013 0.022051265277777787
2 0.485454306640625 0.41505151875000007 0.007798461718750005 0.02252889305555554
2 0.33338428320312496 0.40465356875 0.015596925781250003 0.025994873611111143
7 0.91973120234375 0.30067406388888884 0.024370196875000083 0.029460858333333364
2 0.46799624531250006 0.42019865972222226 0.009052151562500032 0.021456952777777774