2 0.308282980859375 0.4081195520833333 0.01949615390624997 0.02426188472222219
2 0.2873246109375 0.40811955138888895 0.0321686578125 0.03465983333333335
2 0.28732461132812503 0.4159180145833334 0.028269427343749997 0.03639282638888888
2 0.281963170703125 0.4185175006944445 0.03119385234374996 0.051989751388888866
2 0.2600299921875 0.4211169888888889 0.03996712031250001 0.07105266111111111
2 0.257105568359375 0.43151493888888887 0.03021904296875002 0.06412069444444445
2 0.24297085546875002 0.4393134 0.03509308437500001 0.1109114694444444
2 0.184482384765625 0.4570514777777777 0.12867463515625 0.14475498333333334
2 0.044597459374999995 0.37779219722222224 0.0887075140625 0.0987805277777778
2 0.34288865898437504 0.40205407986111114 0.010722886718750014 0.019062909722222247
2 0.33460279257812503 0.40552006319444445 0.009748078906250023 0.012130943055555576
2 0.353948993359375 0.41339786319444444 0.031493763281249976 0.03481850694444443
2 0.371158087109375 0.4185175034722222 0.020470964843749995 0.034659834722222234
2 0.382368378515625 0.4271824604166667 0.03314346796875003 0.045057784722222195
2 0.413074825 0.43844690763888894 0.04191673750000002 0.05718872916666666
2 0.430133963671875 0.4523108395833333 0.05653885703124999 0.06758667916666662
2 0.54174946015625 0.41505151875000007 0.03411827656249997 0.038125818055555524
2 0.9540931796875001 0.5918166756944444 0.09163193750000005 0.1940950791666667