2 0.0341582125 0.4687773201388889 0.068316425 0.14276175138888886
2 0.133416822265625 0.5142195340277778 0.12708221484374999 0.13305949861111113
2 0.20202562421875 0.5113484361111111 0.04443979218750001 0.08454822222222218
2 0.228923395703125 0.4947159993055556 0.043660147656250016 0.07345992916666665
2 0.2546516953125 0.4974880715277778 0.014033617187500003 0.03187883750000001
2 0.299481312109375 0.4732324347222222 0.024169010156249993 0.02772072500000004
2 0.32209103125 0.4787765798611111 0.031965465625 0.033264876388888906
7 0.28583751562500004 0.4096727645833334 0.014033618749999999 0.033264876388888906
7 0.28583751523437495 0.4373934930555556 0.009355744531249988 0.019404511111111116
7 0.26595655625000003 0.4415516006944445 0.005457517187499983 0.0166324347222222
7 0.34041269960937504 0.31888737638888887 0.060812349218750006 0.08454821944444445
7 0.41252990703125 0.32928265 0.05379553906250005 0.08316218333333332
7 0.462037396875 0.3341337770833333 0.03586369375 0.07345992916666665
7 0.49595197460937507 0.41729596319444445 0.013253972656249946 0.026334693055555566
7 0.5411714125 0.4353144368055556 0.007016809374999955 0.0180184736111111
7 0.497121444140625 0.4415516027777778 0.006237164843749987 0.013860363888888906
7 0.278041059765625 0.5387721590277778 0.04521943828124999 0.08316218194444439
2 0.0792314609375 0.4420466118055556 0.02494865625 0.023562620833333308
2 0.775065083984375 0.46461920972222226 0.024169010156249993 0.02910676666666671
2 0.8023526757812501 0.46877731944444445 0.019491135937500025 0.02910676666666671
2 0.825352218359375 0.4660052472222222 0.020270783593749897 0.02910676111111109
2 0.850300873828125 0.46461921111111115 0.026507946093749978 0.026334688888888912
2 0.9325534726562499 0.4680843006944444 0.019491135937500025 0.027720729166666697
2 0.9894675929687502 0.46739128194444446 0.019491135937500025 0.03465091111111115