2 0.409494556640625 0.3300317652777778 0.027206282031250018 0.032718666666666646
2 0.387489476171875 0.3364332430555556 0.03280757578125 0.03698631944444442
2 0.346680052734375 0.35563767569444443 0.06801570546875002 0.07255008472222227
2 0.5059168222656251 0.3207851840277778 0.02160498828124995 0.028451015277777752
2 0.5267216253906251 0.3257641104166667 0.023205358593749992 0.038408868055555545
2 0.521920516796875 0.35279257569444444 0.023205358593749992 0.06401478194444445
2 0.5451258753906251 0.32220773333333336 0.02160498828124995 0.03414121666666665
2 0.5603293875 0.34212344375000003 0.044010162499999964 0.07112753472222223
2 0.570331696484375 0.3520813 0.056012933593749994 0.08819814444444442
2 0.595537516796875 0.36844063263888893 0.09522198828124999 0.1237619125
2 0.457505644140625 0.41822990833333334 0.15203510703124995 0.21765025833333332
2 0.093021480078125 0.4189411826388889 0.18564286796875 0.2048473013888889