2 0.15791887031250001 0.5892171868055556 0.189112721875 0.1871631069444444
2 0.70429866875 0.59008368125 0.12964944374999998 0.12997437916666665
2 0.439638339453125 0.5484918826388889 0.025345003906250073 0.0329268430555555
2 0.298291200390625 0.5710207736111111 0.09358155390624998 0.09531454444444441
2 0.35921669140625 0.5597563284722222 0.043866353125 0.07971761805555554
2 0.625826636328125 0.5762197479166666 0.07993424296875 0.09184855972222215
2 0.582447688671875 0.5614893180555556 0.04191673671874998 0.07278565277777777
2 0.55174124140625 0.5424264118055555 0.03314346874999998 0.05545573472222224
2 0.5244466203125 0.5424264104166666 0.03119385156249992 0.0415918013888889
2 0.7775189109375 0.5544372888888889 0.06163220156250002 0.05174962499999999
7 0.36116630625 0.47743922083333334 0.014622117187500016 0.012130941666666692
7 0.3699395765625 0.48697067499999996 0.010722885937500015 0.006931966666666669
7 0.62387702109375 0.4653082777777777 0.019496156249999962 0.012130944444444462
7 0.614128943359375 0.48350469305555555 0.017546539843749986 0.017329916666666632