2 0.013643795703125 0.3915552895833333 0.02572830078125 0.10395272916666663
2 0.23171064375 0.3444300520833333 0.168715290625 0.16493833194444443
2 0.330257834375 0.3077000888888889 0.03430440156249999 0.049897316666666684
2 0.38374151875 0.2979978326388889 0.03898227343749996 0.030492804166666686
2 0.446814833984375 0.2917606673611111 0.02572830078125001 0.037422987499999984
2 0.47846844726562504 0.29106765208333335 0.03352475546874993 0.030492806944444457
2 0.49912905195312496 0.27720728541666667 0.010915036718750049 0.01663243750000001
2 0.4889936609375001 0.27790030416666667 0.014033618749999999 0.015246402777777767
2 0.523687885546875 0.28898859375 0.028846885156250047 0.03742298194444445
2 0.542399376171875 0.2737421944444444 0.007016808593750046 0.009702255555555558
2 0.5447383128906249 0.27859331805555554 0.0054575179687499364 0.011088288888888877
2 0.54824671875 0.2806723763888889 0.006237165624999985 0.015246405555555537
2 0.567737855078125 0.2765142673611111 0.009355747656250024 0.0180184736111111
2 0.42475087734375006 0.29591877777777775 0.038982274999999955 0.051283350000000005
2 0.3612097703125 0.3090861229166667 0.045999084375 0.041581090277777795
2 0.612333586328125 0.27928633819444443 0.032745110156250055 0.04296712638888888
2 0.575300426171875 0.2792863388888889 0.016372555468749984 0.018018472222222214
2 0.556978756640625 0.2834444486111111 0.018711491406249968 0.023562619444444426
2 0.528911519140625 0.29314670416666666 0.031185819531250037 0.0374229861111111
6 0.5615786605468751 0.19958924374999998 0.003898227343750005 0.01663243472222224
6 0.6566954089843751 0.2342401541666667 0.005457516406250029 0.011088288888888916
6 0.442968948828125 0.1829082451388889 0.009470667968749957 0.029081645833333346