6 0.466990450390625 0.2453244888888889 0.005028972656250019 0.017880794444444428
7 0.54795692109375 0.26141720277777775 0.008046357812500026 0.021456955555555546
2 0.44486296640624995 0.29360263263888886 0.011063742187500036 0.03576158750000001
2 0.43581081484375 0.2989668701388889 0.01709850937499997 0.050066220833333355
2 0.423238381640625 0.30880130833333336 0.016092714843750057 0.051854302777777764
2 0.4041282828125 0.3141655458333333 0.02413907343749999 0.08761589166666661
2 0.364902292578125 0.3105893875 0.060347680468749984 0.11622516111111113
2 0.29399376875 0.32399998333333335 0.10359685156250001 0.15019867222222227
2 0.52934972109375 0.3034370701388889 0.029168045312500012 0.030397351388888872
2 0.56505543046875 0.31505958680555557 0.04224337656249997 0.0643708597222222
2 0.59874955078125 0.3222119027777778 0.06537665312500004 0.10370860555555556
2 0.6369697488281251 0.34098673819444447 0.07945777734375001 0.1162251625
2 0.67166966484375 0.3695960076388889 0.11466059218750005 0.15556290972222225
2 0.81348671328125 0.4044635555555555 0.24340230937500004 0.2717880694444444
2 0.9130603839843751 0.49565560555555555 0.16696191328125015 0.4041059444444444
0 0.26029964687499996 0.3821125631944444 0.06034767968749999 0.08761589027777773
0 0.21554178359375 0.3990993180555556 0.0693998296875 0.12516555833333334
0 0.17380130585937498 0.41876819236111107 0.08850993046875003 0.11801324027777779
0 0.076742119921875 0.4348609034722222 0.15187499453125 0.17523177916666666