2 0.6614997703125001 0.5737497993055556 0.02742186718750004 0.03749998750000003
7 0.45984359062499996 0.49781232430555555 0.03164061718750002 0.02437498749999997
7 0.46089827539062506 0.5212498166666666 0.021093744531250014 0.02249999166666667
6 0.511699038671875 0.44781234444444445 0.013710930468749983 0.03937498888888887
6 0.313945201953125 0.4168748555555556 0.023203116406250012 0.05624997777777775
6 0.63580056953125 0.4768748319444444 0.013710932812500066 0.018749991666666688
6 0.71068335703125 0.48999982777777784 0.011601560937500022 0.02249999166666667
6 0.50589826015625 0.5243748131944445 0.01476562187499999 0.018749990277777802
6 0.57339823671875 0.5349998131944445 0.008437496874999973 0.011249998611111147
7 0.56496073984375 0.5218748187500001 0.012656245312499958 0.01499999583333336
2 0.50642560390625 0.5743748 0.06644528750000003 0.07874997500000004
2 0.5871091691406249 0.5762498 0.05273435703125005 0.05249998333333331