6 0.5155547121093751 0.33652181875 0.009004449218749943 0.032015818055555555
6 0.5935932703125 0.3187352534722222 0.00700346249999999 0.032015818055555555
6 0.34146870078124997 0.34541510138888887 0.00900444843749999 0.02845850555555557
6 0.443519121875 0.38988151597222226 0.01100543750000007 0.01778656527777779
7 0.48153790625 0.3383004743055556 0.025012357812500063 0.01422925138888888
7 0.6131029078125 0.3098419694444444 0.00800395468750006 0.014229250000000034
7 0.425009976953125 0.3151779395833333 0.014006922656249986 0.017786565277777753
2 0.501547792578125 0.4218973333333333 0.031015324218749994 0.05335969722222226
2 0.47553494023437504 0.44590919791666667 0.05302619921874996 0.06936760694444438
2 0.34497043125 0.4556918104166666 0.10004943281250003 0.14584983750000002
2 0.65762490703125 0.44679852638888884 0.06503213125 0.09604745555555551
2 0.567580417578125 0.49926889583333334 0.14106969921874998 0.25079057777777786
2 0.8257079535156251 0.5019368805555556 0.27113396171875 0.2988143055555556
7 0.932760846875 0.12486168680555555 0.039019279687500054 0.11383402083333334