7 0.35745641601562494 0.31335915138888887 0.03427731953125002 0.03984372222222225
7 0.32054237812499997 0.3110154027777777 0.03427732031249997 0.03515622500000003
7 0.28099162421874996 0.30398415902777776 0.03427732031250001 0.0398437236111111
7 0.2500102 0.30749978055555555 0.019775376562499992 0.028124980555555564
2 0.23616743632812504 0.36960911319444445 0.018457019531249987 0.01640623750000003
2 0.28230998359375 0.3824997284722222 0.031640603125000014 0.0374999736111111
2 0.220347133984375 0.37078098819444444 0.018457019531250028 0.02343748472222226
2 0.195298323828125 0.36023412083333334 0.026367169531250022 0.03515622777777779
2 0.0390728453125 0.36609349166666666 0.05405269687499999 0.05156246388888894
2 0.342954472265625 0.42351532708333334 0.10546867734375001 0.16171864027777777
2 0.503794205859375 0.43523406805555553 0.11074211171875001 0.14765614722222226
2 0.12476614531250001 0.41999970416666665 0.16215809062500003 0.1921873666666667