6 0.45831083828125 0.45281218125 0.014501943750000024 0.02343748194444449
6 0.63563005234375 0.4317184458333333 0.013183584374999936 0.03281247777777775
6 0.4932473375 0.5196090111111111 0.01054686718750002 0.021093736111111146
7 0.45831083828125 0.4785934145833334 0.014501943750000024 0.009374995833333344
7 0.706821409375 0.49031215486111107 0.015820301562500028 0.014062490277777723
7 0.751645598046875 0.4821090368055555 0.015820302343750026 0.016406240277777723
6 0.766147540625 0.50789026875 0.026367168750000048 0.02109373472222226
7 0.70550305078125 0.4387496916666666 0.018457018750000033 0.023437483333333297
7 0.6244240050781251 0.5395308722222222 0.011865225781250021 0.018749986111111068
6 0.13069875898437502 0.5207808854166667 0.013183583593750003 0.01874998750000003
6 0.188047351953125 0.5219527590277778 0.011865225781249999 0.02578123194444441
6 0.14388234296875 0.5020308972222222 0.007910150000000015 0.018749988888888916
2 0.260557068359375 0.5688277263888889 0.01977537734374999 0.04921871666666667
2 0.23155318164062502 0.5770308472222223 0.03823239609375002 0.037499974999999984
2 0.202549294921875 0.5699996013888889 0.043505830468750006 0.037499974999999984
2 0.7707617953125 0.60164020625 0.07514643281249996 0.0914061875
4 0.83733889765625 0.5360152493055556 0.018457018750000033 0.03046872916666664
2 0.84458986953125 0.607499575 0.11997062031250003 0.12187491666666664
2 0.5972163859374999 0.5812496 0.010546868750000016 0.016406238888888917
2 0.605126537109375 0.5777339777777778 0.010546867968750017 0.018749986111111068
2 0.6130366878906249 0.5777339784722222 0.010546867968750017 0.02343748194444441
2 0.6308345273437499 0.5777339777777778 0.03032224531249996 0.03281247777777775
2 0.559824440625 0.5732808555555556 0.06723628281249994 0.09374993611111111
2 0.513681894140625 0.5615621138888889 0.014501942968750025 0.023437483333333377
2 0.010068958984375001 0.5639058625 0.01977537734375 0.0515624638888889
2 0.9283056328124999 0.6342183138888889 0.14238271562500007 0.14999989722222223
2 0.9843358667968751 0.6646870458333334 0.030322244531250143 0.1171874194444445