2 0.5737962542968751 0.5596325312499999 0.007798463281250001 0.00866495416666666
2 0.5840317359375 0.5578995416666667 0.008773270312499993 0.012130941666666612
2 0.595729430078125 0.5570330465277777 0.010722886718749968 0.013863934722222224
9 0.6400831871093751 0.561365525 0.03119385078125001 0.08838257777777775
9 0.69418502265625 0.5561665493055555 0.07895943593750002 0.13344036250000002
2 0.5231062460937499 0.6020908305555556 0.09943040156250005 0.14210532222222222
6 0.5811073125 0.5093757729166667 0.006823654687499925 0.015596926388888871
7 0.624973665234375 0.4894463680555556 0.0068236554687500115 0.013863933333333339
7 0.6639659792968751 0.4279251618055555 0.02047096484375004 0.02946085972222221
7 0.663478575390625 0.4495875583333333 0.00974807890624998 0.013863933333333339
7 0.595729430078125 0.506776286111111 0.010722886718749968 0.010397952777777735
7 0.603527892578125 0.5076427819444445 0.00877327109374999 0.012130944444444383
2 0.5672406859375 0.5517845694444444 0.006823656250000009 0.013863933333333339