7 0.72780844609375 0.3773153090277778 0.025582879687499994 0.03327854305555549
7 0.458876216015625 0.5292873243055556 0.009359589843750005 0.017748556944444497
6 0.37581874453125 0.5087180090277778 0.006863700000000028 0.013311418055555574
6 0.41793690156249996 0.5120458645833333 0.008735618750000018 0.013311418055555496
2 0.433293325 0.5540877486111111 0.010607535937499968 0.016639269444444455
2 0.384623453515625 0.5490959680555556 0.006863699218749986 0.013311416666666688
2 0.39148715351562496 0.5557516763888889 0.014351371093749999 0.024404266666666688
2 0.3781608765625 0.5551970694444445 0.011231507812499996 0.02107641111111115
2 0.363185532421875 0.5585249229166667 0.01622328984374999 0.023294979166666646
2 0.4121673890625 0.5513145715277777 0.033070553125 0.05102710138888887
2 0.67058123125 0.6322923611111111 0.20154317968749993 0.22629409722222218
2 0.44243007578124993 0.5592380131944444 0.01372739843750006 0.028841404166666647
2 0.44960576171875 0.5597926555555556 0.015599317187500007 0.029950688888888917
2 0.46052528476562504 0.5620112236111111 0.02246301796874999 0.04104353611111106
2 0.47799651953125 0.5575740847222223 0.018719181250000005 0.04991781388888883
2 0.507635222265625 0.5670030055555556 0.056781514843750006 0.07986850277777775
2 0.586255781640625 0.574767998611111 0.11543494765624995 0.16639271944444442
2 0.8109305093750001 0.5548008736111112 0.18719180781249997 0.1131470472222222
2 0.3503495265625 0.5570194444444444 0.011231507812499996 0.02884140555555561
2 0.341613909375 0.5553555145833333 0.016223290624999987 0.03438782916666665
2 0.328822469140625 0.5548008722222223 0.018095208593750023 0.033278544444444454
2 0.303551575 0.5509183756944445 0.03494247187499999 0.05213638472222218
2 0.2969998609375 0.5525823041666666 0.02183904375000001 0.04215282222222222
2 0.27484883125000004 0.5520276625 0.03743836093750001 0.05879209444444445
2 0.25238581367187496 0.5536915902777777 0.029950688281250006 0.062119949999999986
2 0.218067315625 0.5525823048611112 0.05615754218749998 0.08208707638888894
2 0.15816593828125 0.5581287263888889 0.08111645 0.0998356305555556
2 0.08262066484375 0.5780958541666666 0.11793083906249999 0.1198027555555555
2 0.02296998984375 0.5835630451388889 0.0459399796875 0.13422345694444446