6 0.6482349609375 0.23656235625000002 0.019120968749999977 0.0631295486111111
6 0.631845559765625 0.23777638472222226 0.01638940234374999 0.06070148888888889
6 0.573116870703125 0.4647999506944444 0.010926267968750025 0.01456835694444444
6 0.6134074828125 0.45508771249999996 0.012292051562500017 0.01942447777777774
6 0.732913536328125 0.4356632368055555 0.019120969531250066 0.029136715277777763
6 0.11284783945312502 0.4344492048611111 0.019120969531249997 0.03156477361111109
7 0.129920132421875 0.40409846111111114 0.03687615390624999 0.01942447500000005
7 0.686476898828125 0.2972638458333333 0.06828917421874996 0.024280597222222235
7 0.6379915855468751 0.4623718895833333 0.023218317968750048 0.01456835694444444
7 0.65506387890625 0.45508771249999996 0.010926268749999935 0.01942447777777774
7 0.692622923046875 0.4660139805555556 0.015023617968750003 0.016996416666666646
7 0.6939887078125 0.48179636736111114 0.012292051562500017 0.01456835694444444
7 0.725401727734375 0.4660139805555556 0.020486750781249972 0.016996416666666646
7 0.618187725 0.50486293125 0.013657835937500007 0.012140295833333346
7 0.6058956738281249 0.50486293125 0.01092626640624994 0.012140295833333346
2 0.685111114453125 0.5157892 0.01638940234375008 0.024280594444444463
2 0.71584124453125 0.5097190493055556 0.05326555625000005 0.06070148750000005
2 0.619553508984375 0.5182172604166666 0.010926267968750025 0.01456835694444444
2 0.6270653171875 0.5194312895833333 0.012292051562500017 0.016996415277777763
2 0.59770097265625 0.5194312881944444 0.010926267187500028 0.021852534722222258
2 0.579262895703125 0.5255014388888889 0.02048675234375006 0.02913671388888888