2 0.29069804257812504 0.2670199020833333 0.030322244531250007 0.035156226388888906
2 0.544482046875 0.3209261145833333 0.07646479062500004 0.12890615972222225
2 0.24653303359374998 0.33381673055555555 0.08964837656250002 0.13593740555555553
2 0.111401290625 0.37215376875 0.22280258125 0.4148434652777777
1 0.16347645 0.18030121041666666 0.23730452343750003 0.2179685986111111
2 0.88497808515625 0.44902093541666666 0.22675765624999994 0.5624996125
2 0.39718545234375 0.4865209090277778 0.3796872390625 0.4828121680555556
6 0.353320069921875 0.14999989652777776 0.007910150781250014 0.03749997361111112
6 0.42055635078125003 0.1687498840277778 0.007910150000000015 0.032812476388888887
6 0.36610814296875 0.15351551944444444 0.006591792187500012 0.030468727777777774
6 0.360175529296875 0.15117177083333333 0.007910150781250014 0.030468727777777774
6 0.382587623046875 0.19570299097222224 0.013183583593750025 0.011718743055555534
6 0.4274777332031251 0.1669920722222222 0.00659179296875001 0.028124980555555564
6 0.622924376953125 0.09316399861111112 0.013183583593750025 0.039843722222222225
6 0.7105952144531249 0.1833983125 0.01713866015625003 0.03281247777777777
7 0.46934088945312497 0.17416244930555555 0.03428786953124998 0.011674848611111106
7 0.67368117734375 0.1835154972222222 0.03427732031249997 0.0539062138888889
7 0.431103219140625 0.20226548402777778 0.007910150781249925 0.021093734722222222
7 0.6380729859375001 0.0869962625 0.018171451562499996 0.01870278055555556
7 0.52091494296875 0.21083134305555554 0.01338949062500001 0.007934519444444435
6 0.5218713351562501 0.22755048888888885 0.005738353125000017 0.015302275000000008