7 0.05961523789062499 0.4450039611111111 0.05822344765625 0.026571030555555493
7 0.748349701171875 0.4692184208333333 0.02768552734375005 0.028124980555555606
7 0.756259851953125 0.4270309493055556 0.032958961718750054 0.0374999736111111
7 0.7615332859375 0.3989059694444445 0.043505829687500074 0.028124983333333298
7 0.7470313421875 0.3754684833333333 0.019775376562500037 0.028124980555555606
7 0.782627021484375 0.3473435034722222 0.038232396093749975 0.02812497916666664
2 0.26780803984375 0.6321089340277778 0.018457018749999988 0.04453121805555556
2 0.256601992578125 0.63445268125 0.01977537734374999 0.07265619861111108
2 0.230894001953125 0.6239058145833334 0.05800777109374997 0.0796874458333334
2 0.29615274609375 0.6274214375 0.009228507812500019 0.025781233333333296
2 0.30274453984375 0.6274214375 0.009228509375000016 0.021093733333333295
2 0.327134170703125 0.6297651833333333 0.007910150781250014 0.021093736111111146
2 0.33240760351562504 0.6297651833333333 0.007910150781249969 0.021093736111111146
2 0.33899939609374996 0.6274214375 0.013183584374999979 0.025781233333333296
2 0.346250368359375 0.6285933097222222 0.01713866015625003 0.042187469444444445
2 0.35218298125 0.6367964305555556 0.018457018750000033 0.04453121944444444
2 0.3640482078125 0.6344526812500001 0.015820301562499983 0.06328120694444447
2 0.371958358203125 0.6403120534722222 0.018457019531250028 0.07968744583333331
2 0.40096224453125 0.6379683034722222 0.05800777187499997 0.11249992083333338
2 0.283628341015625 0.6309370604166668 0.01845701796874999 0.03281247916666664
2 0.426670234765625 0.6496870465277778 0.08041986640625001 0.09843743194444446
2 0.1452007015625 0.6590620416666667 0.131835846875 0.1453124
2 0.315268944140625 0.6262495625 0.010546867968749974 0.023437483333333297
2 0.9019384628906251 0.6637495368055556 0.1951170539062499 0.19218736805555559