7 0.416051770703125 0.23049220763888886 0.01638940234374999 0.03642089305555554
7 0.417417554296875 0.25841489166666665 0.010926267968750025 0.01942447500000001
7 0.3955650171875 0.2450605645833333 0.013657834375000056 0.02670865416666663
7 0.307471984375 0.2572008631944444 0.012292051562500017 0.021852534722222216
7 0.36005464726562497 0.2705551909722222 0.008194700781249998 0.019424476388888893
7 0.0636796328125 0.1940713138888889 0.024584103125 0.02185253611111114
2 0.357323080859375 0.29119369375 0.01638940234374999 0.03156477361111109
2 0.360054646875 0.29604981458333335 0.010926267187499982 0.036420893055555584
2 0.36415199921874997 0.3009059333333333 0.013657835937500007 0.04613313055555557
2 0.377126940234375 0.30333399305555553 0.03414458671874998 0.05098925000000002
2 0.38737031796875004 0.3118322 0.03004723593750005 0.04856118888888889
2 0.40034526093749995 0.31668831875000003 0.028681453124999968 0.05341730972222223
2 0.43175828046875003 0.31668832013888887 0.055997121874999944 0.07769790416666669
2 0.464537083984375 0.32761458819444444 0.036876153906250056 0.09955044027777779
2 0.513705288671875 0.3348987652777778 0.09970219453124995 0.11897491666666665
2 0.6543809859375 0.3846739861111111 0.22535427343749995 0.23794983333333333
2 0.775935715625 0.2972638444444444 0.0751180906250001 0.053417308333333344
2 0.1722594203125 0.30697608333333337 0.012292051562499995 0.01942447500000001
2 0.180454120703125 0.3106181722222222 0.009560483593750013 0.02185253611111114
2 0.160650260546875 0.3130462319444444 0.019120969531249997 0.03156477222222224
2 0.149041099609375 0.3142602611111111 0.020486750781249997 0.02913671388888892
2 0.127188565234375 0.31790234930555555 0.025949886718750002 0.03642089027777781
2 0.11626229765625 0.3203304090277778 0.025949885937499983 0.03642089305555554
2 0.087580844140625 0.3227584694444445 0.04233928828125 0.04613313055555557
2 0.0168161984375 0.33489876597222223 0.033632396875 0.060701487500000005
4 0.187965930859375 0.30211996319444445 0.005463133593749991 0.029136715277777763
4 0.585408921484375 0.28633757638888885 0.01638940234374999 0.05584536944444447
4 0.6011154304687499 0.27055518819444446 0.009560484375000034 0.03399283472222222
2 0.33820211171875003 0.286337575 0.016389401562499996 0.021852536111111102
2 0.323861386328125 0.28876563611111106 0.012292050781250018 0.021852536111111102
2 0.8373959718749999 0.5060769618055555 0.32095911718750003 0.5584536874999999