2 0.38886980585937503 0.3882406652777778 0.021119257031249995 0.031015719444444458
2 0.36591409218750004 0.39395408749999994 0.021119257812499993 0.032648127777777744
2 0.34433571953125003 0.39803510486111104 0.0257104 0.05060459861111113
2 0.322757346875 0.40456472986111114 0.041320284375000016 0.06366384861111117
2 0.299342517578125 0.4168077791666666 0.049584344531250005 0.07509069722222227
7 0.6497997804687501 0.34906290208333335 0.06243954374999996 0.057134223611111146
2 0.4806926640625 0.36946799166666666 0.02662862812500002 0.0391777527777778
2 0.4337099765625 0.38524790625 0.0514208 0.08814994583333338
2 0.227108547265625 0.4369407819444444 0.10835097578125 0.133857325
2 0.072080944140625 0.5109431944444445 0.14416188828125 0.22200726388888892
7 0.491405351953125 0.3360036513888889 0.008264060156250076 0.017956474999999965
7 0.368209663671875 0.35069530694444445 0.014691657031249994 0.014691658333333359