7 0.6784767015625001 0.5711714763888889 0.022412093749999952 0.025781233333333296
7 0.6501319960937499 0.5723433506944444 0.02373045312500004 0.028124981944444412
2 0.06609919375 0.6262495638888889 0.0975585265625 0.06093745833333336
2 0.292197672265625 0.6180464416666667 0.04877926328125 0.030468724999999985
2 0.361411490625 0.6297651861111111 0.06591792343749998 0.04921871666666667
2 0.39173373515625 0.6192183173611111 0.023730451562499998 0.018749987499999954
2 0.461606734375 0.6274214368055556 0.03955075468749998 0.04921871527777778
2 0.5664162328125 0.6168745694444444 0.01186522656250002 0.037499974999999984
2 0.583554893359375 0.6192183180555555 0.009228510156249925 0.028124980555555526
2 0.6105812421875 0.6227339395833333 0.01054686718750002 0.02109373472222218
9 0.427329413671875 0.6051558284722223 0.036914036718749973 0.0374999736111111
9 0.698911258203125 0.6367964305555556 0.04218746953124999 0.06328120555555551
9 0.51961450703125 0.6121870722222222 0.09492180937499999 0.16406238611111107
2 0.327793349609375 0.6637495375 0.12260733671874999 0.10781242777777772
2 0.6402443066406249 0.6860151458333333 0.08833001640624998 0.12890616111111117
2 0.594760939453125 0.6250776895833334 0.02373045234375004 0.0398437236111111
2 0.045574002343749996 0.7528119756944446 0.09114800468749999 0.1828123736111111
2 0.923032198828125 0.7539838493055555 0.15292958359375 0.22734359305555563
7 0.36668492421875 0.5301558784722222 0.052734337500000006 0.04218747083333333