2 0.06006969296875 0.5418724958333333 0.1201393859375 0.5179510583333334
2 0.9111068187499999 0.44722681875 0.17551052500000014 0.14560873194444449
1 0.8455828898437501 0.39730382500000005 0.3065583828125001 0.19969197499999997
2 0.12364959726562501 0.494029625 0.05148308671875 0.09776586111111109
2 0.3161261390625 0.4784286902777778 0.029251754687499965 0.06656399166666663
2 0.29623494609375 0.4794687541666666 0.022231332812500025 0.03120187222222223
1 0.42669776953125 0.4222653222222222 0.09126547343749998 0.19553172500000002
2 0.37638475312499997 0.49610975069444446 0.12168729843749997 0.14352860694444444
2 0.250017175 0.4690681291666667 0.014040842187500013 0.0228813722222222
2 0.26639815703125 0.4617876930555555 0.014040842187499968 0.016640999999999986
6 0.191513666015625 0.31825908611111114 0.018721122656250012 0.07072423888888892
6 0.534344225390625 0.3016180868055556 0.009360561718750039 0.062403740277777765
6 0.61800424296875 0.3640218298611111 0.01287077187500003 0.029121745833333337
6 0.515623101953125 0.3057783361111111 0.014040841406249971 0.07072423888888887