2 0.15450704453125003 0.5710207770833334 0.23297907499999998 0.22355594027777773
2 0.35336784414062505 0.5155650381944444 0.08480828203124999 0.10224651250000005
2 0.5497916257812501 0.4739732347222222 0.019496157812500046 0.02599487222222218
7 0.4800928640625 0.03292684513888889 0.018521348437499974 0.03465984027777778
7 0.137935310546875 0.24175234513888888 0.024370196093749998 0.04332479305555555
6 0.47814324804687497 0.09791403263888888 0.024370196093749998 0.09878052916666667
6 0.1384227140625 0.3266689423611111 0.031193851562500007 0.10571249861111108
6 0.44402497343749997 0.3310014208333334 0.012672503124999946 0.03812581944444445
6 0.22323099804687502 0.3370668909722222 0.009748080468749976 0.04332479305555551
6 0.6389865441406251 0.3708602298611111 0.010722888281250054 0.0415918013888889
6 0.160355890625 0.35699629513888886 0.012672501562499994 0.0554557347222222
6 0.083833475 0.4427793895833333 0.007798462500000003 0.025994881944444458
6 0.01657173203125 0.12044292361111111 0.021445770312499998 0.1057124888888889
2 0.40405785234375 0.5025676006944445 0.04971520000000003 0.0693196680555555
2 0.4181925671875 0.48437118749999997 0.0311938546875 0.04679077777777773
2 0.5156733492187501 0.4731067444444444 0.013647307812499943 0.03465983888888889
2 0.525421430078125 0.4783057152777778 0.011697696093749954 0.020795897222222238
2 0.614616346875 0.5112325555555556 0.09260674531250004 0.09358154722222223
2 0.4722944015625 0.4783057159722222 0.08480828281249994 0.1871631069444444
7 0.44353756914062503 0.3054397916666667 0.007798460156250009 0.017329916666666674
7 0.13159906015625 0.4185175020833333 0.027294621875 0.03639282638888888
7 0.129162039453125 0.4523108402777778 0.026319811718749996 0.024261883333333303
7 0.39430977578125 0.3522305673611111 0.016571737499999982 0.027727865277777753
7 0.22274359414062497 0.3071727833333333 0.01072288828125001 0.013863933333333339
7 0.6389865441406251 0.43519754861111104 0.010722888281250054 0.017763163888888853
0 0.7086853046874999 0.5185977736111111 0.045815968749999936 0.0866495861111111
2 0.561391838671875 0.46530827986111106 0.00877327109374999 0.019062909722222247
2 0.5721147234374999 0.46790776805555556 0.014622115624999932 0.02079590555555555
4 0.27733283281250004 0.48610417916666665 0.008773273437500029 0.036392825
7 0.7570347249999999 0.40952852430555553 0.015444912500000019 0.012203387500000041
4 0.680239188671875 0.4903759659722223 0.012870760156249971 0.06406778472222222
2 0.18739826992187503 0.4492372027777778 0.06177964921875001 0.022881352777777725
2 0.313531721484375 0.44771177916666666 0.029173725781249972 0.01983050555555555