7 0.36713100703125 0.3311221375 0.0430511921875 0.04251969722222222
7 0.312121148828125 0.33005914722222224 0.04305119296875 0.05102363611111112
7 0.255915424609375 0.33005914583333334 0.04544292578125 0.04677166666666667
7 0.42423363125 0.4544292604166666 0.013154531250000013 0.02338583194444439
7 0.4086873671875 0.45017729097222214 0.010762798437500009 0.03614174027777774
2 0.31271908281250005 0.5065158881944445 0.013154531249999967 0.012755909722222233
2 0.376100005859375 0.5022639180555556 0.010762797656250012 0.017007877777777795
2 0.36354340820312503 0.5118308506944445 0.02630906171874998 0.040393715277777804
2 0.233791894921875 0.5022639194444445 0.015546263281250017 0.012755908333333347
2 0.26309062382812504 0.49375997916666664 0.009566930468749967 0.012755908333333347
2 0.25172989296875004 0.4948229722222222 0.013154531250000013 0.014881894444444457