2 0.9070306269531251 0.5432808833333334 0.18457018515625007 0.2484373305555555
2 0.36518529570312497 0.4589059416666667 0.06855463984374999 0.04218747499999998
2 0.312450956640625 0.4589059430555556 0.05273433828125 0.03281247777777775
2 0.429125682421875 0.4717965527777778 0.02768552734374996 0.035156224999999985
2 0.4535153125 0.47343717361111115 0.015820301562500028 0.02343748611111107
2 0.67352949765625 0.40748263125 0.31017006093750005 0.6919184708333334
9 0.237304523828125 0.42773408125 0.07910150859375001 0.07265619861111117
9 0.286742966796875 0.42890595625000005 0.07778314921875 0.0890624375
7 0.415942096875 0.41054656944444445 0.014501943750000024 0.021093736111111146
7 0.4673580765625 0.2984372805555556 0.01186522656250002 0.028124980555555526
7 0.46472136015625 0.32656226527777776 0.014501943750000024 0.009374994444444458
2 0.017797839453125 0.39468722777777776 0.03559567890625 0.1331249083333333
2 0.9681860890625 0.24962286597222222 0.05731137187500011 0.07641516249999998
9 0.47998274218750003 0.44320794513888884 0.025790117187499996 0.04075475416666663
7 0.46780407578125 0.38971733124999997 0.018626195312499937 0.0458490986111111
2 0.51293678125 0.4584909777777778 0.008596706249999997 0.020377377777777796