6 0.42926847734375 0.5222307340277778 0.010970096875000035 0.026003190277777814
6 0.30737852343750005 0.5178968694444445 0.010970095312499994 0.02166932500000003
7 0.29153282890625 0.5254811312500001 0.02315909062500001 0.010834662499999976
7 0.659031040234375 0.48539288124999996 0.031691388281249996 0.0693418402777778
7 0.44111974140624993 0.5265645972222223 0.015845693749999955 0.013001594444444386
7 0.5398506039062501 0.49839447708333334 0.013407895312499996 0.026003187500000042
7 0.5697136425781251 0.4973110111111111 0.01950239140625003 0.023836255555555554
7 0.46592434609375 0.5265645999999999 0.007313395312499971 0.023836255555555554
4 0.29893511093749997 0.6089080347222222 0.012188995312500017 0.03683785277777779
4 0.23128618671874998 0.6110749673611112 0.013407895312499996 0.03683785416666668
4 0.211783794140625 0.6143253659722223 0.010970096093750038 0.030337056944444482
4 0.262977575 0.6099915006944444 0.006094498437499984 0.026003190277777734
2 0.322094201953125 0.6056576354166667 0.012188994531249974 0.021669326388888917
2 0.342815494140625 0.6067411006944444 0.021940192968749984 0.02383625694444444
2 0.36719348515625 0.6056576340277778 0.021940192187499985 0.043338651388888864
2 0.38669587734375 0.5904891069444445 0.012188995312500017 0.03467091944444441
7 0.42317397890624997 0.5504008576388889 0.02315909062500001 0.017335459722222248
2 0.42500232890625 0.6359946902777778 0.09507416406250005 0.1451844777777778
2 0.5231237417968749 0.6013237708333333 0.04997488203125 0.07584263888888887
2 0.619416804296875 0.6262434951388889 0.09629306328125002 0.09967889305555554