2 0.18082685546875 0.5848847076388889 0.3597040953125 0.434980923611111
2 0.025345003906249997 0.33793338680555557 0.0467907765625 0.051989751388888866
2 0.09114453359375001 0.3587292875 0.0809090515625 0.017329916666666712
2 0.160355890625 0.3630617666666667 0.047765584375 0.015596924999999985
2 0.212508110546875 0.38125817986111116 0.07018616484375 0.05892171805555557
2 0.27440840859375 0.3821246763888889 0.08870751406250003 0.08838258055555556
2 0.340207937890625 0.3855906590277778 0.11112809453125001 0.10224651249999997
9 0.48009286445312505 0.3725932208333333 0.07700982109375003 0.09358155277777777
2 0.6243644253906251 0.39165613055555554 0.03606788984374996 0.06931966944444447
2 0.65994491171875 0.3942556173611111 0.033143467187500074 0.05025675972222222
2 0.677978856640625 0.3777921965277778 0.018521349218749972 0.017329918055555518
2 0.761812331640625 0.4020540798611111 0.07116097265625002 0.11091146805555556
2 0.804216473046875 0.3985880972222222 0.03119385078124992 0.06931966944444447
2 0.8441835945312501 0.3994545923611111 0.03899231406249992 0.04332479305555555
4 0.863679751171875 0.3890566430555555 0.015596924218750096 0.07798462777777779
4 0.8787892730468749 0.39078963333333333 0.014622117968750103 0.06758667500000004
7 0.7871573355468751 0.2703467090277778 0.022420580468750017 0.0415918013888889
7 0.899747641796875 0.30154056041666666 0.015596925781250093 0.027727868055555563
7 0.628263656640625 0.3136715027777778 0.02047096484375004 0.0623877027777778
7 0.20227262812499996 0.19409507291666664 0.010722885937500015 0.024261884722222227
7 0.9699338066406249 0.05805522291666666 0.056538855468749996 0.10571249583333332
7 0.9796818851562499 0.012130942361111112 0.037042698437499945 0.024261884722222224
2 0.7169711710937501 0.42025049375 0.09650597812499999 0.11264446250000001
2 0.5736744171874999 0.42458297291666663 0.1043044390625 0.13517335416666668
7 0.6116919234375 0.33533389930555557 0.010722885937499971 0.019062909722222205