7 0.06921135703125 0.4462453694444445 0.019496156250000007 0.012130941666666692
7 0.07116097343750001 0.4757062284722222 0.013647309374999994 0.039858809722222256
7 0.18326387578125 0.44711186458333335 0.019496156249999987 0.013863931944444453
7 0.642885774609375 0.21315798263888888 0.05946327890624996 0.04852376805555557
7 0.649222025390625 0.29200910625 0.015596925781250003 0.025994876388888914
7 0.664818950390625 0.3136715027777778 0.03119385078125001 0.017329916666666674
6 0.305114855859375 0.32406945347222227 0.00974807890624998 0.04505778750000001
6 0.43232728007812504 0.2764121798611111 0.010722885156250061 0.05025675972222222
6 0.29585418125 0.3275354354166667 0.008773270312499993 0.04852376805555557
6 0.316325146484375 0.3249359493055555 0.00877327109374999 0.05025675972222222
6 0.420629585546875 0.27727867500000003 0.0068236554687500115 0.048523769444444455
6 0.44597458945312496 0.27814517222222224 0.00877327109374999 0.046790775
6 0.6667685671875001 0.40205407986111114 0.027294620312499962 0.04505778472222228
6 0.64093615859375 0.40725305624999997 0.006823654687499925 0.038125818055555524
6 0.58342249609375 0.4479783625 0.016571732812499997 0.022528891666666735
2 0.867251053125 0.6827987395833334 0.26449187343749997 0.3292684263888889
2 0.36993957734375 0.6004816333333333 0.36165371093750004 0.5458923944444444
2 0.714046746875 0.5112325583333334 0.10625405468749997 0.09358155277777777
2 0.8316571546875 0.5235488159722221 0.12838251093749992 0.11821406805555554
2 0.80372906796875 0.49303614583333333 0.05166481562499996 0.057188727777777774