6 0.23221236093749997 0.2758591784722222 0.015820301562499983 0.058593709722222206
6 0.7938330679687501 0.17507799513888891 0.018457017187500036 0.07734369305555557
6 0.7872412773437499 0.3426560048611111 0.013183587499999927 0.05624995694444447
6 0.7951514265624999 0.4492965590277778 0.015820301562500028 0.02578123194444441
6 0.18277391757812497 0.33328101458333337 0.011865225781249999 0.042187473611111095
6 0.248691841015625 0.27937479930555553 0.011865225781250021 0.05156246250000002
6 0.777353587890625 0.4446090618055556 0.011865228906250015 0.02578123194444441
6 0.179478021875 0.4246872013888889 0.013183584375000001 0.028124980555555606
7 0.159043466015625 0.3836716041666667 0.01977537734374999 0.021093736111111146
7 0.781967843359375 0.41648408402777776 0.023730455468749946 0.021093740277777804
2 0.41546418789062506 0.4692184208333333 0.018457017968750034 0.028124980555555606
2 0.390415376953125 0.4797652881944444 0.02636716953125 0.03515622638888887
2 0.371299179296875 0.49734340069444444 0.03295896171875001 0.04218747083333333
2 0.347568726171875 0.4996871493055555 0.03032224296874997 0.046874968055555556
2 0.58750996796875 0.4586715534722222 0.019775376562499947 0.021093740277777804
2 0.602011912109375 0.47273404305555555 0.014501942968750025 0.035156224999999985
2 0.60794452421875 0.4762496659722222 0.015820301562500028 0.028124981944444412
2 0.6217872882812501 0.48539029027777775 0.025048810937499954 0.030468727777777756
2 0.636948410546875 0.4891402798611111 0.013183585156249933 0.03515622083333333
2 0.64683609921875 0.4926559041666667 0.019775376562500037 0.037499974999999984
2 0.40623567890625 0.5043746458333334 0.050097621874999956 0.06093745833333328
2 0.457651658203125 0.5067183944444444 0.05009762109375 0.0656249555555555
2 0.582236534375 0.4821090354166666 0.022412093749999952 0.03046872916666664
2 0.6666114753906249 0.5020308979166667 0.03295896171874997 0.0374999736111111
2 0.129380400390625 0.5196090090277778 0.14765614921875 0.09140618472222223
2 0.31065468984375 0.5114058916666667 0.05932613124999997 0.05624996111111105
2 0.50840846015625 0.4949996520833333 0.04350582968749998 0.04218747083333333
9 0.473471960546875 0.45632780416666663 0.034277319531249975 0.03984372222222221
2 0.02513944609375 0.534843375 0.0502788921875 0.08437494166666666
2 0.9388525 0.5770308451388888 0.12128897968750003 0.13124990694444444
6 0.5022370640625 0.4182086861111111 0.007919323437500037 0.023464661111111063
6 0.559432173828125 0.42211946319444443 0.007919322656250038 0.025028970833333296