2 0.31985027304687497 0.49362267083333333 0.018941335156250006 0.029081644444444443
2 0.29832602734374997 0.4936226722222222 0.030994910937499974 0.04132654999999998
2 0.221699716796875 0.4943879784722222 0.046492367968750004 0.05510206805555558
2 0.176068319140625 0.5005104277777778 0.060267883593749995 0.07040819166666665
2 0.120966252734375 0.49056144374999994 0.05338012578124999 0.09336738750000007
2 0.053380126171875 0.4882655256944444 0.10417734296874999 0.15918374583333336
2 0.406008746875 0.4880468715277778 0.010331637500000036 0.01836735416666665
2 0.396763565625 0.4913267527777778 0.007748728125000026 0.018367355555555537
2 0.38858435390625 0.49438797916666666 0.008609698437500013 0.015306130555555578
2 0.375669807421875 0.4974492020833334 0.018941335156250006 0.01836735416666665
2 0.5474259453125 0.5288686194444445 0.2908552140625 0.44387775000000007