2 0.02520727578125 0.47383630555555556 0.0504145515625 0.16530619722222223
2 0.916145350390625 0.5015574055555555 0.16602721484374997 0.2846940055555556
2 0.48802636953125 0.4418369423611111 0.014636485937499976 0.01836735416666665
2 0.46865455 0.4441328597222223 0.013775517187499985 0.019897966666666635
2 0.4075256953125 0.4494900055555555 0.027551032812499977 0.024489808333333387
2 0.38040514765625 0.4448981666666667 0.02496812343750001 0.04285716111111115
2 0.364046721875 0.451785925 0.018080365625000018 0.04132655000000006
2 0.34295296289062505 0.4464287798611111 0.03271685234375003 0.05816329305555554
2 0.33434326484375 0.45102061875 0.032716851562499996 0.055102065277777806
2 0.293016715234375 0.4487246993055556 0.06371176328125001 0.09030616249999994
2 0.23963658945312502 0.45561245763888886 0.06715564296875001 0.09489800138888893
2 0.1763553109375 0.47015327986111116 0.0852360078125 0.09948984027777776
2 0.094132690625 0.4831634895833334 0.11709188906249998 0.1316327125
2 0.5716839300781251 0.4487246986111111 0.05165818671875 0.0596939055555556
2 0.61559338828125 0.4658846555555556 0.027551032812500063 0.05816329166666666
2 0.639270057421875 0.4735377201388889 0.03357782109375007 0.06428574305555562
2 0.669403999609375 0.4796601715277778 0.045631397656249996 0.08265309861111107
2 0.743016915234375 0.48960915555555556 0.11192607109375005 0.10561229166666664
2 0.800271405078125 0.5064458979166667 0.12656255703124994 0.13010209861111113
2 0.52957686171875 0.4595223944444445 0.06427600156249999 0.09304716388888884