6 0.16181810273437497 0.32320295625 0.013647310156250004 0.05718872638888889
7 0.29146754609375003 0.44537887569444445 0.04094192968749999 0.04505778750000004
7 0.43768872265625003 0.4115855354166667 0.03899231406250001 0.039858809722222256
7 0.479552243359375 0.41824667013888883 0.03498664921875001 0.039317145833333296
6 0.418679969921875 0.4696407576388889 0.006823653906250016 0.02426188472222227
6 0.29390456523437497 0.12477540347222223 0.016571732031249998 0.058921720833333344
6 0.569775185546875 0.16550071041666667 0.014622116406250019 0.06758667916666666
6 0.6566622296875 0.38819014722222217 0.012930792187500017 0.048523769444444455
6 0.539556141796875 0.48263819513888884 0.00877327109374999 0.02252889027777777
6 0.566363358203125 0.5181645256944445 0.007798461718750005 0.013863931944444453
7 0.806166087890625 0.36826074166666667 0.04874039296874999 0.0987805277777778
7 0.8066534929687501 0.4323814368055556 0.036067889062500046 0.039858809722222256
6 0.9869929441406249 0.38125817986111105 0.022420580468750017 0.034659834722222234
2 0.518597773828125 0.5242299965277778 0.027294619531249963 0.02946085694444444
7 0.01640810078125 0.34185778819444446 0.0328162015625 0.03557313194444447
7 0.022411066796875 0.2724901819444444 0.04482213359375 0.09604745555555555
6 0.237417291015625 0.4112253951388889 0.007003460156249997 0.01778656527777779
6 0.60009648359375 0.49126494097222223 0.010004943750000005 0.021343879166666746