2 0.084452245703125 0.5276583034722222 0.12051722734374999 0.07904474027777779
9 0.16109184179687502 0.49922993819444444 0.07020421015625 0.0956857375
2 0.2541124203125 0.5158709361111111 0.038612315625000004 0.04992299444444449
2 0.34245271679687506 0.5189911222222222 0.14742884140624998 0.1476888555555555
2 0.560085769140625 0.5117106868055556 0.05850350859375002 0.09984598750000002
2 0.842072678515625 0.5054703118055556 0.31357880390625 0.7280436597222223
2 0.686453346875 0.5314718715277778 0.030421824999999993 0.05616336805555551
2 0.6542764171875 0.5221113111111111 0.03393203437500007 0.05408324444444443
2 0.6291199093750001 0.5127507493055555 0.037442246875000064 0.052003118055555575
2 0.456912400390625 0.5091105305555556 0.01755105234375005 0.03120187222222223
2 0.499034926171875 0.5070304041666667 0.01287077265624994 0.01872112222222218
2 0.48323897968749996 0.5059903430555556 0.00936056093750004 0.016640999999999986
4 0.49391585156249995 0.5096305534722223 0.005850351562499956 0.02317854305555558
6 0.507956692578125 0.2858685597222222 0.010530630468749979 0.04160249444444442
6 0.519657394140625 0.29032597638888885 0.010530630468749979 0.04992299444444445
6 0.67001141171875 0.32464803541666665 0.009360562500000036 0.03536212083333332
7 0.41669122031249994 0.3940350465277777 0.024571473437500036 0.0166409986111111
6 0.40616058906249997 0.43251735277777775 0.012870773437499983 0.027041622222222214
6 0.14874515195312502 0.2962691833333333 0.033932035156250005 0.07072423888888892