7 0.097323017578125 0.41290475972222224 0.031591894531249984 0.052003119444444385
7 0.364099015625 0.4493069423611112 0.01287077187500003 0.012480748611111163
7 0.6297049433593751 0.3359401458333333 0.01989119140625002 0.027041622222222214
7 0.36468405078125 0.46490787986111115 0.009360560937499995 0.018721120833333296
7 0.32490166484375 0.4368261958333333 0.011700701562500004 0.016640997222222214
2 0.812235889453125 0.6344380458333333 0.37325238203125 0.6157169222222223
2 0.610631491796875 0.5557243215277777 0.14321397265625002 0.19486969027777784
2 0.54253471640625 0.506510375 0.12168729687499998 0.14768885555555558
2 0.47876589140625 0.5002699986111111 0.03627217500000004 0.06864411666666667
2 0.45477945429687505 0.49922993819444444 0.025741542968750065 0.033281995833333314
2 0.45360938398437495 0.4929895638888889 0.02340140234375001 0.03744224722222222
2 0.43839847148437505 0.4888293138888889 0.009360561718750039 0.02912174722222226
2 0.43079301562500005 0.4857091277777778 0.010530631249999978 0.014560875000000017
2 0.350058173828125 0.5158709361111111 0.04797287734375 0.06656399166666663
1 0.41616713828125 0.4815488777777778 0.00936056093750004 0.022881372222222276
2 0.016008264843749998 0.5462171083333334 0.030432071875 0.021315788888888833
9 0.17279254375000003 0.502350125 0.03978238593750001 0.03952236944444441
2 0.21140485937499998 0.512750748611111 0.016380981249999982 0.0228813722222222
2 0.22954094687499998 0.5065103743055556 0.01287077187500003 0.01456087361111113
2 0.280438999609375 0.5033901861111111 0.02106126328125 0.016640997222222214
2 0.29916012109374995 0.5013100611111111 0.014040842187500013 0.012480747222222198
2 0.32256152578124997 0.49610975 0.009360560937499995 0.014560875000000017
2 0.312030893359375 0.4992299375 0.007020421093749984 0.016640997222222214
9 0.24863718671874996 0.5042124763888889 0.018301287499999975 0.018285577777777777
9 0.264577848828125 0.5015480027777778 0.010400225781249972 0.012956630555555569
2 0.083867210546875 0.5345920583333333 0.02340140234375 0.012480747222222277
2 0.103758403515625 0.5283516833333333 0.016380982031250012 0.012480747222222198
2 0.12832987734375 0.5241914333333333 0.011700701562499981 0.012480747222222277
2 0.13827547421875 0.5221113111111111 0.00819049218750001 0.02080124722222223