2 0.3422643703125 0.045739201388888893 0.04210085781249999 0.04712523611111111
2 0.29743475390625 0.0859342576388889 0.08186277499999997 0.1275153486111111
2 0.38202628984375 0.07207389444444444 0.09043887656250002 0.07207389444444444
2 0.466617825 0.054055420138888886 0.039761918750000014 0.024948654166666667
2 0.515345668359375 0.05959956597222222 0.04521943828125004 0.05544145694444445
2 0.659969906640625 0.07692502152777778 0.18165739921874993 0.15107797083333332
2 0.17814899374999998 0.07207389305555556 0.04443979218749998 0.03049279999999999
2 0.14111583359375 0.06930182152777778 0.026507946875 0.03326487361111111
2 0.09511674921874999 0.07484596736111111 0.032745109375000005 0.030492801388888897
9 0.04560926171875 0.05959956597222222 0.0647105765625 0.0803901125
2 0.01637255546875 0.08094452777777777 0.0327451109375 0.05544145833333333
4 0.11967558242187501 0.06202513055555555 0.011694682031249992 0.03742298333333333
2 0.427245728515625 0.19161953541666668 0.22921577421875 0.26334692083333333
2 0.734438405078125 0.11809191250000001 0.2042424101562501 0.1939097138888889
4 0.2529949609375 0.08385520486111112 0.019491135937500025 0.10949687916666666
4 0.687257498828125 0.02217658263888889 0.024169010156249993 0.04158109305555556
2 0.9182274753906249 0.25710975694444443 0.16294590703125014 0.5128334777777778