2 0.08732029609375 0.5703539895833334 0.1730813 0.16771040694444442
9 0.277163972265625 0.5322379861111112 0.08342206953125002 0.10256669166666663
2 0.18321669062499998 0.5655028618055555 0.021830073437499986 0.038809020833333346
2 0.36097586171875 0.5315449694444444 0.01559290937500002 0.023562619444444502
2 0.40073778203125 0.5308519513888889 0.007796456249999961 0.011088291666666725
2 0.44400810625 0.5273868604166667 0.008576099999999975 0.0180184736111111
2 0.457262079296875 0.5260008236111111 0.0070168085937499566 0.009702255555555596
9 0.465448356640625 0.5204566777777777 0.009355746093750028 0.015246400000000035
2 0.500922226953125 0.5232287506944445 0.010135391406249994 0.01524640138888892
9 0.5145660234375 0.5183776222222223 0.0062371640624999895 0.016632436111111086
4 0.9577944839843748 0.5038242402777778 0.013253972656250034 0.045739199999999945
2 0.7823742488281249 0.5260008236111111 0.05067695703124997 0.05405541944444441
2 0.8486441152343751 0.5232287513888889 0.07874419453124996 0.06514371111111114
2 0.60578454609375 0.5246147868055555 0.024948656249999958 0.0180184736111111
2 0.5804460667968749 0.5204566777777777 0.014813264843750052 0.015246400000000035
2 0.902049831640625 0.49828009513888893 0.017152200781250036 0.034650909722222185
2 0.927778132421875 0.5017451861111111 0.049897311718750004 0.03326487500000002
2 0.9718281031250001 0.5017451861111111 0.016372556249999982 0.03880901944444446
7 0.6018863171875 0.4657082402777778 0.010915037500000047 0.011088291666666647