6 0.261190626953125 0.40957619444444443 0.013728810156250004 0.047288125000000035
6 0.355576205078125 0.4606778777777778 0.010296608593750011 0.015254233333333329
6 0.593256251953125 0.37525416666666667 0.013728811718750044 0.042711858333333276
6 0.8842212308593751 0.3805931493055556 0.02145126796875001 0.06254236250000002
6 0.256771667578125 0.4499999145833333 0.010296608593750011 0.02745762083333329
7 0.18954339609374998 0.38516941875 0.03003177343750003 0.056440668055555594
7 0.18911437109375 0.4988134631944444 0.012012709374999986 0.021355929166666638
7 0.25389720625 0.47288126736111114 0.012870760937500014 0.021355929166666638
7 0.35128595664062495 0.4820338069444445 0.013728810156250004 0.024406775000000006
7 0.589051794140625 0.5033897333333334 0.01115465859375 0.024406775000000006
7 0.8776142562499999 0.2924236729166667 0.02574152187499994 0.06559320694444447
4 0.6270205375 0.5560168437499999 0.010296607812500014 0.02440677361111112
4 0.636030069921875 0.5552541319444444 0.009438557031250027 0.025932197222222206
4 0.6458976527343749 0.5552541319444444 0.008580508593749947 0.025932197222222206
4 0.658339387890625 0.5552541319444444 0.007722458593750048 0.025932197222222206
4 0.661771590234375 0.5583049784722222 0.007722457031249963 0.019830504166666665
4 0.672497223828125 0.55601684375 0.013728810156250049 0.030508468055555543
4 0.6785035792968751 0.5636439604166666 0.010296608593750011 0.021355929166666638
4 0.687942136328125 0.5644066729166667 0.010296608593750011 0.02593219861111109
4 0.697809719921875 0.5636439604166666 0.009438558593750025 0.021355929166666638
4 0.330692733984375 0.5361863381944445 0.012012710156249985 0.03813558472222225
4 0.30666731562500005 0.5300846458333333 0.012012709375000031 0.04423728055555556
7 0.009653069140625 0.2402541916666667 0.01887711328125 0.04881354999999997
7 0.0065426363281249995 0.2974575708333333 0.013085272656249999 0.04118643333333334
6 0.415511043359375 0.5155931215277778 0.008580507031249952 0.013728812500000014
2 0.429500332421875 0.53291758125 0.01115465859375 0.016779659722222187
2 0.437651815234375 0.5367311409722222 0.012012710156250073 0.018305084722222236
2 0.28706391992187497 0.5313921576388889 0.03003177421875001 0.028983045833333342
2 0.44905163359374994 0.5441403340277778 0.022309318750000084 0.03355931527777779
2 0.39756859140625 0.5593945680555555 0.07207625625000005 0.1311864166666667
9 0.467499723828125 0.5331355034722222 0.018019064843749977 0.028983045833333262
9 0.48809293984375 0.5338982145833333 0.024883470312500044 0.048813548611111125
9 0.52198594140625 0.5283413090277778 0.05319914218749995 0.09915252083333333
2 0.824019782421875 0.7448424833333332 0.34836857734375004 0.5064405805555555