6 0.411856315234375 0.40927487916666666 0.00877327109374999 0.015596924999999985
6 0.486429115234375 0.4066753923611111 0.007798461718750005 0.013863934722222224
6 0.46985738164062496 0.4500001854166667 0.007798463281250001 0.013863934722222224
6 0.469369977734375 0.4707960861111111 0.00877327109374999 0.013863933333333339
6 0.44451237812500005 0.4517331763888889 0.005848848437500021 0.013863933333333339
6 0.45182343671874997 0.46992959097222226 0.006823654687500014 0.015596926388888871
6 0.454747859765625 0.4759950597222223 0.006823653906250016 0.01386393333333326
2 0.45981687265625004 0.4855842763888889 0.010722885937499971 0.02079590000000001
2 0.46859014296875 0.4821182930555556 0.014622117187500016 0.027727866666666677
2 0.4871114921875 0.4838512826388888 0.0243701953125 0.034659834722222234
2 0.506120244921875 0.48818376388888884 0.013647310156249936 0.025994874999999952
2 0.519280151171875 0.4821182930555556 0.022420580468750017 0.027727866666666677
2 0.55144881015625 0.5055136805555556 0.10040520781249995 0.08145061111111115
2 0.61091208828125 0.5280425722222222 0.07311058749999999 0.12304241388888894
2 0.44616956289062504 0.48991675694444436 0.016571733593749992 0.01906290833333336
2 0.73159328828125 0.5268294847222222 0.21738215 0.23222089166666662
2 0.888781054296875 0.6126125756944444 0.22225618828125002 0.36739424583333335
2 0.377250636328125 0.49419148263888896 0.017546541406249984 0.05025675972222222
2 0.35726707500000005 0.4976574659722222 0.03411827500000002 0.060654709722222186
2 0.3465441890625 0.5054559284722222 0.032168659375 0.05545573472222224
2 0.331922070703125 0.5115214013888889 0.020470964843749995 0.05372274444444448
2 0.315837741796875 0.5123878944444444 0.035093083593750005 0.07625163611111105
2 0.25832407890625 0.5123878951388889 0.08968232187500003 0.11784343472222218
2 0.206171859375 0.5357832833333334 0.0945563609375 0.12997437777777776
2 0.08822011015625 0.5727537666666667 0.1764402203125 0.1854301138888889
1 0.40990669960937504 0.4696407576388889 0.061412894531249984 0.11784343749999995
7 0.296950826171875 0.44612157430555555 0.015596925781250003 0.027727868055555563
7 0.36713698984375 0.4305246493055555 0.009748078125000026 0.01039795138888885
7 0.509458935546875 0.45998550902777774 0.011697694531250047 0.02426188472222219