2 0.481200841015625 0.5748042923611111 0.02109373515624995 0.03281247638888887
2 0.42912568125000006 0.5794917895833334 0.027685526562499962 0.04218747083333333
2 0.4060544078125 0.581835538888889 0.026367168750000003 0.0515624638888889
2 0.384960673046875 0.5841792861111111 0.02636716953125 0.06093745833333328
2 0.36254857890625003 0.5900386569444445 0.03427732031250001 0.07265619999999996
2 0.330248796484375 0.6005855243055556 0.05932613203125001 0.08437494027777777
2 0.29267558046875 0.6263667576388888 0.07119135624999999 0.10781242638888891
2 0.2353269875 0.6451167444444444 0.07778314999999998 0.14062490555555557
2 0.11601554453125 0.6673823520833333 0.19511705312500002 0.24140608472222216
2 0.027026348046875 0.7294916875 0.05405269609375 0.2109373555555556
2 0.564257425 0.5677730479166666 0.05537105624999992 0.04453122083333333
2 0.514159803125 0.5677730472222222 0.03691403593750007 0.0632812055555556
2 0.5776058035156251 0.5513668069444445 0.03460690859374997 0.016406238888888917
2 0.602819409375 0.5619136756944444 0.015820303125000025 0.04218747083333333
2 0.6133662777343749 0.5642574229166666 0.018457017968750034 0.04218747083333333
2 0.627868220703125 0.5583980541666667 0.029003886718749962 0.049218713888888904
2 0.6410518054687501 0.560741801388889 0.026367168749999958 0.049218713888888904
2 0.65687210703125 0.5689449229166667 0.03427732031250006 0.07031245138888893
2 0.69708203984375 0.561913675 0.07250971562500004 0.08906243888888889
2 0.77651313828125 0.57246054375 0.11206046874999993 0.12421866527777775
2 0.892199094140625 0.5923824041666667 0.17797839453124986 0.15937489166666663
2 0.968334296484375 0.6278901944444445 0.06196284921875002 0.17578112777777785
7 0.839135164453125 0.37476537013888894 0.019775377343750122 0.04453122083333333
6 0.47184050781250003 0.47859341250000004 0.009228509374999926 0.018749986111111068
6 0.47711394140624996 0.47859341388888893 0.006591792187500012 0.023437483333333297
6 0.54751429609375 0.48210903611111117 0.006591793750000008 0.025781233333333296
6 0.6434907769531251 0.5125777638888889 0.011865225781250021 0.021093736111111146