6 0.68580883515625 0.16919419166666666 0.00959715000000001 0.0383886
6 0.690607410546875 0.27796188819444445 0.011996436718750036 0.025592401388888873
6 0.9815210214843748 0.17985769166666665 0.03478966796874996 0.07677719999999998
7 0.9419327773437501 0.11054494027777777 0.02279323125000001 0.0362559
7 0.947296838671875 0.02345191875 0.043255846093749994 0.04409134027777777
7 0.6846091921874999 0.24917043958333332 0.01919430000000002 0.019194301388888887
7 0.682809726953125 0.2161135902777778 0.020393944531249986 0.02985779999999999
7 0.6864086578124999 0.0988150888888889 0.02279323125000001 0.0725118
6 0.025404949609374998 0.22890978819444444 0.02759180859375 0.038388598611111116
0 0.34750929804687497 0.37606608888888887 0.014395725781250012 0.034123200000000034
5 0.348708940625 0.35047369097222225 0.011996437500000035 0.04265400138888893
4 0.0326028140625 0.35900448888888886 0.02279323125 0.15355440277777777
4 0.14416968125000001 0.37073433888888885 0.015595368750000005 0.12582930000000003
4 0.15436665234375 0.3803314895833333 0.01199643749999999 0.11090040138888888
2 0.393095760546875 0.3547390909722222 0.014395725781250012 0.04265400138888889
2 0.403892554296875 0.35900449166666665 0.016795013281249993 0.04691939999999997
2 0.42068756640624994 0.35900449027777775 0.031190737499999965 0.051184800000000016
2 0.502863163671875 0.3718006895833333 0.025192519531249947 0.08104260138888884
2 0.5190583546875001 0.35900448888888886 0.011996437499999946 0.03412319999999999
2 0.529255326953125 0.3654025902777777 0.017994655468749964 0.029857799999999952
2 0.5484496269531249 0.3643362402777778 0.03239038203125002 0.040521300000000024
2 0.59527950234375 0.3826119236111111 0.07806438281249992 0.08133806944444445
2 0.27373120703125 0.3696679902777778 0.053983970312499976 0.0725118
2 0.20655115664062498 0.37713244027777776 0.09237256796875 0.09597150000000004
2 0.462675098046875 0.3995257902777778 0.09117292578124996 0.14075820000000003
2 0.944874137109375 0.37713244027777776 0.11025172578125009 0.19407570277777775
7 0.065593015234375 0.11800938819444444 0.011996436718750003 0.02559240138888889