2 0.230204295703125 0.37523632638888893 0.013154530468750014 0.019133866666666676
2 0.24335882734375 0.3848032555555556 0.015546264062500014 0.01700787777777772
2 0.22960636328125 0.39755916527777774 0.019133864062500016 0.021259847222222246
2 0.21166836562500002 0.4103150743055555 0.014350396874999971 0.021259848611111132
2 0.20150350078125 0.4103150743055555 0.017937996875000018 0.02551181805555558
2 0.17160683867187498 0.4166930284722222 0.027504928906250004 0.029763787500000027
2 0.142308109375 0.41775602083333335 0.0239173296875 0.023385833333333356
2 0.11839078164062503 0.41244106041666667 0.02152559609375 0.02551182083333335
2 0.0962672515625 0.4113780673611111 0.02272146406250001 0.02763780416666669
2 0.0448449921875 0.41244105833333333 0.03946359218749999 0.02976378611111114
2 0.009566931640625 0.41456704375 0.01913386328125 0.02551181805555558
7 0.6792521566406251 0.38374026388888893 0.019133863281250017 0.04464568055555552
7 0.65692932890625 0.26893708194444443 0.06457678906249997 0.07440947222222224
7 0.57142487578125 0.25511818125 0.06577265781249997 0.0807874236111111
7 0.5682359105468751 0.39968515 0.010762797656250012 0.021259850000000018
2 0.502263918359375 0.42625996180555553 0.03826772578124995 0.053149623611111155
2 0.55149376171875 0.42838594583333334 0.037071860937500034 0.04039371388888892
2 0.630420947265625 0.4464568166666666 0.06816438828124997 0.080787425
2 0.454827894921875 0.4209449986111111 0.011958663281250014 0.029763788888888913
2 0.384471071875 0.4166930291666667 0.02272146406250002 0.017007880555555566
2 0.295379019140625 0.4124410597222222 0.03109252734374999 0.03401575833333336
2 0.334244680078125 0.40925208055555556 0.029896663281250024 0.036141738888888934
2 0.36354340703125 0.4113780673611111 0.021525596875000018 0.02763780416666669
2 0.421144316015625 0.4379528777777777 0.04903052578125 0.05527560555555553