2 0.5046626296875 0.5701417923611112 0.009597151562499916 0.03838860416666666
2 0.492666191796875 0.5712081416666667 0.031190738281249963 0.05331750277777777
2 0.47827046640625 0.5808052916666666 0.035989312499999926 0.051184802777777746
2 0.40329273125 0.5733408395833334 0.10196972031250003 0.15995250138888886
2 0.31931766875 0.6223929409722222 0.16675048124999997 0.17701410138888882
2 0.53525354453125 0.5786725916666667 0.061181831249999964 0.08957340277777774
4 0.8003748156249999 0.5904024402777778 0.03478966874999996 0.15142169999999996
2 0.7757821175781251 0.5850706902777778 0.10077007421874998 0.12796200000000005
2 0.6852090140625 0.5957341902777779 0.12596259375000002 0.18767759999999994
7 0.133972709375 0.4016584909722222 0.05518361406250001 0.03412320138888892
7 0.9423736726562499 0.3460327729166667 0.029173723437500066 0.14033895694444445
4 0.5849955625 0.5687445958333334 0.007722456249999965 0.04881355000000001
4 0.5772731062500001 0.5672191715277778 0.006006354687499993 0.03966100972222222