7 0.6588908171875 0.4427695236111111 0.06316164687500007 0.042107761111111114
7 0.6599674363281249 0.4906192576388889 0.06531488515625003 0.058695670833333304
7 0.7579397644531249 0.4312855888888889 0.022250125781249963 0.019139891666666624
7 0.762748670703125 0.463440625 0.02942758671875003 0.04338375833333335
7 0.7952625539062501 0.46407861250000004 0.030145329687500055 0.06252367222222222
7 0.822536902734375 0.4704585659722222 0.025838855468750133 0.05741967916666668
2 0.286739521875 0.5300474298611111 0.03947602812499999 0.02807184305555555
2 0.351695534375 0.5294094305555556 0.030145331250000008 0.02169187499999994
2 0.5785032671874999 0.52749544375 0.010048445312499954 0.010207943055555547
2 0.587475090625 0.53196141875 0.010766189062499976 0.014035923611111103
2 0.5458458234375 0.5313234229166667 0.013637171874999954 0.010207943055555625
2 0.5149827464843749 0.5294094333333333 0.009330697656249942 0.0063799638888889535
2 0.505293175390625 0.5389793798611111 0.015790411718749998 0.022967870833333372
2 0.086129519140625 0.56768921875 0.16938805390624997 0.15949910972222223
9 0.16328721171875 0.4944472368055555 0.10407316875000001 0.09569946527777778
9 0.464381654296875 0.5046551777777778 0.07321009140624994 0.13908322222222225
2 0.31724372773437504 0.5607988666666667 0.07895205859374999 0.07273159444444441
2 0.4094740859375 0.5582468798611111 0.06531488437499999 0.08804350694444443
2 0.529337666796875 0.5569708875 0.04234701484375005 0.057419677777777796
2 0.0645971390625 0.6494803694444445 0.129194278125 0.30623828888888893
7 0.8332881316406251 0.5219661472222221 0.018601597656249958 0.03504728333333331
2 0.97860179609375 0.5835115423611111 0.03947602968750008 0.03445180694444443