7 0.212951961328125 0.1896066423611111 0.009954349218750025 0.037921326388888905
7 0.208685812890625 0.2591290784722222 0.018486649218750005 0.015168531944444416
7 0.24850320781250002 0.2983144555555555 0.009954348437499982 0.022752797222222218
7 0.580551841796875 0.18202237777777774 0.028440997656249946 0.022752797222222218
7 0.561318708203125 0.2047751763888889 0.032636225781249986 0.017696619444444454
6 0.35643274453125 0.2995784979166667 0.00455865000000002 0.02022471249999999
2 0.8443420835937501 0.46409622986111115 0.3085848124999999 0.5052337597222223
2 0.7064032515625 0.3476121791666667 0.10380963749999994 0.08595501388888892
2 0.442613008203125 0.3539324020833333 0.022752797656250046 0.037921329166666636
2 0.406350737890625 0.3526683569444445 0.04692764453125 0.07584265833333335
2 0.32813799765625 0.3665728430555556 0.05545994375000003 0.05308986111111113
2 0.35373489453125 0.3526683569444444 0.015642548437500015 0.050561772222222204
2 0.369377442578125 0.3501402694444445 0.01564254765624997 0.03033706388888887
2 0.331693120703125 0.33370769236111114 0.03412919453124998 0.022752798611111104
2 0.30325212500000004 0.3551964458333333 0.022752796875000002 0.040449416666666634
6 0.40271133164062506 0.30092471319444447 0.005850350781250046 0.0166409986111111