2 0.057693766796875004 0.5869864263888889 0.11538753359375001 0.15939418888888893
2 0.9312159699218749 0.6133211194444445 0.13501980546874998 0.309086125
2 0.14150565625 0.5689679534722222 0.074066321875 0.10672480416666666
2 0.20543658593750003 0.556493625 0.056914120312500004 0.09286444166666664
2 0.256503365234375 0.5488704243055555 0.049897311718750004 0.07207389305555559
2 0.6564615015624999 0.5516424993055555 0.06081234843749996 0.1136549875
2 0.6233265687499999 0.5260008222222222 0.07874419531249996 0.1094968777777778
2 0.47675321796875 0.5357030791666667 0.06159199375000002 0.08454822222222218
2 0.7453410874999999 0.5564936256944445 0.141895478125 0.16493833194444438
2 0.355128519921875 0.5183776229166667 0.039761921093750006 0.06375767361111105
2 0.534446982421875 0.5031312229166667 0.024169010156249993 0.036036948611111085
6 0.3590267484375 0.36106248888888887 0.010135390624999996 0.03742298333333337
6 0.49936293632812506 0.38076099583333334 0.01169468359375001 0.03683498888888895
6 0.36643338046874996 0.35829041597222216 0.009355746874999982 0.031878837499999965
7 0.563293866015625 0.4428386381944444 0.016372555468749984 0.009702254166666712
2 0.5831748265625001 0.5024382048611111 0.01559290937499993 0.029106765277777828
2 0.561734575 0.4989731131944445 0.010135390624999996 0.027720729166666618
7 0.300943158203125 0.45947107499999995 0.015592910156250018 0.009702255555555518