2 0.05085901093749999 0.6604606798611111 0.1012499796875 0.11440675694444444
2 0.152538016796875 0.6314776340277777 0.05748939609375001 0.06254236250000002
2 0.201875930859375 0.6246132284722222 0.07894066328125002 0.0579660902777778
2 0.24992677031249996 0.6200369597222222 0.025741520312499988 0.04271185833333335
2 0.278671468359375 0.6146979777777778 0.05920549609375003 0.05033897222222221
2 0.42883033828125 0.6162234006944445 0.054057192187499936 0.07169490138888893
2 0.513777355859375 0.6093589944444444 0.04890888828124993 0.07932201944444443
2 0.48374558242187504 0.5948674736111111 0.01115465859375 0.0167796583333333
7 0.367908738671875 0.5796132368055555 0.0042902539062500186 0.016779659722222263
7 0.035843124609375006 0.5681725604166666 0.05062498984375 0.07016947638888887
7 0.0345560484375 0.3393590444444444 0.053199142187500006 0.1769491194444444
7 0.024688466796875 0.3919861534722222 0.019735164843750003 0.08084744027777775
6 0.8630039839843751 0.3241048118055555 0.036896180468750116 0.09762710138888886
6 0.013416796484374998 0.36071497361111116 0.026833592968749997 0.09457625277777776