6 0.34981127226562503 0.3603933902777778 0.012292050781249975 0.024280597222222273
6 0.5116566132812499 0.38467398750000004 0.010926267187500028 0.01942447777777774
6 0.44746479062500005 0.40895458194444445 0.010926268750000023 0.01942447777777782
6 0.353225730078125 0.4162387618055556 0.008194700781249998 0.019424476388888934
6 0.35595729765625 0.44173338402777773 0.010926268750000023 0.016996415277777763
1 0.40649128554687497 0.44658950555555554 0.030047236718750002 0.05584536944444444
2 0.370298024609375 0.4611578611111111 0.012292050781250018 0.016996416666666726
2 0.378492724609375 0.46115785972222223 0.017755185156249985 0.02185253611111114
2 0.351859946484375 0.46358592083333333 0.019120967968750024 0.02185253611111114
7 0.323178493359375 0.4538736819444444 0.010926266406250029 0.021852536111111064
7 0.313618010546875 0.45023159305555555 0.008194700781249998 0.01942447499999997
7 0.362103321875 0.4356632354166666 0.012292051562500017 0.019424473611111163