6 0.200810416796875 0.2608152548611111 0.00974807890624998 0.04332479305555555
6 0.525908833203125 0.14123882430555554 0.012672500781249952 0.05372274305555555
6 0.5103119078124999 0.14730429513888887 0.010722887499999967 0.05198975138888889
6 0.5848847078125 0.1862966097222222 0.011697695312500044 0.036392825
6 0.76766117890625 0.2270219152777778 0.02826942812500004 0.04159180000000002
7 0.750602040625 0.1178434375 0.031193851562500007 0.027727866666666656
7 0.813964551171875 0.1689666923611111 0.02144577265625003 0.019062909722222226
7 0.59804461328125 0.09618104097222221 0.07895943593750002 0.032926843055555544
7 0.56831297421875 0.32060346875 0.015596925000000006 0.038125818055555524
6 0.564901146484375 0.28247765069444447 0.0068236554687500115 0.038125818055555566
7 0.21981916796874995 0.35006432777777774 0.012672501562499994 0.01386393611111111
7 0.1008926125 0.3561298013888889 0.020470965625000004 0.01906290833333328
6 0.7008868421875001 0.3188704763888889 0.009748078124999981 0.020795899999999968
4 0.769123390234375 0.38645715416666665 0.021445772656249938 0.1074454861111111
4 0.357267075 0.4167845083333333 0.014622117187500016 0.07451864444444449
4 0.382612079296875 0.4609758013888889 0.043866353906250044 0.17329917499999997
4 0.15450704375 0.46877426111111115 0.008773270312499993 0.07105266111111111
4 0.163767718359375 0.4722402458333333 0.009748078906250002 0.060654708333333376
4 0.13159905898437502 0.45837631249999994 0.013647310156250004 0.043324794444444516
4 0.43622651093750003 0.40378707222222227 0.010722885937499971 0.03119384999999997
2 0.180826855078125 0.4696407576388889 0.03606788984375 0.05198975138888894
2 0.46303372617187505 0.42544946944444445 0.04874039296874999 0.06758667500000004
2 0.41819256601562504 0.44364588263888893 0.08968232109375003 0.07625163472222225
2 0.272458793359375 0.5536908569444444 0.23882792109375 0.28247765
2 0.8763522539062499 0.5363609381944445 0.24565157812500002 0.5666882930555556
2 0.521522197265625 0.44364588055555554 0.09748078359374998 0.1698331888888889
2 0.108203670703125 0.6377409541666667 0.21640734140625 0.707060625
2 0.63849913984375 0.5727537652777778 0.35483005624999986 0.5701542777777777
4 0.672812387109375 0.3743262131944445 0.00974807890624998 0.02426188472222219
4 0.665013923828125 0.3777921951388889 0.005848847656250022 0.02426188472222227