6 0.20320847460937497 0.1059374201388889 0.021093735156249994 0.07968744583333333
6 0.526206300390625 0.3649216152777778 0.02373045234374995 0.03984372222222225
6 0.22891646367187501 0.11179679027777778 0.01977537734374999 0.07734369444444443
6 0.19068406992187498 0.10828116736111111 0.011865225781249999 0.07499994861111112
7 0.5433449593749999 0.3215622722222222 0.026367168750000048 0.023437483333333335
7 0.571030487109375 0.23249983263888888 0.03955075390624998 0.02812497916666664
7 0.39305209414062503 0.13757802291666665 0.02636716953125 0.08671869027777777
7 0.28033244531249996 0.47156216875 0.014501942187499983 0.014062490277777803
7 0.245395946484375 0.4973434013888889 0.010546867968750017 0.014062491666666687
2 0.236826615625 0.5207808854166667 0.014501942187499983 0.01874998750000003
2 0.222324671875 0.5207808854166667 0.014501942187500028 0.01874998750000003
2 0.0924663625 0.5301558791666666 0.042187470312499996 0.042187472222222216
9 0.13926808867187498 0.5043746465277777 0.06459956484375 0.09843743194444446
2 0.042368741796875 0.5395308715277778 0.055371057031250004 0.05624995972222224
2 0.20584519101562498 0.5242965069444444 0.026367167968750004 0.025781230555555527
2 0.25857953007812495 0.5324996263888888 0.02636716953125 0.03281247777777775
2 0.31065468906250004 0.5324996277777777 0.080419865625 0.09374993611111103
9 0.9157812269531249 0.49734340069444444 0.16743152578125003 0.2718748125
4 0.4635842714843751 0.5125777652777777 0.025048810156250045 0.1289061611111111