2 0.016028661328125 0.7197087069444443 0.03205732265625 0.3281422472222222
2 0.178738778515625 0.4682993277777778 0.12632852734375 0.14972269722222223
2 0.28295981328124997 0.44708861180555554 0.07369164062499997 0.08234748194444445
2 0.36612609375 0.4508316798611111 0.0589533125 0.0923289986111111
2 0.32331475976562496 0.4240063625 0.040705860156249996 0.05365063333333337
2 0.34893137734375 0.40841024861111114 0.016141978125000022 0.024953783333333333
9 0.40437556484375003 0.36973188680555563 0.06667338906250002 0.0773567263888889
2 0.47385625390625 0.49179747152777775 0.18598366406250003 0.31316997916666667
7 0.5261422277343749 0.3343806923611111 0.012632852343749956 0.024953781944444448
7 0.38928632343749997 0.29008772916666664 0.03228395625 0.038678363888888886
7 0.47982176796875003 0.250161675 0.0224584046875 0.011229200000000005
7 0.43560678359375 0.28572081666666665 0.05754966249999995 0.07735672777777777
7 0.49315644609375 0.28073006041666665 0.054742362499999954 0.057393701388888885
7 0.33103483632812497 0.38678363819444445 0.01122920234375 0.01746764861111111
2 0.850151508984375 0.4183917638888889 0.04070586015625004 0.039926052777777776
2 0.9340196140625 0.41589638611111107 0.08913179375000002 0.052402944444444446