7 0.7984711429687501 0.2025695236111111 0.04097350468750003 0.1359713333333333
7 0.46795154140625 0.31790234930555555 0.01365783437500001 0.016996415277777763
7 0.07597168515625 0.1357978861111111 0.01092626875 0.07041372777777778
7 0.580628678125 0.3603933916666667 0.009560484374999945 0.02913671388888892
7 0.488438294921875 0.36767757152777786 0.008194700781249953 0.019424476388888855
2 0.505510587890625 0.3761757784722222 0.017755185156249985 0.016996415277777763
2 0.523265773046875 0.38953010555555556 0.009560483593750035 0.024280594444444463
2 0.495267211328125 0.3834599555555556 0.008194700781250041 0.021852536111111064
2 0.490486969921875 0.4016704027777777 0.012292050781250018 0.01942447499999997
2 0.532826256640625 0.40652652222222224 0.017755185156250075 0.02913671388888888
2 0.538972283203125 0.4101686118055555 0.02458410234374995 0.04127700972222222
2 0.550581442578125 0.4113826395833333 0.02048675234374997 0.05827342916666664
2 0.5737997625 0.4089545791666667 0.05326555625000005 0.07284178333333331
2 0.5737997617187499 0.41502473055555555 0.042339287500000024 0.0752698444444444
2 0.584726029296875 0.42716502638888887 0.05326555546874996 0.0898382027777778
2 0.612041698828125 0.43202114722222223 0.06965495703124995 0.11411879722222219
2 0.6707703878906249 0.45508771111111107 0.11609159453125004 0.16996416388888894
2 0.840127539453125 0.3154742895833333 0.31276441640624997 0.6240112958333334
2 0.93095213984375 0.5339996465277778 0.13657834687499992 0.6628602458333333
2 0.47614624218750007 0.4016704027777777 0.01365783437500001 0.01942447499999997
2 0.50824215546875 0.4113826395833333 0.03141302031250008 0.048561190277777735
4 0.45156213945312496 0.39317219444444446 0.0054631335937499696 0.036420891666666615
4 0.44678189843750005 0.39560025416666666 0.009560484375000034 0.04127701111111111
4 0.2262078671875 0.3725336895833334 0.03551037031250002 0.17967640138888888
4 0.40034526015624994 0.4028844319444444 0.03141302031249995 0.12383103333333333
4 0.25079196953125005 0.3773898090277778 0.0382419375 0.21366923750000003
4 0.289716798828125 0.3907441340277778 0.04233928828124998 0.20152894027777776
4 0.10465313828125 0.3348987638888889 0.035510371875000016 0.19181670000000003
7 0.47068310898437493 0.37253368749999993 0.010926267968749936 0.01942447499999997