4 0.536144315625 0.4861041798611111 0.02339538749999992 0.0987805263888889
4 0.149145600390625 0.4809052027777778 0.015596925781249982 0.09184856111111112
0 0.177415028515625 0.5120990548611111 0.031193850781249987 0.09531454583333338
5 0.175952816015625 0.4774392208333334 0.032168658593749996 0.11957643055555557
4 0.5020260406249999 0.46357528541666665 0.009748078124999981 0.05718872638888889
4 0.591220957421875 0.48177169861111113 0.026319811718749975 0.10744548333333334
4 0.65458346796875 0.46704127013888885 0.016571732812499997 0.09184856527777778
4 0.720382998828125 0.46010930277777773 0.021445772656249938 0.08145061111111107
4 0.6984498214843751 0.4713737486111111 0.018521349218749972 0.07278565277777777
4 0.741341367578125 0.46530827777777783 0.02047096484375004 0.10224651388888893
4 0.7642493515625001 0.4618422951388889 0.021445773437500027 0.09878052916666667
4 0.784720315625 0.46617477500000004 0.02339538749999992 0.10051351944444452
4 0.84710801875 0.48350469305555555 0.029244235937499852 0.13170737499999996
4 0.8851255242187499 0.4783057159722222 0.037042698437499945 0.15250327361111116
4 0.6375243312500001 0.47483973333333335 0.009748078124999981 0.0831836027777778
7 0.476193633203125 0.40725305624999997 0.010722885156249973 0.017329918055555518
7 0.506900079296875 0.38732365069444447 0.011697692968749961 0.025994876388888834
7 0.467420362109375 0.3604622798611111 0.03606788984375005 0.013863931944444493
7 0.31827476289062495 0.37432621250000003 0.03021904453124997 0.013863933333333339
2 0.42209179804687497 0.47310674236111117 0.050690008593750016 0.07278565138888896
1 0.356779671484375 0.44451237708333335 0.056538855468749996 0.09878052638888882
2 0.0667743375 0.5294289722222222 0.133548675 0.15423626388888884
6 0.44012574140625 0.35353031180555555 0.006823654687499925 0.02426188472222219
6 0.356779670703125 0.3630366027777778 0.007798463281250001 0.029511183333333336
6 0.43281468320312505 0.35353031041666666 0.007798461718750005 0.020795901388888892
6 0.347031593359375 0.3647947569444444 0.005848847656249978 0.02599487499999999
7 0.927042261328125 0.12130942013888889 0.0331434664062499 0.06931967083333333
7 0.898285430078125 0.11524394930555557 0.024370196093749998 0.05025675972222222
7 0.9090083164062499 0.054589238194444445 0.02826942812500004 0.06412069305555555
4 0.24613898085937497 0.4618422951388889 0.010722885156250018 0.04332479305555555
4 0.22371840078125 0.4627087916666667 0.010722885937499971 0.04852376944444438
4 0.231029459765625 0.4705072520833333 0.007798461718750005 0.046790776388888844
4 0.209096282421875 0.4583763104166667 0.00877327109374999 0.04679077638888892
4 0.259786290234375 0.46357528750000004 0.00877327109374999 0.03639282777777776
4 0.283669083203125 0.4679077645833333 0.015596925781250003 0.051989751388888866