2 0.40332916015625 0.4875465131944444 0.01229373906250002 0.025217920833333334
2 0.39434527343750003 0.49511189097222225 0.009456721874999996 0.02017433472222218
2 0.3886712421875 0.4976336854166667 0.01134806718750001 0.021855531944444413
2 0.378268846875 0.49595249097222227 0.013239410937500029 0.028580315277777796
2 0.36975780078125 0.49763368402777775 0.013239407812500038 0.03194270138888887
2 0.3593554046875 0.5018366729166667 0.024587473437499962 0.03698629027777779
2 0.35273570078125005 0.5051990604166666 0.01134806562499997 0.03362389861111118
2 0.34611599726562503 0.5077208541666667 0.017022099218749975 0.03530509166666668
2 0.41798707695312504 0.4942712951388889 0.013239410156249942 0.018493143055555567
2 0.47622536249999997 0.5178080208333333 0.06541027500000007 0.10255288888888887
2 0.535723255078125 0.5640408833333332 0.07659944296874999 0.1613947111111111
2 0.205683684765625 0.5152862291666667 0.029315835156250025 0.0437110638888889
2 0.28133745546875 0.5514319208333334 0.14657917812500001 0.18997502222222223
2 0.28039178359375 0.4471978375 0.072816753125 0.04539226111111113
2 0.131061561328125 0.5791190986111111 0.15981858828125 0.15803232222222224
9 0.4577912796875 0.48127704375 0.07565377031249998 0.14391725694444446
2 0.663996926171875 0.5917806243055556 0.25533147109375004 0.3227894152777778
2 0.8415667683593749 0.7202652131944446 0.31566198046875005 0.5542944791666667
7 0.48998818554687507 0.40449549375000005 0.02269613046875003 0.016811948611111106
7 0.49478526875 0.4230002972222222 0.019356631249999978 0.015882363888888938