7 0.41909231328125 0.3903700770833334 0.06669400000000003 0.05408324305555554
7 0.529301094140625 0.4909094388888889 0.02501584296874997 0.06656399166666663
7 0.6624669078125001 0.3380202701388889 0.038612315625000004 0.07280436527777777
9 0.71570510078125 0.30473827430555556 0.08424505156249999 0.05200311805555553
9 0.3319220859375 0.35778145486111107 0.08892533281250001 0.033281995833333314
1 0.185663315625 0.36610195416666663 0.12402743593750001 0.016640997222222214
9 0.077431825 0.36714201944444447 0.08775526250000001 0.0228813722222222
9 0.5294146304687499 0.34379332222222225 0.06970557968749995 0.023816013888888914
1 0.125989735546875 0.5408324347222222 0.10296617421874998 0.08320498888888885
1 0.054615457812500004 0.5262715597222223 0.049142946875 0.0457627444444444
1 0.017758246875 0.5293917493055557 0.03393203593750001 0.031201873611111115
7 0.47972876875 0.4760018840277778 0.009360562500000036 0.02704162083333333
2 0.4229803656250001 0.49264288055555555 0.010530632812500062 0.014560872222222245
2 0.45983757578124995 0.4909094388888889 0.009360562500000036 0.008320500000000033
2 0.34341559374999997 0.502350125 0.022231332812499983 0.027041622222222214
2 0.4346810671875 0.49125612916666667 0.012870771874999942 0.014560872222222245
2 0.38236837773437504 0.49433589097222225 0.009748078906250023 0.013863934722222224