2 0.5654343582031249 0.4971451847222222 0.010926267968750025 0.026708655555555558
2 0.5538251984375 0.4995732430555555 0.015023617187499916 0.0364208916666667
2 0.544264715625 0.5020013034722223 0.017755185937499984 0.041277012499999995
2 0.529241096484375 0.5044293631944444 0.031413019531249996 0.04613313194444449
2 0.487584699609375 0.5153556305555556 0.054631338281249955 0.06798566666666667
2 0.512851694921875 0.5044293631944444 0.017755185156249985 0.04613313194444449
7 0.560580204296875 0.431169775 0.00585034609374997 0.025873049999999943
2 0.6419182328125 0.49107503680555553 0.00819470156250004 0.02428059583333335
2 0.65147871796875 0.4905098118055556 0.021852535937499962 0.02541104583333333
2 0.65376618359375 0.49501799305555555 0.020964334374999984 0.026106916666666695
2 0.664453659765625 0.4970999902777778 0.02321831953125004 0.036511280555555616
2 0.689168157421875 0.5038641375 0.034405375781249956 0.05211969722222223
2 0.715670540234375 0.5117135416666667 0.04643663828125 0.0752698444444444
2 0.7501565734375 0.5202117513888889 0.06692339062499997 0.08741014166666664
2 0.839422051171875 0.5260978326388889 0.15267153671874995 0.18201077916666672
2 0.406112649609375 0.5420642847222222 0.06923908828125 0.10197849722222219
2 0.34161659179687504 0.5639168208333334 0.10618966484374996 0.12625909444444441
2 0.19394125234374998 0.58212726875 0.1994043875 0.2403778930555555
4 0.9553826031250001 0.49494258958333337 0.03308608437500009 0.08956071805555557
2 0.9410418773437499 0.6187736256944444 0.11305275000000012 0.27409324305555555
2 0.05710681132812499 0.6392733881944446 0.11421362265624999 0.3010793791666667
2 0.577955740234375 0.4970454284722222 0.019306142968749995 0.009360554166666665