7 0.793309215625 0.2747391243055555 0.03098019843749995 0.04226755694444447
7 0.24214987031249996 0.35479131736111114 0.013688924999999985 0.033301712499999976
2 0.41661162304687505 0.45853895972222225 0.008645636718749915 0.021774197222222194
2 0.41120809960937504 0.4611006291666666 0.010807046093750028 0.02433586666666664
2 0.400761288671875 0.4604602125 0.014409394531250008 0.025616702777777788
2 0.3985998796875 0.46238146388888884 0.01008657656250005 0.02689753611111109
2 0.395357765625 0.46430271666666667 0.007925167187499981 0.02305503055555549
2 0.38815306875 0.4630218826388888 0.015129865625000027 0.030740043055555492
2 0.38274954531249994 0.4649431340277778 0.010086576562500005 0.024335865277777754
2 0.36761968125 0.4649431340277778 0.027377850000000016 0.03970588749999998
2 0.344924884375 0.46750480416666673 0.030980198437499995 0.04995256944444443
2 0.3171868 0.4809535722222222 0.050432881249999985 0.058918413888888924
2 0.28548613125 0.4649431340277778 0.033141607812500015 0.03458254583333332
2 0.24982288007812498 0.4841556604166667 0.06700368515625002 0.0986243013888889
2 0.2008309375 0.4476518604166667 0.0410667734375 0.015370020833333341
2 0.199750233203125 0.5008065159722223 0.07925167109375 0.0986243013888889
2 0.113654100390625 0.514895701388889 0.13616877890625 0.1421726916666667
2 0.48156196484375 0.4591793763888889 0.008645637499999914 0.02433586666666672
2 0.48552454843750004 0.45789854097222216 0.007925167187500026 0.01921252638888886
2 0.49020760156249993 0.4585389590277778 0.008645637500000003 0.025616701388888902
2 0.49308948046875 0.4604602118055556 0.011527515625000007 0.02945920694444442
2 0.5035362921875001 0.4617410458333333 0.02665738124999999 0.03458254722222228
2 0.511101223828125 0.46942605625 0.024495971093749968 0.039705887500000064
2 0.534876725390625 0.4745493972222222 0.037464427343750016 0.05251423888888888
2 0.541360952734375 0.4796727375 0.028818789843750015 0.06532258888888888
2 0.556130582421875 0.47711106736111114 0.023775502343749987 0.0858159513888889
2 0.6451085941406249 0.4546964534722222 0.017291274218750007 0.03586338194444447
2 0.5979178265625 0.4847960777777778 0.09149965624999998 0.1242410027777778
2 0.44914082695312507 0.47518981388888887 0.06916509453125004 0.11783682499999999
2 0.7513779015625001 0.5116936138888889 0.2615305125000001 0.28306455277777776
2 0.8924818812499999 0.6314516944444445 0.21325904062499995 0.42395641111111115