6 0.428447358203125 0.2993092125 0.007993421093750008 0.033750000000000016
6 0.32103576250000004 0.2842105277777778 0.008992598437499976 0.03197368333333337
6 0.4024687390625 0.3410526340277778 0.005995065625000029 0.0213157902777778
6 0.450429266796875 0.3517105270833333 0.007993421093750008 0.017763159722222196
6 0.374491766015625 0.37302631736111114 0.007993421093750008 0.014210526388888825
4 0.278071123828125 0.39967105347222226 0.012989308593749981 0.060394737500000024
2 0.3727476875 0.3925657930555556 0.022672393749999964 0.024868425000000055
2 0.33612335625 0.4032236861111111 0.043963815625 0.046184211111111116
2 0.399571137109375 0.3916776340277778 0.024979442968750033 0.02664473750000001
2 0.4375398871093751 0.3934539493055556 0.024979441406250035 0.030197368055555528
2 0.4882752082031249 0.4050000027777778 0.045962171093750025 0.07815789722222222
2 0.512255471484375 0.4165460548611111 0.049958882031250075 0.07993420972222225
2 0.5816983171875 0.4200986881944445 0.11090871718750002 0.14032894861111117
6 0.32647499140625 0.2840622972222222 0.006591792187500012 0.03281247777777775
7 0.44051299882812495 0.28523417222222225 0.010546867968750017 0.016406238888888876