7 0.517135562109375 0.47137374930555553 0.022420580468750017 0.013863931944444453
7 0.5200599855468749 0.48350469166666665 0.024370196093749998 0.017329916666666632
7 0.420629585546875 0.46964075694444446 0.026319811718749975 0.017329916666666632
7 0.464008534765625 0.46964075694444446 0.013647308593750029 0.017329916666666632
7 0.11259030546875 0.5008346090277779 0.014622117187499995 0.02426188472222219
2 0.164255123046875 0.5198975180555555 0.026319811718749996 0.020795897222222158
2 0.139884926171875 0.5216305104166666 0.02631981171875002 0.024261881944444418
2 0.10284222773437501 0.5146985423611111 0.053614432031250006 0.0415918013888889
2 0.290492737890625 0.5060335840277778 0.013647310156249981 0.020795904166666664
2 0.308526683203125 0.5129655506944445 0.012672502343750036 0.020795901388888892
2 0.235903498046875 0.5250964923611111 0.04484116015624999 0.0415918013888889
2 0.237853114453125 0.4739732381944445 0.015596925781250003 0.012130943055555576
2 0.5293206613281249 0.5025676006944445 0.017546541406249984 0.017329918055555598
4 0.39625938984375 0.5164315340277779 0.01267250312499999 0.055455734722222164
9 0.357141887890625 0.5052037125 0.08505865703125001 0.10563924722222219