2 0.674999535546875 0.5167965201388889 0.22675765703125003 0.21093735416666665
2 0.7949701566406249 0.4945309083333334 0.07119135703124994 0.04453121944444444
2 0.42385224765624996 0.55664024375 0.05405269687500001 0.07499994861111109
2 0.16940906328125 0.5578121166666666 0.04350582968750001 0.03984372222222221
2 0.259716618359375 0.5566402409722222 0.010546867968750017 0.023437484722222183
2 0.287402146484375 0.5531246194444445 0.007910150781250014 0.021093736111111146
2 0.308495881640625 0.5472652486111111 0.007910150781250014 0.023437483333333377
4 0.7857416472656251 0.5191402687500001 0.030322244531250053 0.1734373819444445
2 0.30124491015625 0.5507808715277778 0.01186522656250002 0.016406240277777803
2 0.32629372187500005 0.5484371215277778 0.035595678125000016 0.03046872916666672
2 0.278832816796875 0.5554683666666667 0.009228510156250013 0.021093736111111146
2 0.0250488109375 0.5999995888888889 0.050097621875 0.09140618611111112