7 0.566850762109375 0.31367150208333333 0.016571733593749992 0.024261884722222227
7 0.446461993359375 0.4037870715277778 0.023395388281250006 0.03119384861111109
9 0.565875954296875 0.47743922083333334 0.15499444765624998 0.3102055194444444
9 0.477168440234375 0.48263819583333334 0.022420580468750017 0.16810019722222225
9 0.452310840234375 0.48697067499999996 0.029244235156249944 0.08318360277777773
9 0.43183987539062496 0.4800387083333334 0.021445772656249938 0.06585368611111109
9 0.40503265976562497 0.4835046909722222 0.016571733593750037 0.03119384861111109
2 0.39089794609375 0.4887036666666667 0.009748078125000026 0.013863933333333339
6 0.41867996953125 0.43324793194444444 0.006823654687500014 0.013863933333333339
2 0.15938108281250002 0.4947691375 0.0419167375 0.015596925000000065
2 0.23395388320312502 0.49130315416666664 0.02729461953125001 0.015596924999999985
2 0.270509176953125 0.4878371708333333 0.028269427343749997 0.012130941666666612
2 0.296828988671875 0.4895701625 0.016571732031249998 0.012130941666666692
6 0.31096370273437496 0.4393134027777778 0.009748078906250023 0.022528891666666655
6 0.191549741796875 0.3647947583333333 0.03411827421875 0.057188727777777774
6 0.25734927148437503 0.38905664236111115 0.019496157031250006 0.032926843055555585
6 0.38017506015625 0.4341144270833333 0.005848846875000024 0.025994876388888914