6 0.485996366015625 0.2196092173611111 0.014501942968750025 0.053906212500000016
6 0.399643886328125 0.34265600625 0.007910150781250014 0.03281247638888887
6 0.40953157500000004 0.34499975555555557 0.009228509375000016 0.03281247777777775
6 0.469516884765625 0.2242967131944444 0.013183583593750025 0.058593709722222206
6 0.49720241367187495 0.2196092166666667 0.010546867968750017 0.04921871666666667
6 0.766147540625 0.3578903722222222 0.02900388593750005 0.05390621111111113
6 0.7483497015625 0.24421857430555557 0.025048810937500044 0.1218749152777778
6 0.66727065546875 0.41531220625 0.015820301562500028 0.02343748472222226
6 0.12938040117187502 0.39773409444444446 0.010546867968749995 0.03984372222222221
6 0.11421927812499999 0.3942184715277777 0.011865226562499998 0.05156246250000002
6 0.7991065015625001 0.3321091388888889 0.01845701875000012 0.06796870277777778
7 0.34163611367187496 0.3848434798611111 0.04482418828124999 0.01874998750000003
7 0.36602574453125003 0.3567184986111111 0.019775376562499992 0.018749988888888878
7 0.727255966015625 0.29695291319444445 0.014501942968749936 0.0351562236111111
7 0.85315919921875 0.22429671388888886 0.05009762187499991 0.10078118055555556
7 0.6672706558593751 0.3637497423611111 0.018457017968750034 0.014062490277777803
7 0.65145035390625 0.37546848541666666 0.01054686718750002 0.014062490277777803
4 0.35416051875 0.4949996520833333 0.014501942187499983 0.05156246250000002
4 0.62706072265625 0.47273404374999994 0.011865226562499932 0.05390621527777779
4 0.6099220621093749 0.4762496666666667 0.011865225781250021 0.04687496944444444
4 0.5927834023437499 0.4692184208333333 0.01186522656250002 0.04687496944444444
7 0.31592812382812496 0.4305465715277778 0.014501942968749982 0.02578123194444441
2 0.2506693796875 0.5231246333333333 0.04218747187499998 0.0515624638888889
2 0.43392120664062495 0.4809371618055555 0.010546867968750017 0.02343748194444441
2 0.425351876953125 0.48445278402777775 0.022412094531249947 0.0351562236111111
2 0.41084993281250004 0.49148403124999995 0.01713866093750003 0.0398437236111111
2 0.7028663339843749 0.5207808847222222 0.12919912890625004 0.22499984444444443
9 0.50577174296875 0.41882782916666667 0.07250971562499994 0.1476561472222222
9 0.5519142894531249 0.46453092430555554 0.025048810156250045 0.05624996249999994
4 0.569712128125 0.4668746715277778 0.007910150000000015 0.03281247638888895
2 0.38909701835937505 0.4985152756944444 0.03427731953125002 0.053906212500000016
2 0.49917995117187497 0.534843375 0.09624016953124999 0.14062490277777778
2 0.8551367375 0.5149215131944445 0.2887205046875 0.5226558902777779
9 0.12072043515625 0.5688277284722222 0.2414408703125 0.29765604583333327
2 0.46108503828125 0.46968733611111113 0.013710932812499976 0.024374991666666703