7 0.06407923828124999 0.41183281875 0.039483829687500006 0.029383315277777752
6 0.16375076015625 0.3925937333333333 0.0128552 0.037545347222222206
6 0.15089556015625 0.3966747493055556 0.0128552 0.03917775138888891
6 0.298271247265625 0.3795344840277778 0.011936972656249979 0.031015720833333343
6 0.56884260859375 0.3754534666666667 0.0064276000000000446 0.026118502777777764
6 0.41641666328125 0.40973399999999993 0.006427599999999955 0.026118502777777764
2 0.5607621941406251 0.5031076388888889 0.010100513281250034 0.02285368888888889
2 0.57315828125 0.50065903125 0.018364571875000023 0.031015720833333264
2 0.63467959609375 0.5088210618055555 0.0128552 0.04407497361111115
2 0.6406480804687501 0.5120858736111111 0.021119257812499993 0.05060459722222224
2 0.70460926796875 0.5202712472222222 0.02662862812500002 0.055501816666666634
2 0.49262963515624997 0.506045975 0.009182285937500012 0.019588875000000013
2 0.48344735156249996 0.5011487569444444 0.00734582968750006 0.013059250000000036
2 0.474724178515625 0.5093107895833333 0.011936972656249979 0.01958887916666667
2 0.46646012109374996 0.5117593972222222 0.008264057812499993 0.014691658333333319
2 0.45498226523437496 0.5158404145833333 0.02387394296874996 0.032648129166666706
2 0.34181059140625003 0.5305320708333333 0.015609885937500012 0.029383316666666638
2 0.317936648828125 0.5346130861111111 0.030301544531250002 0.037545347222222206
2 0.293603591015625 0.5386941048611111 0.016528114843749987 0.03917775138888891
2 0.2779937046875 0.5411427145833334 0.023873942187500007 0.0408101597222222
2 0.22289998984375003 0.5395103062500001 0.020201029687500018 0.02775090694444447
2 0.251365075 0.5468561347222222 0.04407497187500002 0.058766627777777816
2 0.18578824531250002 0.5694377604166666 0.093659315625 0.08978235138888885
2 0.07376435859375 0.5824970118055556 0.11386034375000001 0.10284160138888888
2 0.39588769921875 0.5428917277777777 0.10835097343749997 0.1632406361111111
2 0.52765350078125 0.529016273611111 0.07254005781249999 0.1224304777777777
2 0.6041944234375001 0.5028977715277777 0.053257257812499945 0.07019347361111107
2 0.67994828046875 0.49473574027777784 0.06703068593749997 0.09957678888888882
2 0.75799771171875 0.5216704451388889 0.0982504578125 0.10120919305555552
2 0.8310624699218749 0.5151408215277777 0.0633577726562499 0.1012091930555556
2 0.93249463046875 0.5194862534722222 0.13501073906250002 0.1998518680555555