2 0.2406905 0.45119677013888887 0.1442715625 0.14383831249999998
2 0.507582443359375 0.41210542361111113 0.016571733593749992 0.027727866666666677
2 0.52171715625 0.4095059368055555 0.013647309375000027 0.02946085972222221
6 0.45854961250000004 0.3549167048611111 0.003899231250000046 0.01732991805555556
2 0.47463393984374996 0.4069064548611111 0.045815968750000026 0.08318360138888892
2 0.5072900042968749 0.4112389347222222 0.015596925781250003 0.0329268416666667
2 0.41712027773437504 0.42355905416666667 0.08675789921875006 0.13999397777777775
1 0.5477445296875001 0.39650850625 0.04191673749999998 0.08664958472222226
2 0.098163149609375 0.4908118895833334 0.19632629921875 0.26485839027777774
2 0.8576359605468751 0.4926895548611111 0.28269427578125006 0.44537887361111106
7 0.094281825 0.14408533125 0.029683382812500003 0.08443273194444446
7 0.8299473699218749 0.18047496458333334 0.029683382031250004 0.08443273194444446