2 0.34093367890625004 0.6092694909722223 0.24584102500000005 0.39091758194444437
2 0.033205600390625 0.5625910319444445 0.06641120078125 0.09578497777777781
2 0.87632080078125 0.4866524874999999 0.10106797656249995 0.06798566666666667
2 0.58062867890625 0.5279294979166667 0.04507085468750001 0.0437050708333334
1 0.51370528828125 0.5012208430555556 0.0778496578125 0.053417308333333344
2 0.21050135703125 0.5421510076388889 0.025949885937500007 0.038848951388888824
4 0.1900146046875 0.5449259145833333 0.015023617187500005 0.06312954861111114
7 0.010414078125 0.3494671236111111 0.01912096875 0.026708655555555558
7 0.108067596484375 0.47451218819444446 0.015023617968750003 0.02428059583333335
7 0.745888478515625 0.3688915993055556 0.017755185156249985 0.01699641805555553
7 0.9289034644531249 0.30333399305555553 0.03414458828124989 0.05584536944444444
7 0.928220573046875 0.22199399930555555 0.07648387421875 0.09712238194444443
7 0.9254890058593752 0.13718535347222222 0.04370507109375001 0.06763879305555555
6 0.754083180078125 0.4214417527777778 0.012292050781250018 0.024280594444444463
6 0.737693778515625 0.4275119006944444 0.023218319531249955 0.031564773611111166
6 0.770472581640625 0.4214417541666667 0.012292050781250018 0.03399283333333329
6 0.10670181289062501 0.35189518263888886 0.01775518515625001 0.041277009722222265
6 0.8380788636718751 0.30211996319444445 0.01365783515625001 0.04370507083333332
6 0.8524195902343751 0.30333399375 0.009560483593750035 0.050989251388888907
6 0.12650567421874997 0.35224205625 0.013657834374999988 0.04127700972222219
6 0.39419923554687497 0.35310921180555555 0.010926267968750025 0.03884895138888894
6 0.403759719140625 0.3543232423611111 0.008194700781249998 0.036420893055555584
7 0.30405752460937496 0.38588801597222216 0.016389400781249997 0.031564773611111166
7 0.977388778125 0.21835191111111107 0.01912096874999989 0.021852536111111102
6 0.7832581039062501 0.46097579930555554 0.004874039062499946 0.013863934722222224
6 0.79349358671875 0.4583763111111111 0.007798462500000003 0.015596924999999985