7 0.35308514921875 0.26978655 0.0889535875 0.08530800000000001
6 0.208438101953125 0.1620852013888889 0.02279323203125001 0.0362559
6 0.27081957773437504 0.3444310527777778 0.02279323203125001 0.05545020277777775
6 0.548537106640625 0.2537913013888889 0.026392163281250002 0.06611369999999997
6 0.6834970281249999 0.2900472020833333 0.017994654687500056 0.03199049861111109
6 0.22943186875000002 0.12689565 0.02399287499999998 0.0383886
6 0.274418508203125 0.4851892506944444 0.015595367968749985 0.029857798611111104
6 0.5470375515624999 0.49905180069444444 0.00959715000000001 0.023459698611111118
6 0.52184503203125 0.5054499000000001 0.011996437500000035 0.014928897222222225
7 0.569830783203125 0.49052100277777777 0.011996438281249943 0.025592400000000026
2 0.5446382632812499 0.535307701388889 0.0167950109375 0.02132699999999998
2 0.50205091171875 0.5278432513888889 0.03718895781249998 0.03199050000000001
2 0.37308920624999997 0.5577010520833333 0.05758290156250001 0.07037910138888889
2 0.43547068242187503 0.5523693006944445 0.05278432578125001 0.08530799861111113
2 0.4720598171875 0.5459712027777778 0.020393943749999987 0.04691940277777778
2 0.978669377734375 0.5553550847222222 0.04078788828125006 0.05971560277777775
6 0.72146575390625 0.4436016020833334 0.016795012499999994 0.034123201388888844
6 0.7035910617187501 0.44466794930555553 0.015595368749999939 0.03412319861111107
7 0.8247550800781249 0.40947840208333336 0.017994655468750054 0.04052130138888891
7 0.825354902734375 0.3540282013888889 0.0335900242187499 0.02772510000000001
7 0.7086895488281251 0.37322249999999996 0.025192519531250034 0.023459697222222235
7 0.27351877578124995 0.4457343 0.0215935875 0.01919429999999996
5 0.64000994296875 0.5422389763888888 0.027591806249999972 0.08530799722222224
0 0.6400099425781249 0.5795612256944445 0.015595367968750029 0.057582898611111155