2 0.12201451953125 0.4061086729166667 0.11772647031250001 0.11919913194444444
2 0.8077127273437501 0.5246147875 0.37734841718749995 0.40333659999999993
2 0.18399633515625 0.39502038125 0.0545751828125 0.09147840416666667
2 0.21674144609375 0.38393208958333336 0.04833802031250001 0.08039011250000003
2 0.253384784375 0.3749228534722222 0.03430440156250003 0.0679157847222222
2 0.587073053515625 0.44907580208333336 0.16996271640625 0.18018473472222218
2 0.5161253144531249 0.4144248916666667 0.08576100390624992 0.1219712055555555
2 0.472465166796875 0.40333659999999993 0.05769376640625001 0.09425047777777777
2 0.44478775195312503 0.3908622729166666 0.05067695703124997 0.0693018236111111
2 0.428805019140625 0.37838794444444446 0.031185819531249947 0.05821353055555553
2 0.29143147421875 0.3631415437500001 0.02027078281249999 0.033264873611111134
2 0.30390580234375 0.36175550763888886 0.009355745312499986 0.01940450972222223
2 0.31365137109374996 0.35898343402777777 0.00857610000000002 0.01940450972222219
2 0.321058003125 0.3555183430555556 0.00779645468750001 0.015246399999999995
2 0.38810751523437503 0.3485881618055556 0.024948655468750046 0.045739204166666686
2 0.3764128328125 0.347202125 0.01559290937500002 0.023562619444444464
2 0.370175668359375 0.3458160875 0.01247432734374998 0.023562616666666654
2 0.364328328125 0.3374998701388889 0.008576101562499971 0.02079054861111109
7 0.21073816640625004 0.26542597500000004 0.014813264062500008 0.012474327777777777