7 0.4796661125 0.32968276041666666 0.011470921875000073 0.03126888194444446
7 0.428811696875 0.38270390416666666 0.021412385937500035 0.02854984722222219
7 0.391340023828125 0.3847431784722222 0.024471297656250002 0.027190331944444462
2 0.34239742695312503 0.4221298826388889 0.024471296093750004 0.02311178472222224
2 0.39707548359375 0.41261326736111115 0.020647659375000016 0.025830815277777773
2 0.41313477226562495 0.42280964236111107 0.017588746093750007 0.029909362499999995
2 0.312573033203125 0.3901812451388889 0.030589121093750025 0.04622356250000005
2 0.1320972140625 0.40241689375 0.0596487875 0.06253776250000002
2 0.25942443515624997 0.4370845680555555 0.1414746890625 0.17265860277777775
2 0.378339646875 0.42484891875 0.01835347343749998 0.03126887916666661
2 0.43951788945312503 0.4309667402777778 0.03823640234375007 0.054380661111111075