7 0.353855248046875 0.42891545208333337 0.03314346640625003 0.032926843055555585
7 0.39625938984375 0.4263159645833333 0.026319810937499976 0.027727868055555563
7 0.45669747578125 0.42284998124999995 0.030219043750000018 0.034659834722222234
7 0.49666459804687496 0.4185175006944445 0.036067891406249955 0.032926843055555585
7 0.4791180562499999 0.4384469055555556 0.024370196874999993 0.017329916666666712
7 0.2246932078125 0.4817716993055556 0.016571732812499997 0.027727868055555563
7 0.24565157695312498 0.49216965138888896 0.015596925781250003 0.03465983333333335
2 0.28561869843750004 0.5294289736111111 0.04484116093749999 0.046790777777777806
2 0.24175234570312504 0.5346279486111111 0.03899231328124997 0.03985880833333337
2 0.373838809765625 0.5164315340277779 0.024370196093749998 0.027727868055555563
2 0.643373178125 0.5493583777777777 0.16766694843750002 0.19756105833333334
2 0.4571848796875 0.53029546875 0.044841160937500034 0.06931967083333326
2 0.5331765234375 0.5358362215277778 0.04670403906249998 0.056139287500000044
2 0.50397565703125 0.5181645270833334 0.02339538749999992 0.03812581805555561
2 0.435739107421875 0.5112325604166666 0.015596925781250003 0.02426188472222227
2 0.4830172871093749 0.5103660631944444 0.018521349218749972 0.025994876388888914
2 0.464008533984375 0.4852376826388889 0.011697694531250047 0.013863931944444453
2 0.49568978984375 0.4904366569444444 0.014622118750000013 0.02079590000000001
2 0.483504691796875 0.48177170069444447 0.011697692968749961 0.013863931944444453
2 0.46205891875000005 0.4731067409722223 0.009748078124999981 0.01039795138888885