2 0.4945141890625 0.44739219722222223 0.07041625937500004 0.08962069444444445
2 0.35448185390625 0.42747648680555556 0.019204434374999968 0.035563768055555535
2 0.38208822890625005 0.4281877625 0.012002771874999985 0.017070608333333345
2 0.120827900390625 0.44952602361111105 0.06401478203125001 0.05690202777777774
2 0.23685469257812503 0.4381456166666666 0.027206282031250018 0.01991570833333335
2 0.36768490273437504 0.4203637340277778 0.008802032031249985 0.01849315972222227
2 0.26606143671875 0.4338779659722222 0.013603140625000032 0.01707060972222223
2 0.294467996484375 0.4260539361111111 0.01600369609375001 0.018493158333333388
7 0.35328157695312495 0.25961550486111107 0.03120720546875 0.015648059722222225
7 0.42009700546874995 0.25534785138888894 0.03200739062500002 0.015648058333333343
7 0.41369552734375 0.29020034375000003 0.06401478125 0.054056926388888885
7 0.34607991406250005 0.2930454451388889 0.060013857812500015 0.0483667236111111
7 0.23965533906249997 0.3278979381944444 0.02160498906249999 0.0469441736111111
7 0.13443104179687498 0.2681508083333333 0.025605913281249993 0.00995785555555556
7 0.15563593828125 0.300869475 0.07921829218750001 0.05263437777777777
7 0.23805496992187497 0.30086947430555555 0.09042087890624999 0.06116967916666667
7 0.394491092578125 0.38479996597222227 0.02400554296874997 0.015648056944444416
7 0.5089175152343749 0.36203915486111116 0.019204435156250012 0.03271866527777776
7 0.919812395703125 0.15576930277777778 0.03440794453125005 0.06685988333333334