2 0.48776947578124996 0.46032592638888886 0.0767661171875 0.0818838583333333
6 0.46205891953124995 0.3076060298611111 0.007798462500000003 0.02946085972222225
6 0.49617719453125 0.36739424722222225 0.007798462499999914 0.013863933333333339
6 0.466932958203125 0.3725932194444444 0.007798463281250001 0.017329916666666712
6 0.454747860546875 0.3058730388888889 0.0068236554687500115 0.0259948777777778
6 0.43671391523437497 0.40032109027777774 0.007798463281250001 0.013863933333333339
6 0.19691118515625 0.3015405597222222 0.009748079687499977 0.04159180000000002
6 0.187163105859375 0.3041400486111111 0.009748078906250002 0.03292684444444443
6 0.02729461875 0.40552006319444445 0.011697693750000002 0.020795898611111044
2 0.010235482421875 0.5069000805555556 0.01852134921875 0.022528891666666655
6 0.24760119296875 0.3985880986111111 0.009748078124999981 0.017329916666666632
7 0.252962636328125 0.3890566430555556 0.018521349218750018 0.012130941666666692
2 0.4876476242187501 0.40595331319444444 0.012672501562499949 0.017329918055555518
2 0.50154878125 0.40465356875 0.008773270312500081 0.015596926388888871