2 0.49567540585937503 0.5263470583333333 0.010048444531250044 0.019139894444444472
2 0.5179255312500001 0.5206050895833333 0.008612951562499926 0.012759926388888863
2 0.4694776765625 0.5320890277777778 0.010766190624999972 0.028071844444444435
2 0.45691712265625 0.5308130333333333 0.025838854687500044 0.03572780000000001
2 0.53579738046875 0.5237950708333333 0.006459714062500055 0.008931950000000041
2 0.584604107421875 0.541020975 0.04808898046875001 0.06379964166666667
2 0.545486951171875 0.5180531041666667 0.012919427343749934 0.017863900000000005
2 0.52646668125 0.5263470583333333 0.016508157812500014 0.02424386388888888
2 0.48526808945312505 0.5340030159722223 0.026556600781249974 0.031899820833333335
2 0.418876585546875 0.5327270229166667 0.053113202343750034 0.06507563749999995
2 0.21388830351562502 0.5705814868055555 0.24116265234375 0.2768904513888889
2 0.0276332203125 0.5397449840277777 0.055266440625 0.06124765972222224
2 0.3821997390625 0.537193 0.019379140624999992 0.017863900000000005
2 0.328727662890625 0.5403829777777778 0.025838855468749998 0.02679584999999997
6 0.5374481871093749 0.4829633020833334 0.007177460156249982 0.01658790972222219
6 0.509097219921875 0.48104931319444444 0.00789520546875 0.015311915277777801
6 0.51771017265625 0.4963612243055555 0.006459714062499966 0.012759929166666713
6 0.47213330156249994 0.4957232284722222 0.007177459375000072 0.0165879069444445
7 0.472635733984375 0.4789226701388889 0.009330699218750026 0.012759926388888863
7 0.5996767730468751 0.42341698055555554 0.012201682031250004 0.029347836111111133
7 0.6007533921875 0.4884926173611111 0.010048443750000047 0.024243865277777762
7 0.7071677210937499 0.3056248930555555 0.026367178125000022 0.056249980555555565