7 0.53681465390625 0.2946429881944444 0.12397964843749998 0.13316332638888892
7 0.40766918789062495 0.3244899416666667 0.14464292109374996 0.1285714861111111
1 0.5837375078125 0.4951532847222222 0.08523600781249999 0.12397964722222217
2 0.668973514453125 0.5265308493055556 0.057684974218750004 0.05816329305555554
2 0.49677955976562505 0.5272961555555555 0.061128853906250044 0.08724493611111117
2 0.5316488359375 0.5341839138888889 0.010331637499999945 0.01224490555555554
2 0.7477522484374999 0.5051022694444445 0.032716851562499996 0.024489808333333307
2 0.1571269828125 0.5250002375 0.027551032812499997 0.027551033333333346
2 0.119674799609375 0.5234696236111112 0.03357782109375 0.030612261111111077
2 0.039604608984375 0.5326533013888889 0.03874363984375 0.033673486111111116
2 0.007103001171875 0.5403063659722223 0.01420600234375 0.030612259722222195