2 0.8441835945312501 0.5744867576388889 0.12477540468750004 0.11611044583333331
9 0.6692055863281251 0.5346279472222222 0.24077753828124998 0.3136715027777778
2 0.543942778515625 0.5571568402777778 0.031193852343750005 0.0987805277777778
2 0.517135562109375 0.5467588895833333 0.026319811718749975 0.060654709722222186
9 0.515185946484375 0.5112325590277778 0.05751366328124998 0.10051352083333333
2 0.477655844140625 0.5320284604166667 0.023395388281250006 0.034659834722222234
4 0.078959435546875 0.5242299972222223 0.015596925781250003 0.06758667777777774
7 0.103817035546875 0.42111699027777777 0.022420580468749986 0.010397952777777815
7 0.119901365234375 0.3977216013888889 0.019496157031250006 0.015596924999999985
2 0.44743680117187506 0.5233635006944444 0.013647310156250026 0.02772786527777771
2 0.41039410273437493 0.5242299972222223 0.019496155468749964 0.01906290833333336
2 0.43476429921875004 0.5268294847222222 0.01169769374999996 0.02079589999999993
2 0.33630870703125 0.5242299972222223 0.03899231406250001 0.057188727777777774
2 0.360191498828125 0.5242299965277777 0.014622117968750015 0.03639282638888888
2 0.375301020703125 0.5198975173611111 0.00974807890624998 0.031193851388888857
2 0.38894833046875 0.5242299965277778 0.013647309375000027 0.02946085694444444
2 0.1754654125 0.5294289729166667 0.05069000781249999 0.03985880972222217