2 0.265571023828125 0.6426526694444444 0.04732948984375 0.10657900000000006
2 0.2161380015625 0.6127357555555555 0.04943302187499998 0.04674517222222221
2 0.21508623437500002 0.5500972243055555 0.04522595781250001 0.04487536805555558
2 0.120165830859375 0.7563688833333333 0.24033166171875 0.4536790972222222
2 0.39514864375 0.6030127527777778 0.026294159374999994 0.0542244055555556
2 0.4240722296875 0.5974033319444445 0.037863609374999996 0.050484786111111096
2 0.4593064128906249 0.5936637166666667 0.00946589765625001 0.016828263888888903
2 0.448262865234375 0.59366371875 0.021035328906249973 0.03926594583333332
2 0.644312120703125 0.6114268840277778 0.06100245234374997 0.11218841805555557
2 0.508634250390625 0.594598623611111 0.01893179609375002 0.0411357555555555
2 0.6007689992187499 0.609557075 0.04207065937500003 0.06357343611111112
2 0.56669177109375 0.6114268833333333 0.023138860937500016 0.02617729722222219
2 0.5377681941406249 0.6058174618055555 0.024190627343750038 0.02991691250000004
2 0.488861055078125 0.6142315958333333 0.021035328906249973 0.02804710555555556
2 0.335964250390625 0.6185054520833333 0.13041903828125 0.22250702916666676
2 0.70483377109375 0.6213101631944444 0.1262119734375 0.14958455972222218
2 0.889944663671875 0.6886232118055555 0.21666388515624996 0.2505541347222222
7 0.380739446875 0.5400002569444444 0.012621196874999985 0.022437683333333305
7 0.7409694496093749 0.4708173993055555 0.01788002890625 0.06357344027777777
7 0.5832044843749999 0.5596332298611112 0.011569429687499966 0.020567881944444446
6 0.46751017734375006 0.5656166125000001 0.007362365625000056 0.016828261111111135
6 0.545130558984375 0.5553326743055556 0.00946589765625001 0.0224376819444445
6 0.535138778125 0.5833797770833333 0.00841413124999999 0.011218840277777769
2 0.523569347265625 0.608622175 0.012621197656250072 0.02056788055555548