7 0.697788086328125 0.09141734791666667 0.03228839296874995 0.021259851388888883
2 0.49030525390625 0.3426378909722222 0.016742131250000014 0.01913386249999998
2 0.47715072226562505 0.3440552097222222 0.009566932031250008 0.014881894444444457
2 0.46638792460937495 0.3440552097222222 0.014350397656250014 0.014881894444444457
2 0.45383132656249997 0.3472441881944444 0.017937996875000018 0.021259851388888862
2 0.43509608828125 0.34937017361111106 0.022721462500000022 0.034015758333333326
2 0.42074569140625 0.3536221416666666 0.013154531250000013 0.038267725
2 0.4087870265625 0.3600000958333333 0.022721462499999977 0.04677166666666667
2 0.39862216054687505 0.3600000958333333 0.01674213046874997 0.04677166666666667
2 0.39025109531249996 0.36956702708333333 0.023917329687499978 0.06590552916666668
2 0.35915856679687497 0.37133868472222226 0.05500985859375 0.08078742499999995
2 0.26249269023437505 0.34795285277777777 0.12078251484374998 0.06803151666666668
2 0.52458676484375 0.35007883888888885 0.04544292656249995 0.06803151666666668
9 0.594544955078125 0.36177175486111113 0.10643211640625001 0.18070870972222225
2 0.7314716839843751 0.3918898777777778 0.24156502734375004 0.3146457555555555
2 0.17579237148437502 0.4478741520833333 0.35158474296875003 0.22535439305555557
2 0.861621793359375 0.47622060416666673 0.2750492898437501 0.5038584083333333