2 0.093463041015625 0.5595506298611111 0.18596947109375 0.35816342638888893
6 0.42488858398437496 0.3589287326388889 0.009470667968750046 0.03520409861111114
6 0.597943508203125 0.34744913611111117 0.007748727343749984 0.03367348611111116
6 0.5342317445312499 0.43775529999999996 0.006887759374999991 0.00918367777777773
6 0.587611871484375 0.34897974722222225 0.007748728906250069 0.027551033333333308
6 0.63109084375 0.36045934375 0.010331637500000036 0.029081645833333288
6 0.6409919972656251 0.4446430590277778 0.01635842578125004 0.022959195833333328
6 0.703842791015625 0.39719405625 0.011192607031250024 0.0413265486111111
6 0.717618306640625 0.4400512201388889 0.02152424453124997 0.032142873611111136
7 0.63195181484375 0.41785733125 0.016358424999999954 0.013775518055555519
7 0.6147324199218749 0.41938794375 0.014636486718749975 0.019897968055555597
7 0.61430193515625 0.43545937916666666 0.01205357812500001 0.01224490277777777
7 0.7003989117187499 0.42933692777777777 0.017219396875000025 0.021428580555555576
7 0.56953150625 0.41479610486111107 0.00860969843749997 0.010714290277777788
4 0.6431444210937499 0.4852042979166667 0.009470667187499959 0.022959193055555556
4 0.6526150886718749 0.48750021805555555 0.009470667968750046 0.02755103333333327
4 0.66596011953125 0.4897961381944444 0.012053576562500012 0.0413265486111111
4 0.82308710390625 0.49132675069444437 0.01205357812500001 0.03214287361111106
4 0.6926501847656249 0.5012757361111111 0.012914547656249997 0.045918388888888884
2 0.19371819921875 0.5349492194444445 0.10503831249999998 0.12244903611111108
2 0.4976405296875 0.4829083805555555 0.008609698437500058 0.027551033333333346
2 0.507111198046875 0.4913267520833334 0.024107153906249935 0.044387776388888904
2 0.511846531640625 0.49897981458333335 0.02152424453124997 0.044387776388888904
2 0.524761078125 0.5051022673611112 0.023246184374999944 0.06275513194444444
2 0.551881625390625 0.5150512527777777 0.06198982421874995 0.09489800277777773
2 0.6500321796874999 0.5265308479166667 0.05682400468750002 0.06887758194444445
2 0.49247471093749995 0.5395410583333333 0.04132655000000005 0.1561225194444445
2 0.3430964546875 0.6428574305555556 0.3349172421875 0.43928591111111104
2 0.593638659375 0.5372451381944444 0.08954085625000001 0.10867351805555556
2 0.7593753417968749 0.5456635097222223 0.14636486171875002 0.19897968333333335