4 0.905241655859375 0.4178867388888889 0.03298578203125011 0.14348425277777777
4 0.9262964105468751 0.44408821111111113 0.02596753046874998 0.12352122500000004
4 0.951211203125 0.4453359006944445 0.03509125781250013 0.13350274027777773
6 0.9582294546875 0.30176254027777777 0.01965110468749991 0.02744916388888888
6 0.9382274378906249 0.30301022916666664 0.009123727343749976 0.024953783333333333
6 0.489410246875 0.16995308750000002 0.007018251562499955 0.03618298611111111
6 0.612580560546875 0.20052147152777777 0.009123727343750065 0.03743067361111111
6 0.332101152734375 0.17307231041666668 0.0070182507812500015 0.022458404166666668
7 0.599885046484375 0.2988215513888889 0.012632852343750046 0.03243991666666667
7 0.55145911171875 0.30194077569444444 0.011229203124999998 0.0187153375
7 0.6118160742187501 0.24579476388888893 0.023862054687500044 0.041173741666666666
7 0.893598871875 0.1553373 0.06807703906249998 0.1447319416666667
7 0.96378138671875 0.2258317361111111 0.024563879687499936 0.008733822222222187
7 0.94062115703125 0.2389324729166667 0.014738328125000066 0.019963026388888888
7 0.9486921457031251 0.2564001215277778 0.02526570546875 0.01746764861111111
7 0.8820187562499999 0.06238445833333333 0.022458403125000005 0.038678363888888886
2 0.307048502734375 0.32335944375000003 0.01754562890624998 0.01871533472222223
2 0.293362912890625 0.3214879118055555 0.02526570546875 0.022458404166666668
2 0.2702026828125 0.3227356013888889 0.02947665625 0.024953783333333333
2 0.206512049609375 0.3262707138888889 0.02245840390625 0.027449161111111113
2 0.187913683984375 0.3243991798611111 0.02456388046875002 0.03368760694444444
2 0.161595241015625 0.32377533611111114 0.03228395703125 0.03493529722222222
2 0.12474942109375001 0.32814224722222224 0.032985782812499996 0.03368760555555556
2 0.09527276367187501 0.3275184034722222 0.03579308203124999 0.04491680972222222
2 0.046846828906250006 0.3219038020833333 0.0596551375 0.053650634722222215
2 0.42091963359375006 0.3362522263888889 0.020352929687499976 0.03243991666666667
2 0.39179388945312504 0.3543437194444444 0.05474236171875 0.07860441666666666
9 0.3595099328125 0.30880306597222223 0.03088030625 0.059889079166666664
2 0.64199455546875 0.34249067361111113 0.04982958593750002 0.02744916388888888
2 0.674629425 0.3649490770833334 0.04421498437500002 0.0474121875
2 0.78692144921875 0.3792975027777778 0.08421901875 0.07610903888888884
2 0.33987478476562505 0.3236796402777778 0.009825550781250003 0.016219958333333336