2 0.3294612125 0.4528347701388889 0.017937996875000018 0.0255118180555555
2 0.352182677734375 0.44964579583333336 0.020329730468749974 0.014881894444444457
2 0.317502548828125 0.45389776388888886 0.020329730468749974 0.031889772222222175
2 0.30076041875000004 0.45921272499999993 0.03228839531249998 0.04677166388888886
2 0.275647221875 0.4730316270833334 0.03707186093749999 0.057401590277777755
2 0.24216296093749995 0.48153556736111114 0.044247059374999995 0.0786614375
2 0.20568903359375001 0.4972678729166667 0.03826772656249999 0.1254331069444444
2 0.100452784375 0.5206537062500001 0.1698130390625 0.1722047736111111
2 0.0089689984375 0.5897482166666667 0.017937996875 0.1700787888888889
2 0.410182200390625 0.4621891222222222 0.023917328906250025 0.03401575833333336
2 0.4095842671875 0.48451196319444445 0.022721462500000022 0.05314962083333338
2 0.43110986328125006 0.48876393472222224 0.037071859374999946 0.11267719722222216
2 0.463996192578125 0.49195291041666667 0.047834658593750044 0.13181105972222218
2 0.526181248046875 0.5057718125 0.10762798203125001 0.26574810555555556
2 0.377295871484375 0.4677166659722223 0.03946359140625004 0.059527576388888864
2 0.7653545429687499 0.5790119680555554 0.4651920578125 0.6201497722222221
7 0.41795533124999995 0.40074814305555556 0.013154531249999924 0.014881894444444457