6 0.22237347148437497 0.23078760347222224 0.01472473046874998 0.05235459583333331
6 0.5654747203125 0.26911864583333334 0.013672964062500004 0.04674517222222221
6 0.761629158203125 0.31960343125 0.012621196093749986 0.03926594583333332
6 0.77214682265625 0.4130937840277778 0.01682826249999998 0.02804710694444444
7 0.142439221484375 0.07065199027777778 0.09465897890625 0.07666208611111111
6 0.27391002656249996 0.10965081597222223 0.01682826406250002 0.07292247361111111
6 0.298626538671875 0.11339043194444444 0.022087094531249997 0.0766620888888889
6 0.978818926953125 0.3738278374999999 0.017880028906250088 0.035526330555555555
2 0.57496566953125 0.43473012361111113 0.010517664062500032 0.024307488888888902
2 0.5828539167968749 0.4384697375 0.00946589765625001 0.028047102777777787
2 0.5562091578125 0.4328603173611111 0.013672964062499914 0.020567876388888903
2 0.5390302953124999 0.4521816611111111 0.04101889218750001 0.0654432444444444
2 0.5921445000000001 0.45124675625000005 0.01893179531250002 0.04113575416666669
2 0.774275407421875 0.5251041333333333 0.11884960546875005 0.12153745000000006
1 0.49695963671875 0.41883676458333335 0.03260475937499994 0.04861498194444446
2 0.957282766015625 0.6497579423611111 0.08519308046875 0.19882279861111113
7 0.6645410999999999 0.4705681013888889 0.022087095312499992 0.03739613888888885
7 0.6319363402343751 0.46495867777777783 0.01998356328125004 0.03739613888888892
7 0.6361434066406251 0.41073427777777777 0.007362364843749969 0.01869807222222227
6 0.596000998046875 0.39889216250000004 0.004207066406249993 0.014958458333333308
6 0.5849574503906251 0.40076197013888887 0.0031552992187500626 0.014958459722222272
4 0.34760880546874995 0.41073427569444443 0.011569431250000007 0.052354593055555496
4 0.4228101046875 0.4182135048611111 0.010517664062499942 0.03365652638888893
4 0.47382077617187496 0.4200833090277778 0.00946589765625001 0.033656526388888844
4 0.280295753515625 0.41260408472222215 0.011569430468750008 0.0486149805555555
2 0.0090356328125 0.4335030638888889 0.018071265625 0.06357343611111112