2 0.5034629859375 0.6220375055555556 0.0263921640625 0.04691940277777778
2 0.46627402890624997 0.6110185520833333 0.02879145000000003 0.019194301388888845
2 0.52325710859375 0.6398100027777777 0.025192518749999948 0.051184802777777746
9 0.544850696875 0.5971560006944444 0.020393943749999987 0.029857801388888876
2 0.5970351984375 0.6323455520833333 0.019194301562500016 0.036255901388888866
2 0.6162294988281249 0.6259474513888889 0.014395725781250058 0.027725100000000048
2 0.631824866796875 0.6280801506944443 0.021593586718750047 0.031990498611111126
2 0.6498195234375 0.6312792020833333 0.026392162500000003 0.02559240138888883
2 0.6540182765625 0.641942701388889 0.013196081250000002 0.03412319999999996
2 0.66481507109375 0.645141751388889 0.020393943749999987 0.05758290277777773
1 0.7367936945312501 0.6163503027777777 0.13795903125000003 0.17488140277777775
2 0.56224553125 0.6611370034722223 0.07437791250000006 0.10236960138888891
2 0.4326840042968749 0.6344782527777778 0.04078788671874998 0.05331750277777777
2 0.47227224687499997 0.6515398520833333 0.06718004999999998 0.07890990138888891
2 0.19755382734375 0.6963265527777777 0.3047095125 0.24099509999999996
6 0.279129605078125 0.4819902020833333 0.011996436718749993 0.04265400138888893
6 0.8069728546875 0.2047392013888889 0.01919429999999993 0.09383880277777779
6 0.82436768828125 0.21646905277777778 0.017994656249999963 0.0874407027777778
6 0.777581584375 0.2132700020833333 0.02279323125000001 0.10236960138888887
6 0.26773298828125 0.5353077013888888 0.02279323281250001 0.02985779999999999
6 0.93113598359375 0.5459712013888889 0.013196081250000092 0.034123200000000034
7 0.2965244375 0.42973905138888885 0.013196081250000002 0.044786699999999985
7 0.27313138515624996 0.44680065208333336 0.02879145156249998 0.019194301388888925
2 0.081260316015625 0.6215620652777777 0.030322244531250007 0.03281247777777775