2 0.5230213640625 0.4924695326388889 0.005850351562500045 0.02704162083333333
2 0.5329669609375001 0.49350959513888887 0.01638098437500002 0.029121745833333375
2 0.55519829375 0.49870990763888884 0.04446266562499997 0.05616336805555551
2 0.4826539437499999 0.4893493451388889 0.05850350781250002 0.10400623750000003
2 0.40016399765625 0.4831089694444444 0.036272176562500036 0.06656399166666663
2 0.44725932109375 0.5252314972222222 0.11934715781249997 0.15808948055555558
2 0.6303753023437499 0.506510375 0.12051722656249994 0.16224973055555558
2 0.262388234765625 0.49818987708333334 0.15912954296874998 0.18305097638888887
9 0.140115901953125 0.40874451180555554 0.26326578828125 0.18305097638888887
9 0.5096825628906251 0.4730203840277778 0.023401403906250007 0.05824349027777779
7 0.5859126363281251 0.4243454479166666 0.017551053906249958 0.031201873611111115