2 0.5477206703125 0.5149599874999999 0.016828837500000037 0.02000455555555555
2 0.517247744921875 0.5021674034722222 0.011482486718749917 0.013608873611111091
2 0.660512424609375 0.5302529604166667 0.08447703046874996 0.11809148472222222
2 0.381985726953125 0.5351689201388888 0.02143061328125002 0.0272177458333333
2 0.430037049609375 0.5191052270833333 0.020201028906249974 0.022853690277777776
2 0.44902956484375 0.5177106250000001 0.017784001562499974 0.025642894444444408
2 0.46863855273437505 0.5076109527777777 0.013778983593749938 0.01633064722222228
2 0.5307205335937499 0.505025275 0.011482485937500009 0.014969761111111129
7 0.509669308984375 0.4912803048611111 0.004592994531250038 0.010887098611111097
2 0.336436850390625 0.5424836888888889 0.06812941953125003 0.0649823666666666
6 0.51632913671875 0.48889875277777783 0.006123992187499994 0.00952621111111106
7 0.69609387109375 0.42164825347222223 0.010716987499999941 0.02857863194444445