7 0.474071713671875 0.30035524027777777 0.01319608203125 0.02772510277777778
7 0.5022633421875 0.3184831902777778 0.014395726562499966 0.02132699999999998
7 0.43208418203125004 0.35047369027777775 0.010796793749999978 0.01706159999999998
7 0.528655505078125 0.3355447902777777 0.016795011718749996 0.012796200000000013
7 0.53105479296875 0.3003552395833333 0.007197862499999985 0.0319905013888889
7 0.52205746484375 0.2662320388888889 0.005998218750000017 0.02772510000000001
7 0.55504766640625 0.2726301395833333 0.026392162500000003 0.05331750138888888
7 0.55984624140625 0.31101874027777776 0.016795012499999994 0.014928899999999995
7 0.6846091921875 0.19905199166666665 0.050385037499999986 0.0554502
7 0.642621660546875 0.22997613958333332 0.019194299218749933 0.02345970138888889
7 0.122311008984375 0.19324001944444444 0.01852482578125001 0.07368405555555556
2 0.196354184375 0.3760660909722222 0.028791450000000007 0.051184801388888895
4 0.156166119140625 0.38246419097222223 0.020393944531250006 0.09383880138888887
4 0.1309736 0.38566324027777776 0.025192518749999993 0.0874407
4 0.6468204140625 0.3813978402777778 0.013196081250000002 0.03199050000000001
2 0.4950654789062501 0.40912294027777785 0.1031693625 0.1386255
2 0.554447844921875 0.4603077402777777 0.1763476320312501 0.2154027
2 0.979663805859375 0.8026060916666667 0.04067238828124999 0.3753551972222223
2 0.779323298828125 0.5776062402777777 0.44135340234375003 0.5054498999999999
2 0.0687858203125 0.44324613958333337 0.137571640625 0.3263031013888889
2 0.325315887890625 0.4389807395833333 0.20513908203125003 0.3945495013888889
4 0.22843612851562503 0.36937870694444447 0.009355746093749983 0.04851127499999998