2 0.916319376171875 0.6637358305555555 0.16571733359375002 0.4748397305555555
2 0.38114986796875006 0.5051670875000001 0.13062425156250002 0.15770224444444444
2 0.7545012718749999 0.5112325597222223 0.14817079218749996 0.1906290888888889
2 0.644347986328125 0.46097579861111115 0.06043808671874995 0.0831836027777778
2 0.23395388320312502 0.4497113520833333 0.11307771015625001 0.060654709722222186
2 0.44499978046875005 0.48610417986111115 0.04386635156249996 0.10571249583333334
2 0.47131959335937507 0.4696407590277778 0.04581596953125002 0.07625163749999994
2 0.49520238554687507 0.4592428076388889 0.03119385078125001 0.06931967083333326
2 0.521522198828125 0.45317733611111116 0.031193852343750005 0.03639282777777776
2 0.5390687390625001 0.44191289027777775 0.021445773437500027 0.03812581944444449
2 0.55612787578125 0.44711186458333335 0.006823656250000009 0.02772786527777779
2 0.6107171160156251 0.4488448569444444 0.02047096484375004 0.04159180000000002
2 0.597557208984375 0.44711186458333335 0.011697692968749961 0.02772786527777779
2 0.5926831707031249 0.4367139145833333 0.011697692968750052 0.020795898611111124
2 0.56100191484375 0.44364588125000004 0.012672501562500039 0.020795898611111124
2 0.57269960859375 0.4323814354166667 0.010722885937499971 0.015596926388888871
7 0.40113342929687495 0.38472416388888886 0.014622117968750015 0.01386393611111111