7 0.12721242304687502 0.11784343680555555 0.07700981953125001 0.10397950416666665
7 0.266609945703125 0.1499037826388889 0.04581596796874998 0.02946085972222221
7 0.535656912109375 0.12737489305555555 0.03021904296875002 0.03292684444444445
7 0.590733554296875 0.2590822638888889 0.015596925781250003 0.012130941666666692
6 0.42745324062499995 0.13344036319444444 0.008773270312499993 0.04505778472222224
6 0.587321726953125 0.11697693958333334 0.0068236554687500115 0.039858806944444464
6 0.880738888671875 0.053722743749999996 0.02047096484375004 0.06585368472222222
6 0.870016003125 0.19669456180555558 0.01852134999999997 0.03639282916666669
6 0.6077926925781251 0.2582157659722222 0.010722886718750057 0.024261881944444456
6 0.5999942300781249 0.28421064375 0.010722886718750057 0.020795898611111124
6 0.24272715351562502 0.22008994930555556 0.023395388281250006 0.051989751388888866
6 0.25150042421875 0.14557130555555556 0.015596925000000006 0.062387702777777776
6 0.590733554296875 0.2174904618055556 0.015596925781250003 0.05372274305555555
6 0.8471080175781249 0.1204429236111111 0.023395388281250006 0.07798462777777777
6 0.812989742578125 0.07018616388888889 0.023395388281250006 0.06065470833333333
6 0.843696190234375 0.20189353611111108 0.026319811718749975 0.04679077777777777
6 0.34800640078125 0.24348533749999998 0.009748078124999981 0.03292684166666666
7 0.336308706640625 0.22528892430555558 0.017546541406249984 0.010397951388888889
7 0.725450484375 0.16292751041666667 0.05225273281250002 0.08323618194444443
7 0.7340303078125 0.06585368680555555 0.07018616562500002 0.11091147083333333
7 0.7462154062499999 0.018196413194444445 0.039967121875 0.03639282638888889
2 0.48789132773437505 0.33360090555555555 0.03606788984374996 0.01906290833333332
2 0.36750255859375003 0.34053287430555557 0.025345003124999987 0.02252889305555554
2 0.35629226796875 0.35526330347222224 0.043866353125 0.06585368472222225
2 0.425503625 0.3500643284722222 0.10430444062500004 0.09704753749999999
2 0.621230893359375 0.3433536048611111 0.040385338281249974 0.059364204166666684
2 0.7710730066406251 0.33793338680555557 0.0799342429687501 0.06585368472222221
2 0.6882143394531249 0.34659834375000004 0.11892655703124992 0.07278565138888891
2 0.57172480234375 0.361328775 0.112102903125 0.13344036388888886
2 0.8973106214843749 0.3500643284722222 0.13159905859375004 0.11091147083333333
2 0.11112809414062501 0.36392826180555554 0.021445772656250008 0.08318360138888888
2 0.235903499609375 0.40552006458333334 0.24955080859374998 0.32926842916666665
2 0.965088026953125 0.3171374861111111 0.06818003046874992 0.06931966944444447
2 0.532245083203125 0.4566433194444444 0.17741502890625008 0.26861371666666667
2 0.131599059375 0.48350469027777776 0.26319811875 0.36392826111111104
6 0.586997382421875 0.15670273194444445 0.009360561718749948 0.037442244444444446
6 0.8795149253906249 0.12342073611111112 0.018721122656249988 0.06240374166666667