7 0.54365105078125 0.5082934902777778 0.005998218750000017 0.017061600000000017
7 0.56164570703125 0.5029617402777777 0.010796793749999978 0.01919429999999996
7 0.5844389382812499 0.4965636402777778 0.008397506249999954 0.01919429999999996
7 0.6396225515625 0.4688385402777778 0.025192518749999948 0.03199050000000001
7 0.7823801593749999 0.3931276902777778 0.032390381250000023 0.05118480000000005
2 0.57364214453125 0.5477484416666667 0.03718895624999998 0.05758290277777781
2 0.6042330609375 0.5424166916666667 0.033590026562499986 0.06824640277777776
2 0.6342241546875 0.5456157416666667 0.04558646250000002 0.08317530277777783
2 0.883750055078125 0.5808052902777777 0.16555083828124992 0.17061599999999993
2 0.734994230078125 0.5999995902777778 0.23752946328124996 0.22606620000000002
2 0.439881866015625 0.6426535909722222 0.26392162578124995 0.3710898013888888
2 0.933477521484375 0.7940752923611112 0.1330449570312499 0.3412319986111111