7 0.412627827734375 0.35968035069444443 0.01146481015624996 0.038365904166666694
7 0.40116301601562493 0.38725584375 0.010116010156249989 0.02158082083333331
6 0.312142129296875 0.3700711222222222 0.006069605468749994 0.019182952777777807
6 0.24335326171875 0.3724689916666667 0.006069604687499996 0.019182952777777727
2 0.30836969999999997 0.44900097152777774 0.011464809375000006 0.03836590416666665
2 0.2952188875 0.45139884097222227 0.024278423437499974 0.045559512499999975
2 0.289486482421875 0.45379670972222225 0.016860016406249966 0.04076377222222223
2 0.27532406875 0.44780203749999997 0.03304563281249999 0.05515098888888888
2 0.25812685156250004 0.4406084284722222 0.03506883437499999 0.04555950972222228
2 0.19304718828125 0.4094361326388889 0.07350967187499999 0.01918295138888892
2 0.18259397812500003 0.5304993756944444 0.2738066671875 0.25423240138888886
2 0.31747411015625 0.4394094944444444 0.005395206250000006 0.01678508333333334
2 0.322869315234375 0.44780203680555564 0.010790411718750014 0.0311722986111111
2 0.33298532421875005 0.4543961756944444 0.016185615625000028 0.04675844583333336
2 0.34175253203125 0.4597913805555556 0.026976025000000004 0.06474246111111112
2 0.35928695 0.4699823250000001 0.05125444999999997 0.08992008888888886
2 0.362996153515625 0.4879663416666667 0.03978963828124997 0.08512434722222216
2 0.40244859218749995 0.5053508923611111 0.09171848906249998 0.12708705694444453
2 0.098287870703125 0.6687485645833333 0.19657574140625 0.4304174875
6 0.33994001328124995 0.29364401180555555 0.007722456250000009 0.0015254236111110864