2 0.087402329296875 0.6366342194444444 0.17399536953125 0.2973357555555556
2 0.202387641796875 0.5820827006944445 0.13555453359375 0.16665189583333329
2 0.30354773984375 0.5347247875 0.09913689687499998 0.13667853333333335
2 0.36589848203124997 0.5235918263888889 0.04923124687499998 0.07912967777777777
2 0.38862337890625 0.5179397048611111 0.0310224296875 0.06594140138888886
2 0.40952979921875005 0.5197381069444446 0.013488012499999957 0.04555951111111109
2 0.421331811328125 0.5197381076388888 0.01146481015625005 0.0311722986111111
2 0.48570336171875006 0.5188988743055556 0.00944160937499996 0.01918295138888892
2 0.497505372265625 0.5176999381944444 0.01686001640625001 0.03836590416666665
2 0.5278534031250001 0.5230951451388889 0.055975254687499996 0.07793074305555557
2 0.458727335546875 0.5260924805555556 0.03237123203125005 0.05035524722222217
2 0.882483916015625 0.5394830583333334 0.09711369453125016 0.13787746666666664
7 0.63703886484375 0.36987129305555555 0.020232020312499977 0.02517762222222228
7 0.582886251953125 0.5148100465277777 0.01685003046875 0.04792897638888892
7 0.43736393046875 0.48528124027777775 0.01348003437499994 0.007988169444444458
7 0.529477498828125 0.4453403972222222 0.011233361718750067 0.011982252777777723