6 0.266489681640625 0.3567184979166667 0.010546867968750017 0.04218747083333333
6 0.2658305015625 0.41765595625 0.01186522656250002 0.01874998750000003
6 0.5248879414062501 0.3567184993055556 0.010546868750000016 0.05156246527777779
6 0.528183836328125 0.4106247111111111 0.009228510156249925 0.028124980555555606
6 0.673203268359375 0.3239060194444444 0.014501942968750025 0.0749999472222222
6 0.118174353515625 0.3567184986111111 0.017138660156249985 0.04687496944444444
6 0.11619681562499999 0.40945283680555555 0.013183584375000001 0.03046872916666664
6 0.09114800507812501 0.20320297777777777 0.021093736718750013 0.05390621111111111
6 0.7430762675781251 0.2430467013888889 0.019775377343749945 0.10546867777777777
6 0.7595557484375 0.2758591784722222 0.015820301562500028 0.0398437236111111
6 0.7542823140625 0.32976539097222224 0.015820301562500028 0.03046872916666668
6 0.770761795703125 0.12703115625 0.019775377343750032 0.05624996249999999
6 0.75691903125 0.1434373951388889 0.021093735937500035 0.051562462499999996
6 0.68309095703125 0.3942184722222223 0.015820301562499937 0.028124980555555526
7 0.093784721484375 0.27351543055555555 0.01318358515625001 0.06796870555555555
7 0.689682749609375 0.36492161875 0.029003886718749962 0.02578123194444445
7 0.739780371484375 0.3578903722222222 0.010546867968750017 0.03984372222222221
4 0.87557129375 0.5207808861111112 0.06855464062500012 0.3328122722222222
4 0.682431778125 0.46101530069444446 0.014501943749999935 0.08671869027777777
4 0.513022713671875 0.4938277784722222 0.02373045234375004 0.0679687041666667
0 0.487314724609375 0.48562465902777774 0.03559567890624997 0.05156246527777779
2 0.42403351796875005 0.462187175 0.009228509374999926 0.018749988888888916
2 0.41678254687500005 0.46335904791666666 0.013183584375000024 0.02109373472222226
2 0.40293978203125 0.46453092430555554 0.022412095312500036 0.037499976388888946
2 0.3844827640625 0.46570279722222224 0.0250488109375 0.03515622500000006
2 0.46160673515625 0.4668746715277778 0.01054686718750002 0.01874998750000003
2 0.45435576289062496 0.4574996777777778 0.011865225781250021 0.014062488888888917
2 0.435239565625 0.46335904791666666 0.015820301562499937 0.02109373472222226
2 0.44842315078125 0.4680465472222222 0.015820303125000025 0.025781233333333375
2 0.366025744921875 0.47156216874999995 0.02768552890625 0.046874968055555556
3 0.3363626796875 0.4809371611111111 0.03427732031250001 0.042187469444444445
3 0.3271341703125 0.48562465902777774 0.03427732031249997 0.05156246527777779
2 0.785263739453125 0.47624966597222224 0.13051748984374995 0.09843743194444446