7 0.504384788671875 0.08112248611111111 0.011192607031250024 0.01836735555555556
7 0.5056762425781249 0.10790821180555556 0.010331636718750037 0.01989796805555556
7 0.5069676976562499 0.15408169930555554 0.012914546874999999 0.030612259722222233
7 0.316693377734375 0.14413271388888887 0.011192607031250024 0.029081644444444443
2 0.360602839453125 0.33112259861111115 0.031855882031250005 0.07040819444444446
2 0.33089938203124997 0.34336750208333333 0.07059952187499996 0.08877555138888893
2 0.285698469140625 0.36938792152777783 0.08695794765625 0.14387761527777776
2 0.13373730078124998 0.4066328361111111 0.265178690625 0.26224501666666666
2 0.07418689296875 0.4607144930555555 0.1483737859375 0.3336736194444444
2 0.041613535546875 0.5112247194444445 0.08093116015625 0.22653071388888893
2 0.35629798671875 0.2339286777777778 0.04735333593749998 0.044387774999999983
2 0.41269150742187505 0.2316327583333333 0.03788266953125001 0.048979613888888884
2 0.5125640011718751 0.31275524236111113 0.06198982421874995 0.08877554861111107
2 0.7171878218749999 0.4038267131944444 0.24279347656249994 0.2494899097222222
7 0.234607403515625 0.23941959722222222 0.022955714843749985 0.03917775277777776
4 0.7325933683593749 0.2576481409722222 0.02295571484374994 0.0799879125