2 0.40018176289062507 0.3767245076388889 0.01793799609375002 0.034015756944444475
2 0.38702723203125 0.3958583715277778 0.03468012812500003 0.07228348472222221
2 0.37387270039062503 0.40011034027777775 0.041855325781249994 0.07653545277777778
2 0.3583264375 0.4213701888888889 0.056205725000000005 0.10204727222222224
2 0.28896618125 0.43306310694444444 0.13513291093750004 0.1722047694444444
2 0.1484518703125 0.5064095826388889 0.27265755468749997 0.2763780291666667
2 0.047916873046875 0.6265277256944445 0.09583374609375 0.3125197708333333
2 0.46416061953125 0.4032993180555556 0.13632877812499994 0.17645674166666672
9 0.560427869921875 0.30125204583333337 0.09447344921875 0.10417325833333331
2 0.5855410671875 0.34589772708333333 0.07533958750000007 0.048897651388888894
2 0.66984965390625 0.3852284472222222 0.10523625156249991 0.10629924444444441
2 0.741601641796875 0.47558280208333326 0.17698823828125007 0.24448825694444443
2 0.873547208984375 0.5394189368055555 0.24954073671875002 0.4912156791666667
2 0.5418919398437501 0.5733781069444445 0.3420178125000001 0.45708674166666663
7 0.779271435546875 0.20345674375 0.01315453203125001 0.04464567916666663