7 0.266631737109375 0.3637352694444445 0.01700840234374996 0.026679850000000015
7 0.6845048882812501 0.07292492013888889 0.079039053125 0.1280632736111111
7 0.683837870703125 0.20424905972222224 0.03701828984375002 0.06225298055555554
7 0.683337623046875 0.24426883263888888 0.020009885156250018 0.028458501388888873
7 0.6853386128906249 0.28073129444444445 0.02000988828125001 0.04090910277777778
7 0.685838859375 0.32519770972222223 0.01900939218750004 0.044466416666666654
7 0.67833515078125 0.37173922569444445 0.0240118625 0.04980238749999996
7 0.5577755859375 0.41086966805555547 0.011005437499999982 0.02845850277777776
6 0.336166094140625 0.40820168333333334 0.010004944531250004 0.016007908333333393
6 0.49991366835937506 0.4188736256944444 0.008003952343749976 0.012450595833333406
2 0.4248765953125 0.4283597972222222 0.01400692187499999 0.012450597222222212
2 0.405867203125 0.43992106597222225 0.014006920312500037 0.017786565277777715
2 0.38885879960937497 0.4408103930555556 0.018008897656249977 0.019565219444444417
2 0.36984940703125 0.449703675 0.014006920312499994 0.016007908333333317
2 0.45072269218750005 0.4319171104166667 0.011005435937499985 0.01600790972222228
2 0.43121305429687506 0.4408103930555556 0.01200593359375004 0.012450597222222212
4 0.303650027734375 0.46630446666666664 0.009004449218750033 0.03735178888888887
4 0.314655465625 0.4716404361111111 0.007003460937499995 0.048023727777777796
3 0.3371665875 0.47252977361111115 0.0240118640625 0.021343880555555552
6 0.501080916796875 0.43814240833333334 0.011005436718749984 0.014229249999999954
4 0.50841787109375 0.46156138124999996 0.011005437499999982 0.03735178472222221
4 0.5786192277343749 0.49624518472222223 0.01400692109374999 0.07826088888888892
2 0.446553976953125 0.5110673270833334 0.08404152265625005 0.1351778986111111