2 0.20719798671874998 0.49923846736111116 0.126211971875 0.1234072625
2 0.39861947695312494 0.4814752986111111 0.04207065859374999 0.061703630555555514
2 0.337091140625 0.44220934999999995 0.0178800296875 0.02056787222222225
2 0.022612978515625 0.45716781041666665 0.04522595703125 0.06918286250000003
7 0.4306983535156251 0.4328603173611111 0.00946589765625001 0.01682825972222225
7 0.41176655703125 0.42631599305555556 0.013672965625 0.022437686111111077
7 0.388101812109375 0.4253810895833333 0.008414130468750036 0.013088648611111055
6 0.331306424609375 0.41509715347222215 0.008414130468749993 0.018698070833333306
6 0.26083807421875005 0.41509715208333337 0.010517664062499987 0.014958454166666652
6 0.21508623437500002 0.38798494999999994 0.011569428125000013 0.016828263888888827
2 0.31217745625 0.43128433402777777 0.015035162500000032 0.02250878194444444