2 0.4894158359375 0.48890570833333336 0.012855201562500085 0.02285369166666666
2 0.48023355039062493 0.49135431874999996 0.01469165703124995 0.02775091250000001
2 0.4673783484375 0.4946191333333333 0.01652811249999999 0.03101571944444438
2 0.4549822640625 0.49706774097222217 0.013773429687499927 0.032648123611111086
2 0.564557551953125 0.45244864305555554 0.010100514843749941 0.014691658333333397
2 0.569607808984375 0.46632409375 0.014691657031250038 0.016324065277777796
2 0.5755762953125 0.4785671451388888 0.015609885937499967 0.017956470833333307
2 0.61408068046875 0.5142624319444444 0.02858751406250004 0.05016929444444445
2 0.5902679531249999 0.4957074083333333 0.021119257812499993 0.029383311111111095
2 0.61998795234375 0.5197582055555555 0.02938331249999999 0.052237002777777757
2 0.763966184765625 0.6004534805555556 0.11936971484374999 0.1452841666666667
2 0.87198429921875 0.6523095986111112 0.18272748906249997 0.1762998916666666
2 0.6451818375 0.5264510555555556 0.05050257187499998 0.06692865833333331
2 0.50823952265625 0.49298672569444446 0.03030154218750001 0.032648129166666706
2 0.548641580859375 0.5386941041666666 0.08172234453125 0.12406288611111115
2 0.9363936445312501 0.7605891666666666 0.12361909843749999 0.25340513888888894
2 0.430564474609375 0.49260762013888887 0.04036541953124999 0.04933551527777777