7 0.28141654921875003 0.18369726319444443 0.293782390625 0.22150259583333332
7 0.56864129609375 0.20817912777777778 0.07869171250000004 0.06528497777777775
7 0.564706708984375 0.2921169520833333 0.15213730859374994 0.14455959027777776
7 0.77914162421875 0.4203553006944445 0.03803432656250001 0.08860103750000002
7 0.775862801953125 0.51128794375 0.041968913281249964 0.08860103749999995
7 0.4879822917968751 0.5101221423611111 0.032788213281250034 0.053626945833333335
7 0.571920116796875 0.5349370916666667 0.045903497656249924 0.032642488888888876
7 0.6099544445312499 0.5372686958333334 0.05114961249999998 0.04196891388888891
7 0.4847034714843749 0.5605847583333333 0.010492227343749948 0.018652849999999985
2 0.390929180078125 0.6052183736111112 0.09574158203124998 0.13989637777777778
2 0.5981506871093749 0.6658401368055555 0.14820272265624998 0.20984456527777773
2 0.19026531640625 0.5839008229166666 0.2085330359375 0.25647669027777775
9 0.12169111054687501 0.40769800763888886 0.24338222109375002 0.5202812819444443
9 0.3260548359375 0.4989637416666667 0.1065138078125 0.20284974444444448
7 0.069511012109375 0.16088083055555555 0.13902202421875 0.15621761944444446