7 0.196911184765625 0.3356804923611111 0.017546541406249984 0.025994876388888914
7 0.478630651953125 0.44225948402777776 0.015596924218750008 0.031193851388888857
7 0.64678500625 0.45872290486111117 0.010722887500000056 0.032926843055555585
6 0.436226511328125 0.12858798055555556 0.02047096484375004 0.07971761944444444
6 0.212020706640625 0.37293981388888886 0.024370196093749998 0.03812581944444445
6 0.461084111328125 0.12772148472222222 0.02144577265625003 0.08491659444444445
4 0.25150042421875 0.5124456486111111 0.033143467187499984 0.08145061111111115
2 0.38797352265625 0.48818376388888884 0.013647309375000027 0.029460858333333326
2 0.373838809375 0.4890502590277778 0.01267250312499999 0.02772786527777771
2 0.356779671484375 0.4899167555555556 0.023395388281250006 0.029460858333333326
2 0.5371191230468749 0.48038530138888885 0.009748078906250068 0.013863933333333339
2 0.5278584484375 0.4786523090277778 0.014622117187500016 0.020795898611111124
2 0.5205473902343749 0.4838512840277777 0.013647308593750029 0.024261881944444418
2 0.51177411953125 0.4838512840277777 0.021445773437499937 0.038125818055555524
2 0.50884969609375 0.4907832513888889 0.023395389062500004 0.03119384999999997
2 0.49617719335937505 0.4959822270833333 0.025345003906250073 0.04159180138888882
2 0.47765584453125004 0.5159116319444444 0.033143467187499984 0.06758667777777774
2 0.47619363281249993 0.5063801770833334 0.04386635312499996 0.06931966805555557
2 0.5639263390625 0.4829847888888889 0.008773270312499993 0.012130941666666692
2 0.570262589453125 0.4821182930555556 0.009748077343749984 0.017329916666666712
2 0.577573648828125 0.4838512840277778 0.010722886718750057 0.01732991527777775
2 0.5853721113281249 0.48558427569444446 0.010722886718750057 0.020795898611111044
2 0.593657978515625 0.4890502590277778 0.017546541406249984 0.02772786527777771
2 0.60974230703125 0.49164974791666666 0.030219042187500024 0.0329268430555555
2 0.619977790625 0.49944821041666665 0.023395389062500004 0.03465983472222215
2 0.6365495234375 0.4968487229166666 0.02924423593749994 0.03639282638888888
2 0.6477598136718751 0.5107126569444445 0.04191673828125007 0.05025675833333333
2 0.4401257421875 0.5289090687500001 0.07506020468750005 0.09358155138888888
2 0.694063186328125 0.5297755652777778 0.07798462734375003 0.0987805277777778
2 0.028756831640625 0.5150451361111111 0.05751366328125 0.1490372888888889
2 0.8685537906249999 0.6268231027777778 0.2612485031249999 0.6568038666666667
2 0.554178260546875 0.4786523097222222 0.012672502343750036 0.017329916666666632