6 0.275059010546875 0.19968735694444445 0.009228508593750018 0.042187472222222216
6 0.47413113906250004 0.22078109166666665 0.011865226562499932 0.037499975000000026
6 0.090488825390625 0.31804664930555554 0.01977537734375001 0.03046872916666668
7 0.18804735234375 0.20320297777777777 0.022412093749999994 0.03984372222222221
7 0.23880415312499997 0.19968735694444445 0.018457018749999988 0.042187472222222216
7 0.49720241210937494 0.22429671180555555 0.013183585156250021 0.03046872916666668
7 0.524228762109375 0.2313279576388889 0.03032224609374996 0.021093734722222222
7 0.6699073730468751 0.18210924374999998 0.015820302343750026 0.035156226388888906
7 0.67320326875 0.21492171874999996 0.022412093749999952 0.03046872916666668
2 0.5011574890625001 0.38015598125 0.04746090468749999 0.07499994861111112
2 0.5940704875 0.3850700847222222 0.13309165937499995 0.1729841666666667
2 0.40821321718750003 0.4422653145833333 0.17797839375 0.2976560458333333
2 0.10433158906250002 0.5735152236111111 0.20830063906250001 0.4335934527777777
2 0.8030615769531251 0.5102340166666667 0.3928708242187501 0.3726559916666667
6 0.2842875203125 0.19968735555555558 0.011865226562499975 0.037499975000000026