6 0.370717765625 0.37406667708333335 0.008111645312499994 0.025513548611111107
6 0.44465852968749997 0.38571416597222224 0.008735617187499933 0.017748556944444417
6 0.43298134062500004 0.4368205083333333 0.004991782812499945 0.009983563888888922
6 0.377893451953125 0.3736705069444445 0.004991782031250036 0.022185691666666604
7 0.30956844179687504 0.41431787569444445 0.015599317968750004 0.012202131944444418
7 0.51267157265625 0.37715683611111106 0.013727399999999968 0.006655711111111155
7 0.498944171875 0.40488895486111115 0.011231509375000037 0.013311418055555574
7 0.48303286835937503 0.41320858888888884 0.010607535156249969 0.018857841666666687
7 0.5134292453125 0.3965693180555555 0.010607537499999964 0.032169255555555526
7 0.6553830316406251 0.3449875784722222 0.026206852343749976 0.0709942263888889
7 0.559736942578125 0.37993005 0.00873561796875002 0.016639275
6 0.515746868359375 0.4209735840277778 0.006863699218749986 0.01442070138888888
2 0.40044561484374996 0.46185865069444443 0.012479454687500002 0.021076412500000034
2 0.385782255859375 0.46518650208333334 0.015599317968750004 0.025513548611111107
2 0.36519115703125 0.46962364097222226 0.025582879687499994 0.02995068750000003
2 0.21762161601562502 0.48681755625 0.06988494140625001 0.08874278194444447
3 0.190478803515625 0.5084486104166667 0.030574661718750007 0.0676663708333334
2 0.12580848476562498 0.4982273513888889 0.09858768671875 0.11092848055555551
2 0.46841407148437497 0.46011548888888887 0.01684726171874997 0.038824963888888835
2 0.48058153945312504 0.46510727013888886 0.016223291406249986 0.04880852638888887
2 0.49181304726562497 0.46621655625 0.014975344531250023 0.06211994583333333
2 0.4999246921875001 0.47176298124999994 0.014975343750000026 0.06433851805555556
2 0.513652091015625 0.47620012013888885 0.021215071093750027 0.07321279583333333
2 0.534555176171875 0.48174654305555564 0.04305411484375003 0.09317991944444444
2 0.554210315625 0.48951153472222225 0.04492603437500007 0.1264584638888889
2 0.6097438863281249 0.49894045763888883 0.12354659296875008 0.1741577125
2 0.74594821796875 0.5544839361111111 0.2704475921875001 0.2652775444444444
2 0.049059843359375 0.5254048263888889 0.09733973984375 0.15640915555555557
2 0.45651401054687496 0.4560745270833334 0.01123150859375004 0.017748556944444497
2 0.427811267578125 0.4538559590277778 0.018719182031250003 0.01774855416666665