7 0.779331125 0.2887497944444445 0.03427732031249997 0.05156246388888886
7 0.5980568359375 0.3110154041666666 0.019775376562500037 0.025781233333333337
7 0.544004138671875 0.2664841847222222 0.06196284765625002 0.03515622500000003
7 0.46028837578125004 0.3039841583333333 0.015820301562500028 0.016406236111111108
7 0.25198773789062495 0.3192185236111111 0.023730452343749996 0.023437483333333335
2 0.3844827640625 0.34499975625 0.011865226562499975 0.014062490277777763
2 0.39437045234375 0.34499975555555557 0.013183584374999979 0.023437483333333297
2 0.5552101855468751 0.34734350416666665 0.021093735156250036 0.037499974999999984
2 0.5730080246093749 0.35437474930555557 0.03295896171874997 0.046874968055555556
2 0.72659678671875 0.3473435020833333 0.013183584375000024 0.02812497638888887
2 0.42930695312499995 0.3461716291666667 0.014501945312499931 0.016406236111111108
2 0.40887239570312506 0.35203100069444443 0.021093735156250036 0.02343748472222222
2 0.36075231171875 0.34968725069444445 0.022412093749999994 0.0328124736111111
2 0.18541063515624998 0.3567184972222222 0.014501943750000001 0.03281247777777779
2 0.147178239453125 0.36492161666666667 0.06987299921874998 0.06796870277777774
2 0.752963955859375 0.35085912708333333 0.02373045234375004 0.02578123194444441
2 0.6086037035156251 0.36609349166666666 0.06196284765624993 0.08437494166666666
2 0.49720241289062506 0.4328903222222222 0.13710928046875007 0.20859361111111108
9 0.6975929000000001 0.36140599444444443 0.06591792343750003 0.07968744444444442
2 0.8755376203124999 0.4399279173611111 0.24791873593749997 0.33985622083333333
2 0.44400810625 0.33888590555555553 0.014813264062500053 0.023562619444444426