6 0.2929723453125 0.6815473020833334 0.007020415624999998 0.02184129305555555
6 0.362883984765625 0.6415049298611112 0.008775519531250043 0.024961479166666658
6 0.30291793476562495 0.6987083180555556 0.005850346093750014 0.012480738888888886
6 0.3192989046875 0.6961081638888889 0.005850346875000012 0.013520799999999946
6 0.327489389453125 0.6945480722222223 0.0035102070312500013 0.012480741666666656
7 0.2918022765625 0.6373446826388889 0.016380970312499965 0.02704159861111116
7 0.65510879140625 0.5723408361111111 0.028081662499999993 0.05928351111111109
7 0.7928844507812499 0.702868563888889 0.012285729687499991 0.024961477777777852
7 0.761292579296875 0.7070288111111112 0.02749662890624993 0.03952234166666663
2 0.685823108984375 0.7319902895833335 0.04270752890625005 0.06032357083333335
2 0.6078994480468751 0.7187583944444444 0.08388806015624999 0.09464560555555547
2 0.22510832695312502 0.7205496097222222 0.04095242578125 0.04368258611111102
2 0.168652483984375 0.6893477625 0.04504766796875002 0.043682588888888874
2 0.045210174218749996 0.7283500736111111 0.05791843125 0.05096301944444445
2 0.17538038203125 0.7304301965277777 0.04563270312500001 0.04056240138888888
2 0.165434792578125 0.7741127833333334 0.05031297890624999 0.05928351111111109
2 0.125944954296875 0.763712167361111 0.04621773515625001 0.061363634722222254
2 0.13150278437500001 0.8203955256944444 0.0713742265625 0.06864406527777792
2 0.085577563671875 0.7538315833333333 0.055578291406249994 0.06864406666666664
2 0.28799955156249996 0.7351104729166665 0.028666698437500006 0.022881354166666767
2 0.32046897421875 0.7288701027777778 0.023401385937499963 0.02704159999999989
2 0.387747958203125 0.7403107812499999 0.018721108593750025 0.04368258749999999
2 0.40588403164062503 0.7257499194444444 0.017551038281249997 0.03744221666666666
2 0.359958812890625 0.75487164375 0.04621773828125 0.07280431249999993
2 0.51411544140625 0.7470711826388888 0.10530623593749996 0.16744991805555556