2 0.841456491796875 0.8014962847222222 0.3145128804687499 0.38692923888888886
2 0.703931848046875 0.6633072701388889 0.07533958671874999 0.09354333194444446
2 0.016941437890625 0.7678348520833332 0.03228839453125 0.05740159027777783
2 0.04803396640625 0.7603939062499999 0.03228839375 0.04251969861111115
2 0.0803223609375 0.7476379979166665 0.025113195312500003 0.0297637902777778
2 0.101847957421875 0.7455120138888889 0.017937997656250003 0.03401575555555559
2 0.12337355468750003 0.7412600444444444 0.0227214625 0.025511816666666694
2 0.14310535078125 0.7338190965277777 0.011958665625000009 0.02338583472222224
2 0.15625988203125002 0.7327561048611112 0.01435039843749999 0.02551181805555558
2 0.171806146875 0.7295671263888889 0.014350398437500012 0.023385833333333356
2 0.18795034375 0.7263781493055556 0.01076279687499999 0.012755906944444461
2 0.20050694296875 0.7242521624999999 0.011958664062500013 0.021259850000000018
2 0.21306354140625 0.7189371999999999 0.015546267187500008 0.014881894444444457
2 0.283021728515625 0.7380710652777778 0.06936025546874998 0.10417325833333335
2 0.360155115625 0.723189170138889 0.049030525000000005 0.057401590277777755
7 0.384072446875 0.6625986034722222 0.013154531250000013 0.021259848611111132
2 0.31770185703125 0.71149625625 0.01674213124999997 0.0255118180555555