6 0.391413304296875 0.4146525423611111 0.00841200859375002 0.029909362499999995
6 0.5367116335937501 0.39969786180555555 0.008412009375000019 0.02447129861111108
7 0.39408985156250004 0.44728093958333326 0.015294560937499969 0.01359516527777779
2 0.027785115625000002 0.5796072298611111 0.0535309625 0.14682778749999997
2 0.795444642578125 0.5202416631944444 0.40760005078125 0.6888217069444444
2 0.53607436328125 0.5077794243055556 0.012235648437499958 0.04214501249999998
2 0.5746931296875 0.5172960416666667 0.07111970781250002 0.11012083888888892
2 0.40122731796875 0.5023413597222223 0.015294560937499969 0.033987913888888874
2 0.332784158203125 0.5125377333333333 0.019118200781249994 0.02990936388888888
2 0.352794536328125 0.5179757986111112 0.018353472656250026 0.03534742777777772
2 0.37650110625 0.5152567652777778 0.026000753124999988 0.04894259444444439
2 0.21973185546875001 0.5873111409722221 0.21718276562499997 0.21752264583333336
2 0.46444483828125005 0.5426736902777778 0.12694485625000002 0.20528699722222224
6 0.5059319375 0.4461144597222222 0.0071526671874999614 0.031789627777777774