6 0.22962232539062502 0.2754113083333333 0.006828917968750003 0.038848952777777786
6 0.50073034609375 0.3033339909722222 0.008194699999999954 0.03642089027777777
6 0.0397784234375 0.3834599569444445 0.020486751562499995 0.03156477500000005
6 0.23713413515625 0.2790533986111111 0.010926267187499982 0.04127701388888892
6 0.6243337488281251 0.39681428402777774 0.017755185156250075 0.029136718055555535
7 0.051387582031250004 0.28633757638888885 0.0163894015625 0.012140297222222192
7 0.047290232421875 0.30333399305555553 0.019120967968750003 0.012140297222222231
7 0.062313851171875004 0.33854085486111113 0.030047236718750002 0.019424476388888893
6 0.44200165546875 0.41502472847222216 0.010926267187499939 0.021852534722222178
2 0.41673466093750006 0.4660139798611111 0.01502361875 0.026708656944444444
2 0.43653852265625004 0.4623718909722222 0.02731567031250002 0.0388489513888889
2 0.471366 0.46237189027777775 0.050533987500000065 0.07769790555555557
2 0.612041699609375 0.4830103958333334 0.05326555546874996 0.08012596111111113
2 0.6523323121093749 0.49393666388888896 0.07648387578125 0.09712238055555554
2 0.736327995703125 0.4902945770833333 0.13521256328125003 0.14325550972222217
2 0.8087145187500001 0.5109330805555555 0.10516532656250002 0.1602519277777778
2 0.28220498984375003 0.4684420388888889 0.010926267187499982 0.03156477500000005
2 0.26786426328125 0.4708700979166666 0.02321831875 0.036420893055555584
2 0.245328837109375 0.4708700993055555 0.02458410234374999 0.04127700972222222
2 0.1859172546875 0.47208413055555554 0.11062846093749998 0.06312954722222218
6 0.1831856875 0.4053124923611111 0.015023617187500005 0.01699641805555561
7 0.19274617226562502 0.3810318972222223 0.01775518515625001 0.012140297222222231
7 0.58950627265625 0.3652495111111111 0.0163894 0.01942447500000001
2 0.06436252539062501 0.47815427638888885 0.12701786171875 0.16267998611111112
1 0.341616569921875 0.4356632368055555 0.11336002734375002 0.14568357083333336
2 0.36893224062499996 0.48543845625000004 0.09150749218749996 0.12383103749999999
2 0.54170385 0.47694024791666667 0.09560484374999997 0.13111521250000002
2 0.8817839359375 0.5170032305555556 0.23491475781249999 0.48803996388888893
7 0.056850717578125 0.24020444583333334 0.013657836718750005 0.04127701388888888
7 0.073240117578125 0.24384653402777776 0.010926267968750004 0.03399283194444445