2 0.311677207421875 0.7038616819444444 0.03510207890624999 0.03432203333333332
2 0.417275961328125 0.6986613736111111 0.014625866406250054 0.028081661111111107
2 0.34092893945312497 0.6997014361111111 0.02223131640624998 0.028081661111111187
2 0.29383365039062503 0.7059418055555555 0.019306142968749995 0.0364021555555556
2 0.22479956210937502 0.7158223902777777 0.02047621171874998 0.049922955555555544
2 0.197302934375 0.7194626055555555 0.043877598437499984 0.05304314166666665
2 0.15254778359375 0.7283031298611111 0.053823187499999994 0.06448381805555559
2 0.065529968359375 0.7415639159722222 0.12987769140625 0.11440677361111105
2 0.437020880078125 0.706063163888889 0.039782355468750016 0.05311249444444452
2 0.580471382421875 0.6861286444444444 0.02082721953125004 0.024337466666666707
6 0.358626237109375 0.6717064548611111 0.00819048359375003 0.01352080138888883
6 0.39402083320312503 0.6701463631944444 0.005265311718749999 0.004160245833333281
6 0.438775983984375 0.6379044534722222 0.00585034609374997 0.012480740277777772
6 0.470367855078125 0.6680662388888889 0.004680277343750028 0.010400616666666689
2 0.363891548828125 0.6982280256944444 0.026911592968749964 0.03744221805555562
7 0.457380097265625 0.6396378777777778 0.00585034609374997 0.008320491666666641
7 0.46908078945312504 0.6307973548611111 0.011700692968749937 0.009360554166666665