1 0.033799412109375 0.4584371826388889 0.06459956484375 0.506249651388889
7 0.16629443671875 0.3714841194444445 0.01845701875000001 0.035156224999999985
1 0.33768103789062504 0.4640621791666667 0.03691403671875002 0.028124980555555526
2 0.23484907812499997 0.4781246694444445 0.031640603125000014 0.023437483333333297
2 0.26253460546875 0.47343717222222226 0.02109373593749999 0.01874998888888884
2 0.30735879375 0.47460904722222225 0.015820301562499983 0.016406238888888838
2 0.376572612890625 0.5285152618055555 0.06459956484375003 0.08203119027777778
2 0.3792093296875 0.47929654583333337 0.027685528125000004 0.011718741666666609
2 0.417441724609375 0.5003902791666667 0.04086911171874998 0.06796870277777774
2 0.43985381874999996 0.49687465833333333 0.025048810937500044 0.032812477777777835
2 0.45633330195312494 0.48984341388888897 0.015820302343750026 0.028124983333333298
2 0.478086215234375 0.5191402673611112 0.04877926328125 0.07734369583333339
2 0.46753934804687497 0.48515591527777785 0.025048810156249955 0.018749986111111068
7 0.485996366796875 0.4277340805555555 0.022412094531249947 0.03984372222222221