2 0.4246807195312501 0.49135431874999996 0.004591142187500008 0.013059251388888922
2 0.41825312109375 0.49380292777777773 0.008264057812499993 0.01795646944444442
2 0.39300183515625 0.4987001493055555 0.009182285937500012 0.017956470833333307
2 0.35719092109375 0.5027811645833334 0.016528115624999985 0.0195888763888889
2 0.40815260546875 0.5003325548611112 0.021119257812499948 0.02775090694444439
2 0.29107846132812504 0.5174728208333333 0.040402057031249994 0.04570737777777778
2 0.54129575078125 0.49380292847222224 0.011936970312500073 0.03428053472222222
2 0.5270632078124999 0.49625153819444445 0.0257104 0.03917775416666668
2 0.6848315832031251 0.4584325763888889 0.11386034453125005 0.17303507500000004
2 0.7798682417968751 0.508443575 0.11477857265625006 0.12732769722222226
2 0.5709712390625 0.518238011111111 0.06978537187499993 0.11753325833333332
2 0.596324823828125 0.4623117361111111 0.048714666406250016 0.05349061388888888