6 0.21705123828125 0.3117185347222222 0.014501942187500028 0.0515624638888889
4 0.06939508984375001 0.5003902791666667 0.014501943750000001 0.07734369444444443
4 0.08191949453125 0.4980465361111111 0.010546865625000002 0.0773436972222222
4 0.09905815546874999 0.49921840902777775 0.013183584375000001 0.07968744305555554
4 0.18672899492187497 0.4945309076388889 0.017138661718750003 0.07968744305555554
4 0.5413674203125 0.5695308590277778 0.098876884375 0.33281227083333337
4 0.261216247265625 0.5812496006944444 0.08437494140625001 0.30468729027777774
2 0.9203048468749999 0.5015621541666667 0.12638114374999992 0.1499998944444444
2 0.325815811328125 0.4968746576388889 0.03955075390624998 0.046874968055555556
2 0.357456415625 0.4781246708333334 0.018457018749999988 0.03281247777777775
2 0.377890970703125 0.4781246701388889 0.017138661718750024 0.02343748749999995
2 0.22232467421875 0.49687465833333333 0.04614254531249999 0.0656249555555555
2 0.28560587929687503 0.47226530000000005 0.030322246093750005 0.0539062138888889
2 0.47469968359375 0.5191402673611112 0.22921310312499993 0.15234364583333335
9 0.6598603621093749 0.38957614166666665 0.42814785859374993 0.2567845027777778
6 0.79976568046875 0.30703103680555555 0.05932613125000001 0.07968744305555558
6 0.6224464691406251 0.12656241736111112 0.02109373828125003 0.07499995138888887
6 0.678476701953125 0.10039054444444445 0.009228510156249925 0.10390620277777778
7 0.7503272375 0.18749987222222222 0.029003884375000056 0.04687496666666667
7 0.7714209750000001 0.1335936576388889 0.015820303125000025 0.03749997638888889
7 0.79383306953125 0.11132804652777778 0.031640603124999965 0.03046872916666668
7 0.05225643007812499 0.35507787916666667 0.027685527343749995 0.016406236111111108
6 0.042368741796875 0.3679684951388889 0.018457017968750006 0.014062490277777803
6 0.38439212890625 0.27304668680555555 0.0067730625000000265 0.04453121805555556
6 0.37705052226562497 0.27304668680555555 0.00527343359375001 0.04453121805555556
2 0.011206046875 0.5156246472222221 0.02241209375 0.06796870277777782