2 0.120641653125 0.5690078256944444 0.128737134375 0.18350518194444448
2 0.1838504265625 0.5463274097222222 0.06494846406249999 0.12164950555555556
2 0.22792259843749996 0.5133377125 0.0487113484375 0.10103094166666667
2 0.266775698046875 0.509214001388889 0.04523196484375003 0.09690723333333334
2 0.348541175390625 0.5143686409722222 0.13917528046875 0.18556704305555555
2 0.41464943437499996 0.4855026576388889 0.04407217343749999 0.0701031041666667
2 0.45292263671874994 0.4927191534722222 0.03943299531249993 0.05567011250000004
2 0.5242499683593749 0.5473583381944445 0.11945878203125 0.1690721930555556
7 0.5300489378906249 0.3298325284722222 0.10786084296874998 0.09690723194444442
7 0.41638912460937505 0.3586985131944444 0.06146908203125001 0.039175262499999995
2 0.50221388203125 0.4442655368055556 0.03131443750000003 0.028865984722222276
2 0.52772935 0.4422036798611111 0.019716498437500007 0.028865981944444504
2 0.548025745703125 0.44529646458333333 0.01855670546874997 0.03092784027777782
7 0.6013762695312501 0.4102449131944444 0.009278353125000027 0.026804129166666652
7 0.09454628828124999 0.4246779048611111 0.178608278125 0.14226806527777777
2 0.5781803898437501 0.4885954423611111 0.02783505625 0.04742269027777779
2 0.187329809375 0.3226160326388889 0.0533505234375 0.028865984722222234
6 0.038296278906249995 0.26694592013888885 0.019716496875 0.02061855972222221