7 0.084808282421875 0.5493583770833333 0.017546541406250005 0.04852376805555557
7 0.4654707464843749 0.46357528750000004 0.06726174140624996 0.09184856388888889
7 0.546379797265625 0.4644417833333334 0.06921135703125003 0.09011557222222225
7 0.6029186527343751 0.5502248729166667 0.014622117968750015 0.03639282638888888
7 0.8997476421874999 0.44191289027777775 0.0955311703125 0.0623877027777778
7 0.9913795792968749 0.4384469069444445 0.015596925781249915 0.0623877027777778
7 0.419167373828125 0.5736202618055556 0.01949615703125005 0.038125818055555524
7 0.485454307421875 0.5848847076388889 0.015596925781250003 0.02946085972222221
7 0.5517412410156249 0.5788192368055556 0.023395388281250006 0.027727868055555563
7 0.492765366015625 0.5320284597222222 0.012672502343749947 0.017329916666666632
2 0.0809090515625 0.6672018145833333 0.09748078593750001 0.06585368472222221
2 0.09748078437499999 0.6117460791666667 0.04289154531249999 0.02079589999999993
2 0.32119918515625 0.5632223104166667 0.032168659375 0.02772786527777779
2 0.37042698164062504 0.55888983125 0.029244235156249986 0.029460859722222288
2 0.49910161679687504 0.6221440298611111 0.023395388281250006 0.031193851388888937
2 0.539068738671875 0.6221440298611111 0.01949615703125005 0.027727868055555563
6 0.511286715625 0.5580233361111111 0.004874040624999942 0.013863933333333339
6 0.5278584484375 0.5545573520833332 0.002924423437499968 0.020795901388888892
2 0.515185946484375 0.5840182118055556 0.010722886718749968 0.020795901388888892
2 0.505925271875 0.5744867569444444 0.009748078124999981 0.008664958333333316
2 0.569287781640625 0.5952826576388889 0.017546539843749986 0.015596926388888871
2 0.692113570703125 0.5467588902777778 0.015596925781250003 0.012130944444444462
2 0.675054433203125 0.5450258986111112 0.010722886718749968 0.012130944444444462
2 0.745240598046875 0.5406934194444445 0.010722886718750057 0.01386393611111111
2 0.830536284765625 0.5450258979166667 0.01949615703125005 0.02252889305555554
2 0.798367625390625 0.5389604270833334 0.017546539843749896 0.017329918055555518
7 0.84223397890625 0.4826381951388889 0.009748078124999893 0.025994873611111143
7 0.8427213828125 0.5129655506944445 0.010722885937499881 0.020795901388888892
2 0.8885373515625 0.5328949555555555 0.041916737500000065 0.01906290833333328
2 0.9938165988281249 0.5398269229166667 0.010722886718749968 0.04332479305555555
7 0.5965824015625 0.5112325590277778 0.01169769374999996 0.017329918055555518
7 0.6116919234375 0.5146985430555555 0.010722885937499971 0.013863933333333339
7 0.396746793359375 0.5259629888888889 0.017546541406250026 0.015596924999999985
2 0.22176878476562498 0.5779527402777778 0.020470964843749995 0.012130941666666692
2 0.18131425898437498 0.5666882944444445 0.023395388281249985 0.017329916666666712
2 0.129649443359375 0.5727537652777778 0.019496157031250006 0.015596925000000065
2 0.14670858085937502 0.5744867569444444 0.010722886718749991 0.008664958333333316
2 0.154507043359375 0.5710207736111111 0.014622117968749992 0.012130941666666692
2 0.252962635546875 0.5692877819444444 0.014622116406250019 0.008664958333333396
2 0.23980273007812497 0.5692877819444444 0.011697694531250002 0.015596924999999985
2 0.06384991367187501 0.5727537652777778 0.020470964843749995 0.012130941666666612
2 0.03558048632812501 0.5736202611111111 0.01852134921875 0.017329916666666712
2 0.007798462890625001 0.5796857326388889 0.01364731015625 0.019062909722222247
2 0.01949615703125 0.5753532527777777 0.009748078124999998 0.02079590000000001
2 0.099430400390625 0.5727537652777778 0.015596925781250003 0.012130941666666612
2 0.11405251796875 0.5727537652777778 0.009748078124999981 0.008664958333333316
1 0.21445772617187497 0.5614893194444445 0.02729461953125001 0.013863933333333339
2 0.16133069843749998 0.5476253861111111 0.008773270312500015 0.006931969444444519
2 0.175952816015625 0.5510913694444445 0.014622117968750015 0.010397952777777735