2 0.110742149609375 0.5662498 0.05695310546875 0.05437498055555557
2 0.14396479296875 0.5634373020833334 0.02636717812499998 0.039374984722222214
2 0.163476505859375 0.5671873020833333 0.02531249296875 0.0356249875
2 0.171386659765625 0.5568748048611111 0.043242174218750005 0.04124998749999994
2 0.213574144140625 0.5568748055555556 0.034804675781250016 0.03749999166666669
2 0.26578115703125 0.5518748131944444 0.01898436874999998 0.03999997916666666
2 0.2805467765625 0.5493748076388889 0.03585936250000001 0.03374998750000005
2 0.3826756578125 0.5390623111111111 0.032695300000000004 0.039374986111111177
2 0.356484249609375 0.54499981875 0.029531238281249993 0.03749998749999995
2 0.521367015625 0.5298748256944444 0.02812501249999997 0.03374998750000005
2 0.549316223828125 0.5205623277777778 0.02074220078125002 0.02637498888888885
2 0.5837693261718749 0.5143123173611112 0.015820307031250015 0.024374990277777737
2 0.48673811093749997 0.5251873277777778 0.022148429687500037 0.024374991666666703
2 0.5695310507812501 0.508312332638889 0.016874993750000032 0.024374990277777817
2 0.604335725 0.5061560791666666 0.012656243749999962 0.01706247499999994
2 0.504140448828125 0.5154373354166667 0.014765621093749992 0.02437498750000005
9 0.44296859531250005 0.5156248208333333 0.046406232812500024 0.07687497500000001
2 0.32167957578125 0.5381248125000001 0.04429686093750003 0.03937498888888887
7 0.40394517148437503 0.4893748284722223 0.02742186640625004 0.039374984722222214
2 0.585954041015625 0.4881694708333333 0.01265624453125005 0.016874994444444427
2 0.40688323437499996 0.527410529861111 0.020039054687500002 0.022499990277777788
2 0.476015469140625 0.5215623256944445 0.016874992968749947 0.020624990277777755
7 0.6652409144531249 0.4443162493055556 0.013710932031249979 0.020624990277777755