6 0.20665926289062503 0.04159180138888889 0.01559692421875003 0.07625163611111112
6 0.18521349101562498 0.03639282638888889 0.017546541406250005 0.07278565277777778
6 0.172053584765625 0.04159180138888889 0.012672502343749992 0.07278565277777778
6 0.63801173515625 0.19322857777777777 0.014622117187500016 0.060654711111111106
6 0.745240598046875 0.09704753749999999 0.018521349218749972 0.09011557222222222
6 0.726719248828125 0.10138001666666667 0.016571733593749992 0.09531454722222223
6 0.8485702296875001 0.09098206527777777 0.03801750624999993 0.08838257777777778
7 0.9538494769531252 0.3301349243055555 0.014622117968749926 0.046790776388888886
6 0.28171946757812505 0.33186791597222226 0.017546541406250026 0.025994876388888876
6 0.52932066015625 0.37519270833333335 0.005848846874999936 0.015596924999999985
2 0.016571733203125 0.43324793125 0.02924423515625 0.05892171805555554
2 0.09016972578125 0.36392826180555554 0.05751366249999999 0.038125815277777794
2 0.10430443984375 0.42544946944444445 0.1384227140625 0.08838258055555552
2 0.514211138671875 0.4020540805555555 0.012672502343750036 0.024261883333333303
2 0.498614212890625 0.40292057569444445 0.016571733593749992 0.032926840277777814
2 0.485454307421875 0.40985254374999996 0.017546541406249984 0.032926843055555585
2 0.474244016796875 0.42458297291666663 0.016571733593749992 0.06238770138888891
2 0.441100550390625 0.4219834847222222 0.05751366328124998 0.08838257777777775