2 0.682738469140625 0.7191567472222222 0.02246671328125007 0.022633133333333354
2 0.65877397578125 0.7231508270833333 0.01947115156250003 0.01730769027777781
2 0.6160872203125001 0.7258135499999999 0.01797337031249997 0.022633136111111205
2 0.724052275390625 0.7377958 0.05167343984375004 0.06257395833333332
2 0.873830364453125 0.7504437256944445 0.0846246210937501 0.08520709027777787
2 0.581638260546875 0.7695265347222223 0.05991123671874998 0.08520709166666668
2 0.7920764761718749 0.7582099701388889 0.09585797890624992 0.10251478194444448
2 0.640051715234375 0.7355768347222222 0.026960057031249995 0.035946741666666705
6 0.486029898828125 0.5278845534722223 0.017973371093749968 0.03461538194444442
6 0.620455733203125 0.6586907486111111 0.011233355468749994 0.013313605555555498
6 0.714815929296875 0.6606877930555555 0.011982247656249978 0.011982247222222261
6 0.474422096484375 0.6694525979166667 0.021717822656249997 0.03860946527777776
6 0.6303161386718751 0.6854289263888889 0.008986683593750034 0.014644969444444437
6 0.6205805621093751 0.7007395743055556 0.008986683593750034 0.010650884722222208
7 0.45719761679687493 0.5987129486111111 0.05466900234374998 0.03062129722222219
7 0.6022577035156249 0.6640827847222223 0.016475589843750083 0.010650886111111093
7 0.610495499609375 0.693372725 0.011982247656250066 0.007988163888888917