6 0.30390188476562496 0.2692372368055556 0.014586861718749988 0.032033893055555554
6 0.554023658984375 0.19983047013888888 0.01716101328124999 0.03355931527777779
7 0.256280071484375 0.29364401180555555 0.06521185234374997 0.02593219861111109
7 0.74293782265625 0.1601694611111111 0.023167368749999983 0.03966100833333333
7 0.756237608203125 0.2089830111111111 0.020593216406250024 0.027457622222222217
7 0.6571327539062499 0.28906774166666666 0.023167368749999983 0.01983050555555555
6 0.656131690625 0.35542366180555557 0.012012709374999986 0.033559315277777835
2 0.45706393164062503 0.3661016256944445 0.09095337265624996 0.042711856944444467
2 0.472508844140625 0.5270337986111111 0.21794487421874997 0.28525418333333336
7 0.64718472890625 0.19372877638888886 0.02145126718750001 0.04118643333333334
6 0.784553280859375 0.29745757083333335 0.020593216406250024 0.03355931666666668
0 0.747576658984375 0.4492372027777778 0.05663134453125007 0.07627117222222227