6 0.44595664765625004 0.2685676951388889 0.010071289062500011 0.0572944402777778
6 0.45703506484375006 0.2757295020833333 0.00805703124999999 0.05729444027777776
6 0.432863972265625 0.26856769583333334 0.010071288281250012 0.05013263611111114
7 0.4061750578125 0.38226135625 0.013092674999999953 0.05550399027777778
7 0.391571689453125 0.3249669118055556 0.016114063281250025 0.01611405972222223
7 0.41272139414062503 0.3357096201388889 0.014099803906250052 0.019694965277777813
7 0.5688263687499999 0.410908575 0.026185349999999996 0.044761283333333304
7 0.5733584484375 0.34376665277777774 0.017121190624999994 0.0501326361111111
7 0.57789052734375 0.2909483388888889 0.014099806249999958 0.055503994444444475
7 0.527503634375 0.1521493097222222 0.054324059374999935 0.13241529444444444
2 0.524009133984375 0.6544099527777778 0.28904598515625 0.40285154444444443