6 0.6698129429687499 0.2597828194444445 0.022609718749999973 0.06375767500000001
6 0.692032839453125 0.4212560638888889 0.021830074218750006 0.04296712777777777
6 0.6680587296875 0.4244736548611111 0.009550657812499974 0.021483562499999997
6 0.511544910546875 0.5086753895833334 0.01013539296874999 0.01663244027777782
6 0.521680300390625 0.5225357534722223 0.01169468359375001 0.01386035972222217
7 0.522947212109375 0.5093683854166667 0.013253972656249946 0.011088290277777841
7 0.5416587035156251 0.5197636604166667 0.010135389843749999 0.0180184736111111
7 0.597403357421875 0.4560059840277778 0.014033619531249996 0.02079054583333328
7 0.47032114257812496 0.5162985701388889 0.014033621093749993 0.011088293055555611
7 0.662503755078125 0.176026625 0.038202628906249994 0.10395273333333331
7 0.668351095703125 0.33403477986111113 0.031185819531249947 0.03742298472222221
7 0.6722493234375 0.3763088895833333 0.03274511093750006 0.02217658194444449
7 0.48474458320312497 0.52322875 0.011694682031250014 0.013860366666666677
6 0.492151216015625 0.5204566763888888 0.006237164843749987 0.016632436111111086
2 0.524506503515625 0.546098351388889 0.014813264843749962 0.03742298055555556
2 0.535421540234375 0.5488704249999999 0.017931846093750002 0.04019505555555559
2 0.5428281726562499 0.5620377708333333 0.021830073437500007 0.049897311111111106
2 0.5767427515625 0.5564936256944445 0.06938844843749994 0.0776180402777778
2 0.45550787695312495 0.5460983513888888 0.015592910156250018 0.03187883611111112
2 0.43445744960937505 0.5551075881944445 0.02338936640625002 0.033264873611111134
2 0.40872914765625 0.5627307902777778 0.026507946874999976 0.03187883888888889
2 0.5876577882812499 0.5779771909722222 0.07094773906249996 0.09009237083333335
2 0.495729233203125 0.5384751729166666 0.010135391406249994 0.01524640138888892
2 0.489492067578125 0.5433262979166668 0.008576099218749977 0.0166324347222222
2 0.485524229296875 0.5474843881944444 0.01013539296874999 0.015246401388888841
2 0.5139812890625001 0.5412472243055556 0.012474328125000067 0.013860365277777712
2 0.19042841054687498 0.5959956645833333 0.08576100390625 0.10118065972222223
2 0.28359604765624996 0.5918375534722222 0.0990149765625 0.1039527319444444
2 0.10622669765625 0.6181722451388888 0.0966760390625 0.09840858472222219
2 0.029392635156250003 0.6389627923611111 0.058785270312500006 0.11088291527777783
2 0.95389625625 0.5488704243055555 0.09121852187500004 0.14414778749999999