7 0.18277647109375 0.17156618124999998 0.036067890625 0.020795898611111103
7 0.20081041640625 0.09271505763888889 0.027294620312500007 0.019062912500000008
7 0.21445772617187497 0.17329917222222224 0.011697694531250002 0.017329916666666653
7 0.76912338984375 0.11351095694444445 0.025345003125000078 0.01906290833333334
7 0.772047813671875 0.020795900694444442 0.015596925781250003 0.024261881944444442
6 0.208608878125 0.13257386805555554 0.007798462500000003 0.046790777777777785
6 0.75596348359375 0.03725932361111111 0.010722885937499971 0.05372274444444445
6 0.226579353125 0.24334162291666664 0.018648287500000027 0.026282301388888898
6 0.7515768480468751 0.18109763472222223 0.019496155468749964 0.029460858333333326
7 0.34849380546875 0.2183569576388889 0.026319812499999973 0.0554557347222222
7 0.626314041015625 0.16896669236111111 0.03021904296875002 0.025994873611111104
4 0.06921135703125 0.3838576659722222 0.05069000781249999 0.1923620819444444
4 0.188137914453125 0.3292684284722222 0.029244236718750004 0.12477540416666666
4 0.259786291796875 0.3284019326388889 0.020470966406250034 0.0710526625
4 0.32071178125 0.31280500694444446 0.02339538750000001 0.07798462500000002
4 0.009171640625 0.4579335854166666 0.01834328125 0.28505818194444443
4 0.11990136484375 0.3188704763888889 0.009748078125000004 0.020795899999999968
4 0.13501088632812502 0.3188704770833333 0.012672500781250018 0.024261881944444456
4 0.14914560078125 0.32060346875 0.0097480796875 0.02772786527777779
4 0.16181810234375 0.3223364597222222 0.007798462500000003 0.02426188333333334
4 0.20470964765625 0.30240705625 0.013647309375000005 0.032926843055555585
4 0.274895811328125 0.3162709909722222 0.015596924218750008 0.0675866791666667
4 0.304140048046875 0.3136715034722222 0.01949615703124996 0.07971761805555554
4 0.36214111484375 0.3119385125 0.018521350000000013 0.07625163611111113
4 0.390897946484375 0.3084725270833333 0.017546541406250026 0.08318360138888888
2 0.609254902734375 0.36479475902777775 0.24565157734374993 0.37259322361111114
2 0.47375661328124996 0.30587303819444445 0.04679077656250001 0.07105265972222223
2 0.41721775859375 0.2963415847222223 0.03509308281249997 0.06931966944444443
2 0.43671391523437497 0.27814517222222224 0.015596925781250003 0.04679077777777777
2 0.025345003906250003 0.3509308236111111 0.05069000781250001 0.10224651111111108
2 0.10576665234375 0.3509308263888889 0.13354867499999998 0.07451864722222226
4 0.9460510136718749 0.36219527083333336 0.10040520859375004 0.4297819472222222
4 0.9869929441406249 0.31540449236111107 0.022420580468750017 0.28074465972222223
2 0.9397147636718749 0.2634147423611111 0.11697694140624985 0.22528892361111114
4 0.8573435011718751 0.2547497840277778 0.020470966406250034 0.10051352083333336
4 0.75498867578125 0.24261884027777778 0.010722885937499971 0.0623877027777778
4 0.719408190625 0.25648277569444444 0.01754654218749998 0.08318360138888892
4 0.70429866953125 0.235686875 0.008773270312500081 0.03465983611111112
4 0.739879155078125 0.25648277569444444 0.013647310156249936 0.06931967083333335
2 0.450361224609375 0.266880725 0.023395388281250006 0.04159180000000002
2 0.466445554296875 0.25908226319444444 0.00877327109374999 0.019062912500000015
4 0.338745726953125 0.3084725270833333 0.012672500781249995 0.08318360138888888
2 0.49081575078124995 0.25648277569444444 0.01852134999999997 0.020795901388888892