2 0.3085320703125 0.4339287687499999 0.024107153124999982 0.026020420833333367
2 0.270649400390625 0.43545937986111105 0.05165818671875 0.06275512916666667
2 0.22846188203124998 0.464541025 0.037882670312499964 0.059693905555555524
2 0.198758425390625 0.46377571875 0.038743639843749976 0.10408167916666665
2 0.143656359375 0.4599491881944444 0.0852360078125 0.14846945416666668
2 0.38257547187499996 0.4339287645833333 0.020663275000000026 0.03826532361111114
2 0.40237777695312504 0.4431124444444444 0.020663274218750027 0.03214287222222225
2 0.417014262109375 0.45000020416666664 0.020663274218749982 0.02142858333333327
2 0.43939947695312503 0.440816525 0.056824005468749925 0.10102045277777781
2 0.48503087460937505 0.4683675583333334 0.07920921953124997 0.1438776138888889
2 0.591360642578125 0.5066328812500001 0.18166462265625008 0.21428581249999998
2 0.8234301519531251 0.6111259166666667 0.34618616015625003 0.4476684027777778
2 0.067891018359375 0.5127553326388888 0.13517225390624998 0.2816327791666667
2 0.33496506171874996 0.4327967479166667 0.02841200156250001 0.02908164583333333
6 0.3655294890625 0.3952967305555556 0.012053576562500012 0.024489808333333307