2 0.385615981640625 0.6250760277777778 0.04011796015625002 0.04075475277777774
2 0.359109471875 0.6283873493055555 0.03581960781250002 0.043301926388888905
2 0.328304609765625 0.6322081069444445 0.048714666406250016 0.05094344166666668
2 0.43174566328125 0.61811375625 0.028655685937500053 0.03566040972222224
2 0.46040134921875 0.6168401701388889 0.028655685937499963 0.03820758194444451
2 0.5083996234375 0.6308496145833333 0.024357332812499966 0.030566062499999998
2 0.7319139765625 0.6525005791666666 0.12465223437500006 0.1400944666666667
6 0.47544558437499995 0.5939156215277778 0.010029490625000026 0.028018893055555574
2 0.259811546484375 0.6274533909722223 0.06304251015625 0.07811327083333335
6 0.49622095703125 0.6028307229166666 0.008596706249999997 0.02547172083333338
6 0.501952094140625 0.6036797868055556 0.008596705468749999 0.030566062499999998
2 0.08501186093749999 0.6622647458333333 0.09742933281249999 0.09679253888888889