6 0.44892910273437503 0.2579354673611111 0.011700700781250007 0.049922993055555524
6 0.60864368046875 0.29745783680555554 0.012870771874999942 0.029121745833333337
6 0.604548434765625 0.38794326250000005 0.007020421093749984 0.01872112222222226
6 0.5513102417968749 0.3952236993055556 0.010530630468749979 0.0166409986111111
6 0.4617998742187501 0.2568954048611111 0.011700701562500004 0.04784286805555552
7 0.621514451171875 0.38794326388888895 0.019891192968750016 0.01040062222222223
7 0.715705099609375 0.37026220347222216 0.02340140234375001 0.016640995833333328
6 0.58407220625 0.4077044506944445 0.010530631249999978 0.0166409986111111
6 0.5969429785156251 0.4077044506944445 0.00819049140625001 0.0166409986111111
2 0.612153891796875 0.4337060090277778 0.01053063046875007 0.01456087083333336
2 0.59694297890625 0.4285056972222222 0.012870771874999942 0.016640999999999986
2 0.58407220625 0.4316258833333333 0.010530631249999978 0.0228813722222222
2 0.6279498386718749 0.43890632152777775 0.021061263281249954 0.020801245833333266
2 0.64257571484375 0.4368261972222222 0.012870771874999942 0.02912174722222226
2 0.743786784375 0.4836290041666667 0.07722463125000001 0.08944536388888882
2 0.86605911875 0.5013100638888889 0.20476227812500003 0.20385222499999997
2 0.300915226171875 0.4836290027777778 0.12987778984374998 0.12688761111111113
2 0.5723715046875 0.43682619652777777 0.01287077187500003 0.020801245833333346
2 0.557160593359375 0.43890632152777775 0.019891192968750016 0.020801245833333266
2 0.54253471640625 0.4337060090277778 0.014040842187499968 0.022881370833333393
2 0.534344225390625 0.43890632222222226 0.011700700781250007 0.024961497222222247
2 0.526153734375 0.43578613402777777 0.014040840624999973 0.02704162083333333
2 0.51386799765625 0.43890632013888886 0.01755105312499996 0.03744224583333333
2 0.506262540625 0.43890631874999997 0.016380981249999937 0.04576274305555559
2 0.37638475234375 0.46282775486111105 0.05148308750000004 0.08528511527777777
2 0.46999036640625 0.43994638055555557 0.05148308749999995 0.0686441138888889
2 0.668902294921875 0.4451466944444445 0.042122525781249996 0.04992299444444441
6 0.418507277734375 0.3858631375 0.009360560156249953 0.022881372222222276
6 0.731501048828125 0.38482307638888885 0.010530630468749979 0.02080125
6 0.7203853816406249 0.38274295069444436 0.009360560156250041 0.0166409986111111