2 0.12476614570312501 0.2969529138888889 0.04877926328125 0.03984372222222221
2 0.23880415312499997 0.3379685090277778 0.018457018749999988 0.06562495416666667
2 0.461606734375 0.33328101527777776 0.01054686718750002 0.023437483333333335
2 0.44710479140625 0.3309372652777778 0.023730451562500043 0.037499974999999984
2 0.43128448984375006 0.33328101250000003 0.018457018749999943 0.037499975000000026
2 0.41216829101562497 0.32976539097222224 0.02768552734374996 0.049218718055555555
2 0.6573829671875 0.3473435048611111 0.02241209375000004 0.046874968055555556
2 0.6883643914062499 0.36257786805555553 0.07119135625000003 0.09609368611111112
2 0.726596787109375 0.39061287916666665 0.11337882734375002 0.12872622222222224
2 0.7938330683593751 0.3473435048611111 0.042187471093749984 0.046874968055555556
2 0.890073236328125 0.33562476180555556 0.1107421101562501 0.046874968055555515
2 0.8656836050781249 0.4328903194444444 0.22543929765624995 0.20859360555555553
2 0.5084084597656251 0.3309372652777778 0.014501942968750025 0.023437483333333335
2 0.6013527316406251 0.31804664930555554 0.10283196015625 0.10078118194444442
2 0.48929226171874995 0.3274216409722222 0.018457018750000033 0.02578123194444445
2 0.57300802421875 0.3953903465277777 0.17534167656250005 0.32109352916666667
2 0.173545409765625 0.33562476319444445 0.12524405390624999 0.11249992361111115
2 0.03248105390625 0.2899216680555556 0.056689415625 0.06328120555555555
2 0.9671972074218751 0.36960911319444445 0.06459956640625002 0.09140618472222223
2 0.961923773828125 0.5430464944444444 0.07514643359375003 0.25078107777777775
9 0.319224019921875 0.2946091659722222 0.16083973359375 0.2179685986111111
7 0.850522483203125 0.23484358125 0.015820302343749936 0.028124981944444412