6 0.44530776093749996 0.3538749756944445 0.009248492187500013 0.03820758194444444
6 0.8316630570312501 0.3102091708333333 0.01398669843749989 0.05349061388888888
6 0.30917438476562503 0.32139853819444447 0.01944493046875002 0.0474865625
6 0.7666714421874999 0.35496662777777777 0.012954053124999998 0.03820758055555551
6 0.30589944921875 0.4355664284722222 0.012895059374999995 0.03311323749999996
7 0.24357333203125 0.3324059583333333 0.03152125468750002 0.0662264722222222
7 0.540159683203125 0.3884437444444444 0.017193411718749996 0.020377377777777796
7 0.5845759968750001 0.3858965715277778 0.03152125468750002 0.0458490986111111
7 0.31035157890625 0.3701906423611111 0.026915348437499986 0.039908959722222234
7 0.5820246296875 0.46986096805555555 0.014956246875000013 0.04733978611111114
7 0.66767748671875 0.48781429930555553 0.014327843750000024 0.04081644027777776
7 0.60964972265625 0.4826891125 0.01862619687500002 0.04584909722222221
7 0.798777250390625 0.4100947090277778 0.015760627343750055 0.033113237500000045
7 0.24285693945312498 0.4747432388888889 0.01862619609374998 0.029957350000000025
7 0.666483505859375 0.3858965729166667 0.02435733359375005 0.053490615277777764
7 0.6149032722656249 0.38207581458333334 0.02435733359375005 0.0458490986111111
2 0.43843199726562504 0.48735893472222214 0.017193411718749996 0.020377375000000027
2 0.42123858554687493 0.49117969375000003 0.014327842968749938 0.022924548611111106
2 0.41049270273437505 0.489906107638889 0.015760625781250058 0.02037737638888891
2 0.0580277640625 0.5051891402777777 0.04155074375 0.025471722222222267
2 0.0494310578125 0.49372686527777776 0.05014745 0.02801889166666669
2 0.4549090171875 0.4899061083333333 0.0128950578125 0.0152830361111111
2 0.12178666640625 0.5383023777777778 0.14900956875000002 0.12735860277777777
2 0.355330507421875 0.5252268791666667 0.11462274296875 0.1375472944444445
2 0.49660304296874996 0.5188589486111111 0.09169819531250001 0.12481143333333336
2 0.925435396484375 0.4819249541666666 0.04155074453124996 0.04075475277777774
2 0.8823085796875001 0.4814155270833333 0.03152125468749993 0.03566040972222224
2 0.025790117968749998 0.5616514472222223 0.051580235937499996 0.19358508055555557
2 0.280109331640625 0.4928778 0.030088469531249995 0.030566063888888884
7 0.310197802734375 0.48268911388888885 0.01576062734375001 0.025471722222222267
6 0.8465367195312499 0.3158493402777778 0.015760626562500057 0.040754752777777785
7 0.24317753320312496 0.5035973680555555 0.019282800781249998 0.02448609444444448
6 0.455441378125 0.35341598125 0.011018742187500052 0.03428053472222222
6 0.15870050351562498 0.43013907916666666 0.017446342968749983 0.031015719444444458