2 0.070598311328125 0.4809791763888889 0.06347242734375 0.11012083888888892
2 0.028607784765624998 0.4694232847222223 0.057215569531249996 0.108761325
2 0.31035213085937496 0.4345921256944444 0.03747167578125001 0.046223562499999975
2 0.355471083984375 0.43051357638888893 0.01911819921875 0.0271903305555555
2 0.33291160820312504 0.4475075319444444 0.03976585859374997 0.05574017777777777
2 0.386824934375 0.42779454166666664 0.03441276093750001 0.04350452777777779
9 0.42365933984375 0.4085347180555555 0.013765104687499984 0.0203927472222222
9 0.186253755078125 0.41050790069444437 0.20035874921875002 0.25966765694444444
9 0.49598077343749997 0.4117393006944444 0.00764728124999996 0.01359516527777779
9 0.484127489453125 0.41989639930555556 0.011470921093749985 0.01631419861111109
2 0.46634507617187493 0.41800885 0.015294560156249925 0.021752266666666662
2 0.45669560117187497 0.4234894 0.012235649218750044 0.023111780555555583
2 0.44445995273437494 0.43164649930555554 0.022941841406249976 0.03942597916666667
2 0.42327697539062503 0.44252263055555563 0.03517749140625002 0.04214501388888887
2 0.378158021875 0.4649546555555556 0.06270770000000003 0.07069486111111113
2 0.256653167578125 0.5217598486111111 0.16041907734375 0.1734291166666666
2 0.8644135078125 0.30181267152777774 0.19729983906250004 0.16586101527777777
2 0.022065558984375 0.5098187006944445 0.04358949765625 0.1305135875
2 0.567671543359375 0.38933540833333335 0.02523602578124997 0.021752263888888894
7 0.584113196484375 0.3703021777777778 0.019882928906250007 0.03806646111111106
7 0.48642166328125 0.34968708680555555 0.016059289062500072 0.01495468194444444
7 0.42830233164062503 0.35444539374999995 0.052766236718750026 0.03534742916666664
7 0.440920344140625 0.32997409791666665 0.021412385156249946 0.008157101388888914
7 0.52695225 0.38163572361111114 0.00994146406249996 0.010876130555555521
7 0.513569509765625 0.3748381416666667 0.012235650781250041 0.013595166666666674