2 0.05677150078125 0.37889725347222225 0.03594221875 0.03670694583333337
2 0.09041953476562499 0.3843353208333333 0.03441276171875 0.03670694722222218
2 0.28963119179687496 0.3720996715277778 0.03517748984374998 0.03670694583333333
2 0.37413364179687497 0.36054378125 0.01452983203125 0.027190329166666694
2 0.46245973124999995 0.327235625 0.009176735937499991 0.014954680555555554
2 0.166509976171875 0.3897733861111111 0.06423715703125002 0.04758307777777778
2 0.357182623046875 0.38629691666666666 0.049707324218749974 0.06253776111111115
2 0.390175183203125 0.3400733541666667 0.013000377343750013 0.01631419722222221
2 0.413972780078125 0.3353474111111111 0.015294560156250015 0.01903323055555555
2 0.43423807382812496 0.34350451111111113 0.016059288281249983 0.021752263888888894
2 0.4790824808593751 0.33466765277777777 0.016608385156250006 0.017673713888888897
2 0.46253301210937503 0.34554378611111114 0.011470921093749985 0.017673713888888897
2 0.47056265625 0.34078547847222224 0.009176735937499991 0.01359516527777779
2 0.44277754140625003 0.3933534534722222 0.06041351562499999 0.08247734305555561
2 0.610148711328125 0.3428183083333333 0.016059288281249983 0.033987913888888915
2 0.634620009375 0.33873975833333336 0.014529832812500042 0.025830813888888887
2 0.623149087890625 0.34825637430555556 0.020647657031249978 0.025830815277777773
2 0.730975731640625 0.3381836006944444 0.02523602578124997 0.029909365277777804
2 0.7915114546875 0.36034623125 0.11241502343750005 0.08564954027777777
7 0.46920313359375 0.2887226048611111 0.04435422656250001 0.021752265277777776
2 0.447547534765625 0.3292749034722222 0.00841200859375002 0.01359516527777779
2 0.5581667203125 0.32571443333333333 0.012914546874999999 0.021428580555555538
2 0.50478659453125 0.34331648263888886 0.018080365625000018 0.01989796805555556
2 0.70289571875 0.34178586944444445 0.01721939531250003 0.02908164444444448