2 0.086533749609375 0.49335903680555554 0.17270495859375 0.3914059819444445
2 0.24869184140625 0.4453121944444444 0.154247940625 0.15937489166666663
2 0.319224020703125 0.4124997166666667 0.08964837578124998 0.12187491666666668
2 0.38975619765624997 0.40781221805555556 0.04614254687500004 0.05624996111111105
2 0.40030306601562504 0.40078097500000004 0.04086911171875003 0.06093745833333336
2 0.43260284843749996 0.3902341048611111 0.029003885937499963 0.0351562236111111
2 0.44051299882812495 0.39960910208333333 0.013183585156250021 0.03046872916666664
2 0.44842315078125 0.38906223263888884 0.015820303125000025 0.0374999736111111
2 0.480722931640625 0.4207028354166667 0.06987299921875004 0.10546867916666669
2 0.517636968359375 0.3925778534722222 0.019775377343750032 0.03515622638888887
2 0.528843016015625 0.3949216020833333 0.018457017968749944 0.053906212500000016
2 0.5459816765625 0.3949216041666667 0.023730451562500043 0.06796870277777782
2 0.58355489375 0.39374972847222217 0.07250971562500004 0.09374993472222219
2 0.596079298828125 0.42421845625000004 0.05009762109375 0.10312492638888884
2 0.64749527890625 0.4253903319444444 0.1054686765625 0.13359365833333334
2 0.748349700390625 0.4699215520833333 0.20698227734375002 0.19921861249999995
7 0.6929786457031251 0.29179667430555556 0.03295896171874997 0.08671869027777777
7 0.66529311796875 0.2882810520833334 0.02241209375000004 0.018749987499999992
2 0.8373388984375 0.4185934604166667 0.06064448906249993 0.08249994027777774