7 0.9234770492187501 0.34322027499999996 0.0609215984375 0.10525421666666664
7 0.39067047656250004 0.5846948097222222 0.014586862499999987 0.010677963888888876
7 0.38466412109375003 0.5976609090277778 0.0248834703125 0.021355929166666638
7 0.406973439453125 0.6091015847222222 0.014586860156249947 0.01677965555555553
7 0.50736536953125 0.5953727729166667 0.01458686250000003 0.016779656944444415
7 0.15516926757812502 0.6586560590277778 0.012870760156249994 0.016779656944444415
7 0.08523813554687501 0.6800119895833333 0.010296608593750001 0.02288135416666661
7 0.27744149023437503 0.6403509784722222 0.006864407031250019 0.016779659722222263
7 0.33578893593750003 0.59992725625 0.01716101406249999 0.018305081944444464
2 0.34793955234374996 0.6214575013888889 0.009438556249999985 0.009152541666666675
2 0.340217097265625 0.6252710597222222 0.009438557031249984 0.010677963888888876
2 0.36552959257812495 0.6191693652777778 0.008580507031249995 0.010677963888888876
2 0.3741100984375 0.6199320763888889 0.006864404687499981 0.009152541666666675
2 0.36467154140625 0.6283219048611112 0.006864404687500025 0.010677965277777762
2 0.370248870703125 0.6298473298611111 0.007722457031250007 0.010677965277777762
2 0.37840035195312505 0.62755919375 0.006864405468750024 0.012203387499999963
2 0.395990390234375 0.6359490215277778 0.011154658593749955 0.016779659722222187
2 0.40242577031250004 0.645864275 0.006864404687499981 0.018305080555555502
2 0.40800310117187505 0.6397625798611111 0.007722457031249963 0.018305081944444464
2 0.43674779726562496 0.6412880048611111 0.01544491171875002 0.018305081944444388
2 0.45347978593750005 0.637474445138889 0.01973516562500004 0.03203389027777774
2 0.4667795726562501 0.6405252930555556 0.027457621875000005 0.03203389166666671
2 0.51697553828125 0.6374744458333333 0.05234109218749996 0.07779659444444446
2 0.42001581054687503 0.6451015625 0.023167367968749984 0.03813558611111113
2 0.385693782421875 0.6245083472222223 0.012870760156249971 0.015254233333333329
2 0.384406707421875 0.6496778319444444 0.024025419531250015 0.03813558611111113
2 0.341075148046875 0.6496778340277778 0.01115465859375 0.016779659722222187
2 0.31318849921875 0.6573049506944445 0.022309318749999994 0.02593219861111109
2 0.268140837890625 0.6634066451388889 0.012870760156250017 0.02288135416666661
2 0.28401477578125 0.6641693548611111 0.018877115625000006 0.021355929166666638
2 0.252695926953125 0.6679829152777778 0.031747875781250025 0.025932200000000055
2 0.48522766210937507 0.6451015631944444 0.016302963281250006 0.02288135138888892
2 0.198638733203125 0.6688981777777777 0.05405719296874998 0.05644066666666663
2 0.152303996484375 0.6872032597222222 0.045476686718750006 0.04118643333333338