7 0.6214400023437501 0.2772786756944444 0.024370196874999993 0.051989751388888866
2 0.3328968796875 0.3691272368055556 0.016571732812499997 0.024261881944444497
2 0.35726707539062497 0.36392826180555554 0.014622117968750015 0.013863931944444453
2 0.38651131093749996 0.38125817986111105 0.01852134843750002 0.034659834722222234
2 0.399183812890625 0.3821246763888889 0.026319811718750065 0.03292684444444447
2 0.405520063671875 0.39338912083333333 0.021445772656249983 0.041591802777777784
2 0.42160439296875 0.40032108888888884 0.032168659375 0.05198975277777775
2 0.440613146875 0.40378707222222215 0.027294620312500052 0.06585368611111109
2 0.457184880078125 0.41071903750000005 0.040941930468749985 0.07625163611111113
2 0.48204248046875 0.42025049375 0.05556404687500001 0.10224651249999997
2 0.540530950390625 0.4193839965277778 0.11600213359375004 0.1629012208333333
2 0.658970104296875 0.45924280694444447 0.21445772734375002 0.2426188416666667
2 0.27148398515625 0.3604622798611111 0.039967121875 0.06238770416666664
2 0.251500424609375 0.3725932222222222 0.023395388281250006 0.03812581944444445
2 0.180339451171875 0.37345971736111117 0.04484116015625002 0.06412069305555555
2 0.20617185976562497 0.38125817986111105 0.07506020546875 0.06585368472222221
2 0.941176975390625 0.6108795833333334 0.11600213359374986 0.22702191666666668