4 0.26405801640625004 0.4139448236111111 0.009360560937499995 0.05408324444444443
4 0.19385380546875 0.4118646993055555 0.01638098281249998 0.07488449027777777
4 0.555990523828125 0.4347460694444444 0.031591896093749926 0.1414484805555556
4 0.601038225390625 0.4222653222222222 0.021061263281249954 0.15392923055555557
4 0.6443308203125 0.4316258833333333 0.016380981249999937 0.16016960555555554
4 0.700494188671875 0.4097845736111111 0.018721122656249988 0.1788907277777778
4 0.580561995703125 0.3983438888888889 0.015210910156250002 0.1060863638888889
4 0.5249836632812499 0.4066643861111111 0.016380981249999937 0.12272735833333333
4 0.48052099609375 0.4191451347222222 0.03276196406250005 0.14352860555555552
4 0.499827155078125 0.4337060076388889 0.029251752343749972 0.1476888541666666
4 0.7788888890625 0.3328199583333333 0.02340140312499992 0.13728823333333331
4 0.835052259375 0.2433745951388889 0.04212252656250008 0.12896773194444447
4 0.7344262234375 0.47322837847222227 0.09828589374999996 0.4555473180555556
4 0.625609698828125 0.45346719305555555 0.05382322734375 0.22465346944444445
4 0.38808545429687497 0.4285056951388889 0.03744224609374998 0.14976898194444446
4 0.3529833484375 0.4472268194444444 0.03510210468750001 0.17057022777777778
4 0.22310555976562502 0.43994638402777775 0.02106126328125 0.13104785972222224
4 0.276343751953125 0.41810507361111116 0.017551052343750005 0.06656399444444448
4 0.31320096328125 0.4233053854166667 0.018721123437500032 0.07696461805555559
2 0.9789708886718749 0.4149848868055555 0.03978238671874994 0.043682618055555546
2 0.060465806640624994 0.42746563541666666 0.025741542968749996 0.056163370833333365
2 0.037064404687500004 0.42122526250000003 0.0210612625 0.027041622222222214
2 0.013663000390625 0.4264255722222222 0.025741542968750003 0.02912174722222226
2 0.9742906074218751 0.47946875347222223 0.04914294765624998 0.10608635972222223
4 0.861963871875 0.40042401250000004 0.030421824999999993 0.12688760833333332
4 0.20555450742187498 0.4160249472222222 0.009360560156249998 0.07904473888888891
1 0.125989736328125 0.39626376180555556 0.10764645546875 0.19761185138888887