2 0.36050327890625 0.4449671076388889 0.04596217187499998 0.051513156944444444
2 0.29955344375 0.4334210548611111 0.05395559374999999 0.05684210416666665
2 0.47291076367187496 0.47161184305555554 0.07693667734374995 0.10835526388888886
2 0.5288430164062501 0.4739430736111111 0.13447256406249997 0.1236756166666666
2 0.61879069765625 0.4893750020833333 0.22481496874999998 0.15098684305555557
2 0.046233181640624996 0.47132780069444447 0.09246636328124999 0.09609368472222223
2 0.11520516953125001 0.4680592145833333 0.020982731250000008 0.0444078958333334
2 0.14368173203125 0.4600657916666667 0.04796052656249998 0.046184211111111116
2 0.18165048203125 0.45207237152777774 0.05395559218749999 0.05151315972222229
4 0.761673100390625 0.4751644770833333 0.028976150781249998 0.12611842361111106
2 0.8808447273437501 0.45843718750000007 0.06855464062499994 0.06093745833333336
2 0.796469785546875 0.4537496875 0.12656241328124995 0.1171874194444445
2 0.09839897578125001 0.47367155208333334 0.025048809375000015 0.058593709722222165