7 0.628032911328125 0.26748487847222224 0.010706192968750017 0.05302114583333335
7 0.561883933984375 0.28923714375 0.04817786640624995 0.028549845833333306
6 0.274919733984375 0.29433532986111116 0.009941463281250007 0.040785495833333324
6 0.48521994843750005 0.2902567798611111 0.008412009375000019 0.03534742638888891
6 0.64007737734375 0.3453172 0.013000376562500016 0.02039274722222224
6 0.16212234765625 0.4228096430555556 0.017588745312500008 0.025830813888888887
6 0.267654817578125 0.2932477131944444 0.006117824218750023 0.04214501249999998
6 0.28562592695312505 0.2973262659722222 0.008412008593749975 0.03942597916666664
6 0.477955031640625 0.2925679576388889 0.0076472820312499575 0.029909362499999995
6 0.49439668515625 0.2884894076388889 0.006882551562499994 0.03534743194444441
6 0.4242711249999999 0.3449093513888889 0.006117825000000021 0.025830813888888887
6 0.41930039335937497 0.34422959305555556 0.0038236398437499373 0.024471297222222195
6 0.351239595703125 0.3714199229166667 0.005353097656250005 0.021752262500000008
6 0.34206285937500003 0.3727794402777778 0.005353096875000007 0.024471297222222275
6 0.890066996875 0.2871298861111111 0.009941462500000142 0.02990936111111111
6 0.875919527734375 0.2857703708333333 0.016824016406249954 0.03262839166666668
2 0.237702966015625 0.4527190055555555 0.020647658593749972 0.0380664611111111
2 0.28511610390625003 0.4792295819444444 0.078766990625 0.10468277499999992
2 0.38453075078125 0.4398035986111111 0.02982439375000001 0.02039274444444443
2 0.41817878515624995 0.4642748986111111 0.05276623749999998 0.08293051111111112
2 0.700236000390625 0.4268881923611111 0.12388594453124994 0.11963745694444448
2 0.35368672421875 0.524093625 0.12847431250000002 0.1454682694444444
2 0.14793455078125 0.6152077833333334 0.2958691015625 0.3466767166666668
2 0.549376448046875 0.5717032569444445 0.26841954296875 0.4228096416666666