6 0.5091771828125 0.2580611694444444 0.00929846718749996 0.027551013888888913
6 0.515376160546875 0.25867340625 0.007232141406250036 0.031224481944444448
6 0.50297820390625 0.2568366708333333 0.00723214062499995 0.023877547222222222
7 0.5980292046875 0.2696938090277778 0.015497445312499991 0.012857140277777764
7 0.55152122890625 0.25961091319444446 0.04339284843750004 0.016530609722222225
7 0.9177775285156251 0.20175378472222222 0.03409438046875 0.10285711944444446
2 0.1341233578125 0.43593740694444444 0.11984691249999999 0.20020403888888894
2 0.44460449296875 0.4077550152777778 0.010331629687500055 0.018367341666666686
2 0.48644759492187506 0.4095917506944444 0.06095661953125005 0.11020405972222223
4 0.43840551445312503 0.4141835854166667 0.014464283593749983 0.049591826388888906
4 0.6989348007812499 0.4242856243055556 0.03306121718749999 0.1616326180555555
2 0.80380085 0.4417346 0.19733414062500004 0.22224485
9 0.721147805859375 0.36642849375 0.10641579296875 0.13408160416666667
2 0.047783791015625 0.4490815375 0.09556758203125 0.26632647499999995
1 0.29961728359375 0.3397958451388889 0.2717218812500001 0.4077550152777778
2 0.5971682406250001 0.4426529673611111 0.20353312031249998 0.2902040208333333
2 0.9246809265625 0.4564284743055555 0.14980864062499996 0.3104080958333333