6 0.297211740234375 0.48625560208333335 0.010796792968750024 0.027725101388888854
6 0.38898448593749996 0.38921775208333337 0.011996435937499994 0.03412320138888892
6 0.115465709375 0.4713267006944444 0.011996435937499994 0.0319905013888889
2 0.134660012109375 0.5395731013888888 0.06718005234374999 0.07464449999999997
2 0.266620825390625 0.5310423020833334 0.04078788671874998 0.05331750138888888
6 0.242627949609375 0.4777248027777778 0.009597150781250008 0.023459702777777775
6 0.25222509882812505 0.4798575020833334 0.0071978617187500316 0.027725101388888854
6 0.28161637109375004 0.48412290277777775 0.008397506249999997 0.027725100000000048
2 0.7523890640625 0.5481039006944444 0.14515689374999993 0.11943119583333339
2 0.969524583984375 0.5928906013888889 0.05878254453125002 0.07677720277777778
2 0.8849496988281249 0.5811607541666667 0.11516579921875003 0.08317530277777775
2 0.29569212226562497 0.523246825 0.015023617968750003 0.02185253611111114
2 0.30934995742187504 0.5244608555555555 0.009560486718749983 0.01942447499999997
2 0.062143147656249995 0.523246825 0.066923390625 0.06070148888888893
2 0.213062223046875 0.5268889159722222 0.049168205468750004 0.048561190277777735
2 0.320276224609375 0.52810294375 0.015023617968750003 0.031564773611111166