2 0.9813110285156249 0.5221113097222223 0.032761964843749956 0.15392923055555557
2 0.0676751484375 0.4347460736111111 0.135350296875 0.30785846666666666
2 0.154071421484375 0.4243454465277777 0.28549712109375 0.2288137236111111
2 0.267568226953125 0.4409864465277778 0.14742884140625 0.1414484819444444
2 0.292139700390625 0.4305858229166667 0.19657178828125 0.16224972916666666
2 0.403296364453125 0.44514669236111104 0.07722462734374998 0.11648698194444439
2 0.41499706796874997 0.4264255722222222 0.04446266718749996 0.049922997222222265
2 0.44190868281249995 0.4316258826388889 0.014040842187499968 0.02704162083333333
2 0.764848048828125 0.4773886284722222 0.03276196796875004 0.043682618055555546
2 0.798780083203125 0.49090944166666667 0.04914294765624998 0.06656399722222225
2 0.71570510078125 0.47842869097222224 0.042122525 0.0665639930555555
2 0.655927925390625 0.48180889374999997 0.06297659453125001 0.09412564583333334
7 0.588167453515625 0.4274656340277777 0.011700703906249998 0.022881370833333314
7 0.5478000328125 0.3952237006944445 0.010530631249999978 0.02496149583333336
7 0.360588805078125 0.32657958333333337 0.04095245546874997 0.07904473888888891
6 0.6314600484375 0.38794326388888895 0.014040840624999973 0.0228813722222222
7 0.602793330078125 0.4326659458333334 0.010530632031249976 0.024961497222222247
6 0.677677820703125 0.42538550972222217 0.010530632031250065 0.0228813722222222
2 0.5563683648437501 0.4591875368055556 0.028081684375000027 0.031201870833333267
2 0.59498068125 0.45918753472222223 0.016380985937500016 0.014560869444444475
2 0.61077662734375 0.45918753472222223 0.01287077187500003 0.014560869444444475
2 0.6213072578125 0.4591875354166667 0.01287077187500003 0.018721123611111067
7 0.72836867890625 0.39366360763888886 0.021061262499999955 0.012480748611111083
7 0.7606918484375 0.27754805694444445 0.07137427968749996 0.045762736111111126
6 0.6407596558593751 0.42211673194444443 0.009360558593750045 0.01872112222222226
4 0.5219975355468749 0.46059903888888887 0.010530632031249976 0.05408324166666666
6 0.09547764765625 0.3195285402777778 0.018877115624999996 0.024406775000000006