2 0.42386534960937505 0.41773622777777775 0.015760627343750055 0.030566066666666655
2 0.405955545703125 0.4202833972222222 0.020058980468749966 0.04584909999999998
2 0.37658346796875 0.4342928416666667 0.02722290000000003 0.05349061388888888
2 0.47186362382812497 0.4113682965277778 0.011462274218749968 0.022924548611111106
2 0.463266918359375 0.42155698333333336 0.017193413281249993 0.02801889722222215
2 0.44750629023437505 0.4190098104166667 0.014327844531250022 0.028018895833333345
2 0.344345823046875 0.44066077569444445 0.048714666406250016 0.07641516249999998
2 0.28846723203125 0.46698153958333327 0.04584909687500001 0.09679254305555555
9 0.19318707499999999 0.3973588486111111 0.20488815312500003 0.28018892777777776
2 0.079758323828125 0.4954983611111111 0.15951664765625 0.2520232611111111
7 0.46575724101562505 0.37024966458333336 0.012895060156249994 0.022924548611111106
7 0.427788455859375 0.37152324444444446 0.011462275781249965 0.015283030555555558