4 0.45132705546874996 0.3769814708333333 0.014327843750000024 0.07386799166666667
4 0.429835291015625 0.39226450486111114 0.034386822656249996 0.07896233472222218
2 0.378832658203125 0.3808022284722223 0.04413873359374998 0.04075475416666663
2 0.46816227109374997 0.3808022284722223 0.026506509374999966 0.03566040972222224
2 0.7264216429687499 0.39226450416666664 0.14900956718749994 0.09424536944444444
2 0.9001467402343749 0.39226450486111114 0.14399482265624997 0.08405667916666669
6 0.517235134375 0.2967455506944444 0.014327843749999935 0.02037737638888887
7 0.49359419257812504 0.19995300902777777 0.021491764843749993 0.02037737638888887
7 0.5021908996093749 0.22797190277777776 0.02435733359375005 0.020377377777777796
7 0.53013019296875 0.2776417597222222 0.03438682343749999 0.02801889444444442
7 0.8095231328124999 0.26108513958333335 0.017193412499999994 0.02037737638888891
7 0.4670876843749999 0.26235872569444446 0.014327843750000024 0.05349061249999999
7 0.480699134375 0.35787767916666663 0.010029490624999938 0.03566040833333335
2 0.139696469921875 0.39863243333333337 0.27939293984375 0.4533966333333333
7 0.028655685937499998 0.2216039743055556 0.0315212546875 0.022924548611111147
6 0.12608501953125 0.12990577708333334 0.017193412499999994 0.05349061527777778
6 0.0458490984375 0.19740583750000001 0.011462274999999994 0.040754752777777764