2 0.337128246875 0.5670343027777778 0.01625866718750002 0.02210328611111107
2 0.39116440546875 0.5823365777777778 0.022953412500000027 0.04250631944444447
9 0.39212079765625 0.5525821541666667 0.021040628125000006 0.027204044444444422
2 0.40742307265625 0.5602332916666667 0.00956392187499997 0.01870278055555556
2 0.42750730859374997 0.5576829131944444 0.024866196875000045 0.023803540277777795
2 0.41698699453125004 0.5772358194444445 0.022953412499999982 0.03230480277777777
2 0.36295083593750005 0.5806363256944445 0.0430376484375 0.07311087083333329
2 0.439462211328125 0.5916879680555556 0.03538651171874996 0.05100758333333333
2 0.30030714765625 0.5678844291666667 0.03825568906250001 0.05440808888888892
9 0.45428628984374997 0.5636337972222222 0.028691765624999997 0.06290935555555556
2 0.25937356562499997 0.5668642666666667 0.028691765624999997 0.02380353888888891
2 0.8286182156249999 0.6561275375 0.049732393749999916 0.06290935277777779
2 0.9608872507812499 0.6314010222222223 0.07593754843750009 0.09691441111111117
6 0.1673686328125 0.5083755805555555 0.017215059375000008 0.020403033333333397
6 0.1769325546875 0.47862115694444446 0.009563921875000015 0.028904297222222257
6 0.27783193046875 0.42251281527777784 0.008607529687499981 0.025503791666666664
6 0.2687462046875 0.4259133208333334 0.007651137499999993 0.028904297222222177
6 0.263964244140625 0.42506319444444446 0.007651138281249992 0.030604549999999935
6 0.33569365859375 0.5092257069444445 0.005738353125000017 0.015302274999999968
6 0.32326056015625 0.5389801319444445 0.0076511375000000385 0.013602024999999981
6 0.43037648515625 0.46416900902777775 0.007651137499999993 0.023803540277777795
6 0.44041860312500003 0.5236778555555556 0.008607529687500027 0.017002527777777804
6 0.5437089593750001 0.39955940208333324 0.010520314062500003 0.04420657083333334
6 0.524581115625 0.39530877083333327 0.010520314062500003 0.039105813888888875
6 0.54131797890625 0.5440808902777778 0.01338949062500001 0.02040303611111109
6 0.7450295148437499 0.5160267194444444 0.028691765624999997 0.04250632222222224
7 0.27496275390624997 0.4922231791666667 0.012433098437500022 0.02210328611111107
7 0.4982803304687501 0.48202166250000006 0.017215059374999963 0.02210328611111115
7 0.74072575 0.4344145847222222 0.020084235937500063 0.015302275000000047
7 0.7225542984375 0.45481761805555554 0.014345882812500044 0.01870278055555556
7 0.8048040265624999 0.3953087708333334 0.0258225890624999 0.04250631944444447
7 0.81675892890625 0.4259133208333334 0.01912784374999994 0.015302274999999968
7 0.7952401046875 0.42506319444444446 0.018171451562499996 0.013602022222222211
4 0.5437089593750001 0.5959386 0.008607529687499938 0.04930733055555558
4 0.53557962578125 0.5976388527777778 0.00956392187499997 0.04250631944444439
4 0.48584723203125 0.584036829861111 0.00956392187499997 0.03570530694444448
4 0.4758051140625 0.5814864513888889 0.012433098437499979 0.030604550000000015
4 0.6460429234375 0.6086904951388888 0.01625866718750002 0.04420657083333334
4 0.6876459835937501 0.6384449194444445 0.015302274999999987 0.06290935277777779
4 0.6785602578125 0.6282434027777778 0.014345882812499955 0.07651137499999999
4 0.7684611234375 0.6384449194444445 0.020084235937499972 0.1037154194444445