2 0.09635573359375 0.45951658958333336 0.0481778671875 0.05166162916666666
2 0.14835724179687498 0.4676736888888889 0.04817786640624999 0.05709969444444438
2 0.23591860312500001 0.46971296180555555 0.032118578125000005 0.06389727916666664
2 0.20150584101562502 0.4724319958333333 0.056589875781249986 0.06661630833333329
2 0.260772265625 0.4731117541666667 0.022177114062500003 0.02719033055555558
2 0.29212611484375 0.4710724777777778 0.05123677812500001 0.04758307777777778
2 0.351010176171875 0.4839878875 0.07417862109374998 0.06797582777777783
2 0.3919231265625 0.4846676444444444 0.018353473437500024 0.03670694722222226
2 0.408747142578125 0.4873866784722222 0.022941841406250062 0.03942597916666667
2 0.43360080546875 0.49214498541666674 0.03747167500000002 0.03806646249999998
2 0.45080718593749997 0.48806643611111106 0.021412384375000038 0.03262840000000004
2 0.48827886015625 0.48534740555555556 0.058119331249999996 0.05709969444444438
2 0.525750534765625 0.5043806340277778 0.013765105468749983 0.02447129861111116
2 0.5452511 0.5030211180555556 0.02370657031250003 0.024471297222222195
2 0.5701047609375 0.49418426111111113 0.03364803437499999 0.04758308055555563
2 0.5911347832031251 0.5043806347222222 0.03900113046875005 0.04078549722222225
2 0.619812084765625 0.5070996673611111 0.027530210156249967 0.04622356250000005
2 0.656901395703125 0.5023413604166667 0.05582514765625 0.05302114583333335
2 0.702785078515625 0.505740151388889 0.04206004296875001 0.054380661111111075
2 0.736815476953125 0.5125377326388889 0.03823640390624998 0.05166162638888889
2 0.770463510546875 0.5125377319444445 0.04129531484375004 0.035347430555555566
2 0.801052633984375 0.5213745895833333 0.02294184296874997 0.03398791249999999
7 0.784228614453125 0.45271900486111116 0.015294560156250015 0.02447129583333339
2 0.013663001171875 0.4447999972222222 0.025741544531250004 0.056163366666666624
7 0.9041717210937501 0.45398722500000005 0.01287077187500003 0.020801247222222152