6 0.17736934921874997 0.3763088895833333 0.008576101562499994 0.03742298472222221
6 0.28262148945312504 0.4719454027777778 0.007016808593750002 0.03465091111111107
6 0.438940410546875 0.3846251083333333 0.006237163281249991 0.026334691666666684
6 0.01091503671875 0.50035915 0.015592909375 0.024948655555555553
6 0.1547596296875 0.46732528749999996 0.010135390625000018 0.04573920277777772
6 0.157732021875 0.5095994111111111 0.016664934375000006 0.017556469444444407
6 0.2898981890625 0.47102139305555557 0.005457518750000024 0.03465091111111115
6 0.5026114753906249 0.3693787076388889 0.0077964554687500074 0.03187883750000001
6 0.448508793359375 0.3797306666666666 0.009355746093750028 0.03465091111111107
6 0.186343384765625 0.37746392430555553 0.006237163281249991 0.04712524027777773
6 0.653610923046875 0.4204310520833333 0.02183007421874992 0.027720726388888926
7 0.5709685015625 0.44815178055555555 0.01559290937500002 0.011088288888888877
7 0.58188353828125 0.4135008708333333 0.018711492187500057 0.013860363888888906
7 0.13891495546875002 0.38231505069444444 0.022609718749999997 0.02910676527777775
7 0.07888225273437499 0.39201730625 0.06003270234374999 0.009702254166666632
7 0.025476536718749998 0.4148869055555556 0.0280672375 0.02772072777777781
7 0.630611381640625 0.19935824305555555 0.03040617421874998 0.03187883888888889
7 0.635289254296875 0.3192503930555555 0.03040617421874998 0.06098560277777779
6 0.280810434765625 0.5132954930555556 0.010135391406249994 0.013860363888888828
2 0.594479686328125 0.5606517340277778 0.05067695703124997 0.1261293152777778
2 0.657241148046875 0.579363225 0.13409902421875 0.17741266111111112
2 0.7484596699218751 0.5052102770833333 0.05301589296874996 0.06514371249999995
2 0.519633718359375 0.5230901395833333 0.04288050078124996 0.06930182083333333
2 0.48883772187499996 0.49467639236111116 0.014033618749999999 0.006930181944444453
2 0.45219438398437506 0.5230901381944444 0.059253057031250035 0.06652974861111108
2 0.40346654101562496 0.5307133395833333 0.01637255546875003 0.02910676527777775
2 0.41827980429687506 0.5286342847222222 0.010135391406249994 0.022176583333333375
2 0.38475505 0.5099227930555555 0.03664333750000006 0.04851127499999998
2 0.37578912578125 0.5431876673611111 0.04054156562500002 0.0679157847222222
2 0.334857737890625 0.5709083958333333 0.08030348515624999 0.09840858611111108
2 0.8477085437500002 0.6342502666666666 0.29548564062500005 0.36591361666666666
4 0.18438615820312498 0.5661958798611112 0.008576100781249995 0.048511276388888865
4 0.20231800429687502 0.5544145708333333 0.007016808593750002 0.022176583333333295
4 0.25416442968749997 0.5454053326388889 0.00779645468750001 0.01247432638888889
4 0.2681980484375 0.5620377708333333 0.009355745312499986 0.03187883888888889
4 0.272096276171875 0.5613447520833332 0.0077964554687500074 0.030492801388888876
4 0.293146703515625 0.5488704243055555 0.006237163281249991 0.03603694583333331
2 0.22434298945312497 0.5696609708333333 0.07250703046875002 0.051283347222222234
2 0.054380273046875004 0.5717400256944445 0.07718490390625 0.038809020833333346
2 0.047753286328125 0.6001537722222222 0.09355745859375 0.04851127499999998
2 0.48240564687500004 0.5987677361111111 0.144234415625 0.19820320833333338
7 0.15173849140625 0.5329310277777778 0.009355745312499986 0.020790547222222164