7 0.725525837890625 0.22408158333333333 0.021696424218749934 0.044081622222222214
7 0.74102328359375 0.25255096666666665 0.01963009843750001 0.031224483333333334
7 0.47911645156250005 0.3701019611111111 0.012397959374999967 0.023877544444444412
6 0.281782309375 0.1818366958333333 0.014464282812499984 0.055102030555555556
6 0.510111343359375 0.13316323819444445 0.012397957031249972 0.06428570416666667
6 0.29779633671875 0.17632649236111111 0.009298467187500003 0.03673468472222224
6 0.273000424609375 0.18826526666666668 0.011364796093750008 0.05693876388888888
6 0.5256087875000001 0.13591833888888888 0.016530609374999995 0.06244896666666667
6 0.499263132421875 0.13959180694444445 0.009298471093750038 0.06612243333333331
6 0.76220312578125 0.3048978951388889 0.02892856562499997 0.05877549583333332
6 0.54162281484375 0.37102033125 0.017563771875000002 0.029387748611111104
2 0.0622351609375 0.4674488798611111 0.12294640156249999 0.2957142208333333
2 0.35668663046875004 0.4325509284722222 0.011364793750000013 0.027551015277777757
2 0.34273892890625 0.42428562569444445 0.02892856562499997 0.04775509305555556
2 0.284881799609375 0.4270407243055555 0.05785713046874998 0.0679591680555555
2 0.32517515742187497 0.4334692972222222 0.022729588281250025 0.04775509166666667
2 0.39233075546875 0.4371427618055555 0.05372447812500001 0.08448977361111115
2 0.79567760703125 0.5354080506944445 0.3686325718749999 0.38020400138888893
2 0.4775667070312499 0.4738774506944444 0.1374106859375 0.19102036527777774
6 0.22185676875000002 0.34279435208333336 0.01786765937500001 0.023823545833333327