7 0.5638358203125 0.41142848402777776 0.02892856562500006 0.0440816236111111
7 0.5643524023437501 0.4444897020833333 0.017563771875000002 0.018367343055555572
7 0.5200253953124999 0.4803060201388889 0.012397956249999975 0.02755101249999999
7 0.47043356718750007 0.4812243888888889 0.02892856562500006 0.036734686111111144
7 0.431074369921875 0.4854488791666667 0.009298467968750047 0.02020407499999995
7 0.316492274609375 0.49346928125 0.010331632031250005 0.018367343055555572
2 0.544304725390625 0.5103060131944445 0.021696422656250026 0.022653056944444454
2 0.47921545546874994 0.5317345805555556 0.029961729687499973 0.05326529444444448
2 0.43272311640625 0.5583672284722222 0.10434946718750004 0.13224487083333336
2 0.23718471718750003 0.51809026875 0.020663260937499973 0.027551015277777757
2 0.33895127617187504 0.5218949333333334 0.01963009921875001 0.024139938888888837
2 0.296930343359375 0.5153995694444444 0.01739691015624998 0.02268041666666668