6 0.250791971484375 0.19563222152777776 0.02185253828125 0.02428059861111112
6 0.477512025390625 0.3971611569444444 0.02458410078124995 0.03399283055555553
6 0.577897113671875 0.41051548541666666 0.017755188281250067 0.031564776388888854
2 0.648610572265625 0.4839122590277778 0.036876153906249966 0.05584536527777778
2 0.6124173109375001 0.4863403215277778 0.043705075 0.06555760972222215
2 0.78996916015625 0.5069788256944444 0.06009447343749992 0.07769790694444438
2 0.099259882421875 0.4722496548611111 0.053877022656249995 0.08108135138888892
2 0.185331392578125 0.4668127923611111 0.02923861953125 0.056051462499999934
2 0.277800358984375 0.48391225486111106 0.15023618203124997 0.1723922208333334
2 0.522275600390625 0.5312594229166666 0.16662558359375002 0.16996417083333337
2 0.72441155546875 0.5288313631944445 0.1529677484375 0.16996416527777775
2 0.8869397886718751 0.48998240833333334 0.05736290703125011 0.03884895000000002
7 0.230629503125 0.21154469027777775 0.07442374374999998 0.02691028055555557
7 0.705764141796875 0.3868352756944445 0.017659871093750022 0.026910279166666603
2 0.971592511328125 0.5073709048611111 0.05424103359375003 0.05718434583333334
2 0.93155821015625 0.5056890131944445 0.07820800156249988 0.0583056069444445