2 0.5838650125 0.5397923708333333 0.030421823437499995 0.06864411666666667
2 0.6201371882812501 0.5345920597222222 0.053823228125 0.0998459888888889
2 0.660504609375 0.5377122458333333 0.07371442031249993 0.11024661111111106
2 0.7172530125 0.55955355625 0.12402743750000003 0.14144848472222218
2 0.876265541015625 0.5917954875 0.24454466484375006 0.2308938444444445
2 0.14333359531249998 0.5647538666666667 0.064353859375 0.07280436388888892
2 0.070204209765625 0.5699541791666667 0.08658519140625001 0.08736523888888886
2 0.015795947265625 0.5876352395833333 0.03159189453125 0.08528511527777777
6 0.50634786484375 0.43058582083333335 0.010530631249999978 0.018721124999999953
6 0.4431640753906249 0.5678740541666667 0.010530630468749979 0.01872112222222226
6 0.274673972265625 0.4981898736111111 0.01053063203125002 0.02080124722222223
6 0.20915004296875 0.5408324326388888 0.00819049218750001 0.018721123611111147
6 0.47943625078125 0.5626737430555555 0.010530631249999978 0.016640997222222214
7 0.344293146484375 0.48986937638888894 0.02106126328125 0.020801247222222152
7 0.31270125234375 0.5158709354166666 0.011700701562500004 0.04784286805555556
6 0.5647050960937501 0.4689195368055555 0.011700701562500004 0.03744224305555556
6 0.474024658203125 0.4647592888888889 0.00819049140625001 0.0332819972222222
6 0.482800184765625 0.4616390999999999 0.009360561718750039 0.03120187222222223
7 0.09212373945312499 0.4970824895833333 0.018941335156250006 0.016836743055555558