2 0.0806460703125 0.5720707576388888 0.15776660781250001 0.21849703194444442
4 0.2012473359375 0.49581193819444436 0.016237115624999986 0.06597939305555553
6 0.0440952484375 0.44117275347222223 0.019716498437500007 0.03092784027777782
6 0.070190615625 0.44323460833333334 0.0185567046875 0.03505155000000002
6 0.06381174804687499 0.30921396874999996 0.015077322656250003 0.0556701125
2 0.258657141796875 0.5112758576388889 0.08234537421874996 0.10927836805555549
2 0.300989619921875 0.4855026576388889 0.03015464296874999 0.057731968055555506
2 0.33752313203125 0.48034801666666666 0.04755155468750001 0.04329897499999997
2 0.36361849882812497 0.45663667500000005 0.03711340859374999 0.049484544444444445
2 0.39957211171875 0.4782861625 0.02319587968750003 0.047422688888888904
2 0.41406953632812493 0.47106966527777777 0.015077322656250036 0.024742272222222222
9 0.429726756640625 0.4576676020833334 0.032474232031249974 0.051546398611111106
2 0.47553861914062506 0.4937500819444445 0.05914949296875003 0.12371135833333334
7 0.43552572539062506 0.3741624326388889 0.016237116406249984 0.012371134722222147
7 0.05453339453125 0.3721005770833333 0.0313144390625 0.012371134722222225
7 0.04177566171875 0.3525129451388889 0.022036087499999996 0.01443299027777781
7 0.40015201015625 0.3267397423611111 0.019716498437500007 0.02061855972222221
6 0.514971615234375 0.32055417708333334 0.010438146093749979 0.02474227361111111
6 0.524829863671875 0.3236469604166667 0.009278350781250033 0.026804129166666652
2 0.5097525429687499 0.4525129611111111 0.02783505625 0.049484544444444445
9 0.5422267734374999 0.43292532916666665 0.03943299531249993 0.08041238055555552
2 0.539327291015625 0.46076038472222225 0.04291238046875003 0.04536083333333336
9 0.552664920703125 0.4452964659722222 0.03479381953124996 0.05979382361111113
4 0.5799200796874999 0.45766760069444445 0.00811855937499999 0.03917526527777777
4 0.594417503515625 0.4566366729166666 0.009278352343750029 0.053608256944444495
4 0.611814415234375 0.4721005944444444 0.013917527343750003 0.055670113888888845
7 0.6431288531250001 0.3813789284722222 0.030154643749999988 0.01855670416666663
6 0.6547267925781249 0.41643048125 0.013917528906249999 0.022680415277777716
6 0.644868542578125 0.3483892326388889 0.010438146093750067 0.026804131944444424
2 0.7185154636718749 0.5030284340277777 0.10438146015624997 0.14226806249999996
6 0.745190726171875 0.3834407861111111 0.013917528906249999 0.03505155277777779
6 0.76606701796875 0.38240985694444446 0.02319587968750003 0.02886598333333331
7 0.784043825390625 0.3494201604166667 0.017396910156249935 0.05360825694444442
2 0.78520361796875 0.45869852986111115 0.05451031875000005 0.0701031041666667
4 0.6669046300781251 0.4607603854166667 0.012757733593749964 0.04948454305555556
6 0.20994579062500002 0.4432346104166667 0.019716498437500007 0.0268041319444445