7 0.57277788046875 0.3428053381944444 0.013773429687500015 0.0195888763888889
7 0.571400537109375 0.36321041944444443 0.01652811328124999 0.02448609722222225
7 0.742059883203125 0.2873035208333334 0.04774788515625002 0.058766627777777775
6 0.43465006015625 0.3705562451388889 0.006427599999999955 0.0195888763888889
6 0.4174004796875 0.38373210208333336 0.005509370312500028 0.01795646805555554
6 0.45137493710937504 0.40658579027777775 0.005509371093750026 0.014691661111111169
7 0.46232809296875 0.39340993611111114 0.0064276000000000446 0.01632406388888891
7 0.48620203671875 0.3925937319444445 0.008264057812499993 0.011426844444444445
2 0.4491974296875 0.42197705 0.007345829687499972 0.011426849999999987
2 0.45241122773437503 0.4268742673611111 0.01010051484375003 0.02122128472222218
2 0.46067528554687504 0.4285066736111111 0.011936971093749981 0.027750908333333355
2 0.46756200117187496 0.4309552840277778 0.011018742968749962 0.032648129166666706
2 0.47490782773437507 0.4309552833333333 0.01652811328124999 0.035912941666666615
2 0.48179454296874996 0.4350362986111111 0.011936970312499984 0.037545347222222206
2 0.48868125703125004 0.4350363 0.016528114062499988 0.04081016111111116
2 0.505209371875 0.4383011111111111 0.033056228124999976 0.04733978333333337
2 0.55066169140625 0.43340389305555554 0.06335778124999995 0.08325272500000007
4 0.62999663828125 0.4489117534722222 0.019282799999999954 0.11426844583333333
2 0.352599776953125 0.4301390805555556 0.04407497421875002 0.07019347222222218
2 0.41733489296875004 0.4309552826388889 0.026628631250000014 0.03917775138888891
2 0.436617692578125 0.42279325138888885 0.01010051484375003 0.01632406388888891