7 0.42273615937500003 0.44311244305555564 0.012914546874999999 0.04132654444444444
7 0.32200269453125 0.3826532326388889 0.016358423437500002 0.04285716249999996
7 0.32415511874999997 0.42168386250000006 0.020663271875000035 0.03520409722222229
7 0.689049772265625 0.4413948472222222 0.018080366406250013 0.033673483333333344
7 0.689480258203125 0.46358873611111107 0.017219394531250033 0.013775516666666635
7 0.736403109765625 0.4123132027777778 0.011192607031249935 0.03673471111111116
6 0.59039926328125 0.4591838784722222 0.006887757812499995 0.01836735416666673
6 0.58523344453125 0.4591838784722222 0.005165818750000018 0.01836735416666673
6 0.5266875000000001 0.4545920402777778 0.006887757812499995 0.021428580555555576
6 0.622768130859375 0.5010206486111112 0.010331633593749955 0.01224490277777777
2 0.5406890179687499 0.5196430881944445 0.006887759374999991 0.018367351388888883
2 0.534662229296875 0.5234696229166667 0.010331636718750037 0.016836743055555558
2 0.52949641171875 0.5295920749999999 0.015497456249999963 0.02602041944444448
2 0.513137985546875 0.535714526388889 0.030994911718750018 0.05051022777777779
2 0.49721004453125 0.5433675909722222 0.037021700000000025 0.06275512916666667
2 0.49419665078125 0.5586737208333333 0.020663273437499984 0.0627551277777778
2 0.47568580234375 0.5540818840277778 0.03529976406250004 0.10561229861111114
2 0.4524396140625 0.5609696402777777 0.05768497187499992 0.14387761666666665
2 0.38126611484375 0.5681125083333334 0.14550389062499997 0.2341837777777778
2 0.569531506640625 0.5204083965277778 0.011192607031250024 0.019897968055555517
2 0.580293628125 0.5295920743055555 0.01721939531249994 0.022959193055555556
2 0.597943508203125 0.5311226854166667 0.02669006328124999 0.041326545833333325
2 0.6052617511718751 0.5395410590277778 0.027551033593749975 0.0459183875
2 0.62190717578125 0.5433675916666667 0.023533156249999986 0.06581635833333337
2 0.658785389453125 0.5464288145833334 0.06973855234375001 0.09489799861111108
9 0.72905006640625 0.5575815624999999 0.13565055937500006 0.18148923611111115
2 0.20518475976562503 0.6487929006944444 0.36419021484375 0.42397978194444436
2 0.10526364492187501 0.7179172534722222 0.21052728984375002 0.5540818819444445
2 0.55489501953125 0.5204083979166667 0.01721939531249994 0.021428581944444462