3 0.024907748828125 0.56181856875 0.04943302265625 0.11592803472222223
7 0.025433630468750003 0.4019500708333333 0.0336565265625 0.06918285833333336
2 0.13429145625 0.5216177173611112 0.1398849359375 0.1477147513888889
2 0.23210573359374997 0.5141384895833333 0.0515365546875 0.08788092916666668
1 0.29731525195312497 0.48235177152777775 0.09571074609375 0.10283938194444443
4 0.93014445859375 0.4779821805555555 0.056411992187499926 0.2200273666666666
4 0.965617184765625 0.4703927909722222 0.054500585156250024 0.2168976097222222
4 0.7253682453125 0.4521816569444444 0.014724729687500026 0.03926594722222221
6 0.36776765820312496 0.4596608868055556 0.010517663281249989 0.013088648611111135
6 0.40195006835937497 0.45779108055555556 0.00946589765625001 0.009349036111111136
6 0.42105715898437507 0.4035666777777777 0.009816489843750009 0.020567875000000017
6 0.50449729375 0.39733398263888886 0.008414129687499994 0.020567876388888826
2 0.43452414921875004 0.48147529861111105 0.01893179531250002 0.028047108333333327
2 0.447145346484375 0.4739960715277778 0.014724730468749937 0.02430749305555556
2 0.46660302421874994 0.48334510625000005 0.034708292187500066 0.04674517638888894
2 0.49079365507812495 0.4768007805555555 0.015776497656249954 0.03739613888888885
2 0.470810092578125 0.45436309652777773 0.015776496093750047 0.018698068055555538
6 0.49763013515624993 0.43005560694444445 0.006310598437500037 0.014958455555555538
4 0.704828121484375 0.46184232569444444 0.014724730468750025 0.07853189305555554
4 0.634885655078125 0.45810271180555556 0.007362366406249965 0.04113575416666669
4 0.625419757421875 0.4609074236111111 0.00946589765625001 0.0430055611111111
4 0.644351551953125 0.4655819375 0.007362363281249973 0.033656527777777806
4 0.6632833480468749 0.45903761597222226 0.011569430468749965 0.04674517638888894
4 0.6790598453125 0.4571678083333333 0.009465898437500009 0.04674517499999998
4 0.672749245703125 0.45903761527777776 0.01156943203124996 0.0430055611111111
4 0.615953859375 0.45155838749999994 0.0052588312500000175 0.02804710555555556
2 0.6248938734375 0.4683866486111111 0.033656526562499955 0.020567875000000017
2 0.5504037039062499 0.49477355833333336 0.11381067031249996 0.17682629166666666
4 0.950717726171875 0.45351531319444444 0.02373045234375013 0.1804686263888889