2 0.020039055078125 0.43366055763888894 0.04007811015625 0.048749981944444444
2 0.100195277734375 0.43339269791666674 0.10757808828125 0.05999997638888893
2 0.29794911484375 0.4311159173611111 0.017929681250000006 0.0431249847222222
2 0.3206248875 0.43392841736111115 0.05062498125000001 0.0674999763888889
2 0.4647403546874999 0.4311159173611111 0.03058592656250001 0.05437498472222223
2 0.7522932703125 0.4151784229166667 0.10546871249999992 0.08624997361111113
2 0.840359646484375 0.4193302027777777 0.14238276328124994 0.07312497499999995
2 0.9389728925781251 0.4249551986111112 0.07804684765625006 0.05812498055555556
2 0.9832697519531252 0.41866056458333334 0.029531239843750078 0.04499998194444446
2 0.6642268953125001 0.4364730576388889 0.15082025937500002 0.14812494861111114
2 0.399199078125 0.47116054791666667 0.13816401406250006 0.20624992916666668
7 0.0147656203125 0.10566955763888888 0.029531240625 0.058124979166666674
6 0.10230465234375 0.12991066805555557 0.01898436875 0.07874997222222221
6 0.07857419140625 0.13151780347222222 0.022148429687500006 0.07124997361111111
6 0.1239257375 0.12120530694444444 0.017929681250000006 0.06187497777777777
6 0.132890578125 0.14062492152777778 0.021093742187499997 0.07124997361111111
6 0.180351499609375 0.36187484375 0.01054687109375001 0.02624999027777777
6 0.27474599765624996 0.3665623423611111 0.00949218437499999 0.02437499027777778
7 0.18720696601562498 0.25928562222222223 0.013710932031250001 0.022499991666666632
7 0.1202343328125 0.36991058333333326 0.008437496875000016 0.02249999166666667
7 0.072773412109375 0.3717855819444444 0.008437497656250004 0.02249999166666667
7 0.4572068710937501 0.3968302083333334 0.011601559375000025 0.016874994444444506
7 0.50519513515625 0.3499552263888889 0.014765618749999997 0.03187498888888894
7 0.50572247890625 0.37339271875 0.013710931250000068 0.011249995833333375
7 0.512577944921875 0.3237052354166667 0.012656246093749957 0.009374995833333344
7 0.5399998109374999 0.27495525277777777 0.010546871875000008 0.024374991666666703
6 0.5036131050781251 0.2568748826388889 0.013710932031249979 0.041249984722222244
6 0.5516013699218749 0.31861595763888884 0.012656246093750045 0.0693749763888889
6 0.5732224558593749 0.3640177215277778 0.01160155859374994 0.018749993055555574
7 0.5774412042968751 0.3752677180555556 0.015820307031250015 0.014999994444444473
7 0.8424690203124999 0.14678565972222224 0.04113279843749993 0.026249988888888885
7 0.825066683203125 0.17062491180555558 0.012656246093749957 0.022499993055555577
7 0.8113557499999999 0.20999989722222223 0.027421864062499957 0.07124997777777779
6 0.84510573828125 0.2705356201388889 0.04218748437500004 0.05624997916666668
4 0.8300387718750001 0.4446873402777778 0.023203117187500056 0.1218749555555556
6 0.5185334652343749 0.2532449576388889 0.011352774218750028 0.043248670833333315
6 0.5324090785156249 0.24956080902777777 0.013875613281250043 0.031395326388888894