7 0.606564190234375 0.26542597500000004 0.10603178671874999 0.056827494444444446
7 0.6853474859375 0.26895454444444444 0.04670052812499996 0.05834048611111109
7 0.6911557265624999 0.2293890298611111 0.02884688281250005 0.015246401388888881
7 0.9909251535156252 0.2293890298611111 0.017143672656249897 0.05682749305555556
6 0.46349924374999996 0.3804669986111111 0.014813264062499965 0.023562619444444502
6 0.5675819164062499 0.3880901993055556 0.00935574531250003 0.01940450972222223
2 0.031965465234375004 0.5225357326388889 0.06393093046875001 0.08870633194444445
2 0.9606054148437501 0.5045465638888889 0.07778314999999995 0.2937811138888889
2 0.20465694062499998 0.49828009513888893 0.056914120312500004 0.05959956527777774
2 0.258062657421875 0.4968940604166666 0.04521943984375003 0.04573920138888883
2 0.304061740625 0.4871918041666667 0.043660146875000014 0.04296712777777777
2 0.3465524203125 0.4851127493055556 0.033524756249999975 0.03326487361111106
2 0.475193926171875 0.4795686027777778 0.02572830234375001 0.05821353055555557
2 0.49468506367187504 0.47125238333333336 0.017931846093750002 0.049897311111111106
2 0.5094983273437499 0.47541049375 0.022609718749999973 0.05544145694444443
2 0.6170894058593751 0.4809546395833334 0.06782915703125 0.06375767638888882
2 0.5410739695312501 0.48996387638888894 0.062371639062499984 0.08454822222222218
2 0.7328667597656249 0.5488704256944444 0.24169010234374994 0.2578027736111111
2 0.4233475015625 0.5474843881944444 0.1340990234375 0.1857288819444444
6 0.4677872933593751 0.4324433638888889 0.01247432734374998 0.022176583333333295
4 0.09246636328125 0.4938277784722222 0.015820301562500007 0.053906212500000016