6 0.68340954921875 0.3024879395833333 0.01919430000000002 0.07037910138888889
6 0.66661453515625 0.3078196902777778 0.00959715000000001 0.06824640277777776
6 0.181358637109375 0.11465816597222221 0.01799465546874999 0.08287095416666666
6 0.165254083203125 0.10947859027777777 0.01901302734375001 0.06398100555555555
6 0.21194955390625 0.12654019027777777 0.01919430000000002 0.09810420555555556
2 0.357512612109375 0.5864402875 0.03680164296875001 0.08256881944444451
2 0.273731205859375 0.5893360916666667 0.05878254453125002 0.03412320277777773
2 0.131095477734375 0.591844232638889 0.08253166328125 0.05193568472222228
7 0.7991751703125 0.3686016395833333 0.029991093749999996 0.027725098611111085
7 0.95212974921875 0.3675352895833333 0.02879144999999994 0.14502360138888892
7 0.95812796796875 0.21611359166666666 0.035989312499999926 0.1151658
6 0.984520130078125 0.44537884097222225 0.026392163281250092 0.05331750138888888
2 0.6240271828124999 0.5829379909722222 0.013196081250000002 0.021327001388888867
2 0.634823976171875 0.5850706916666667 0.010796794531249976 0.025592402777777717
2 0.6498195230468751 0.5818716416666667 0.014395725781249969 0.031990502777777784
2 0.659416673046875 0.5850706916666667 0.014395725781250058 0.034123202777777806
2 0.6744122203125 0.5850706923611111 0.027591806249999972 0.055450201388888905
2 0.703203669921875 0.5818716430555556 0.037188955468749986 0.07037910277777779
2 0.734394408203125 0.5904024416666667 0.049185396093750014 0.08317530277777775
2 0.79257712890625 0.5914687916666667 0.08877363750000011 0.09810420277777783
2 0.8789514796875 0.6170611909722222 0.15115511250000005 0.13222740138888892
2 0.48030427343749993 0.6048792486111111 0.24305899999999997 0.36805291388888894