2 0.525170927734375 0.42906946250000005 0.015137032031250008 0.04036541944444447
2 0.5169717015625 0.4357970326388889 0.01639845156249997 0.04036542083333327
2 0.47534486210937504 0.4414033402777778 0.06685522734375002 0.1278238305555555
2 0.450116474609375 0.4840112840277778 0.06685522734374993 0.15473410972222226
2 0.324605246484375 0.49298137708333334 0.22705548828125005 0.29825560416666663
2 0.569951315625 0.43803955555555557 0.011352774999999937 0.02242523333333332
2 0.581934799609375 0.43803955555555557 0.015137032031250008 0.02242523333333332
2 0.59328757421875 0.4425246027777777 0.012614193749999992 0.02242523333333332
2 0.604009638671875 0.4458883874999999 0.013875613281250043 0.024667755555555556
2 0.6279766066406249 0.44476712569444443 0.03910400078125002 0.05382055972222225
2 0.67023415625 0.4537372194444444 0.06054812968750003 0.08970093333333334
2 0.701769640625 0.4638285736111111 0.06054812968750003 0.10539859722222218
2 0.77303983515625 0.47167740555555565 0.09712929218749995 0.16146168055555554
2 0.85818564296875 0.4918601159722223 0.1412789703125 0.1928570069444445
2 0.164404985546875 0.5740859743055555 0.32544619921875 0.5157803680555555
2 0.9300865480468751 0.6368766277777778 0.1362332929687499 0.35431868611111117