7 0.8105717859375 0.4034357548611111 0.026392162500000094 0.019194301388888845
7 0.417088635546875 0.40414665208333334 0.023992875781249978 0.04478669861111118
7 0.41708863476562497 0.4436016006944445 0.014395725781250058 0.04265400138888893
7 0.06259390468750001 0.3220377013888889 0.017994656250000008 0.02132699999999998
7 0.03080334609375 0.2996443527777778 0.0383886015625 0.0191943
9 0.968867012109375 0.47559210138888885 0.06226597578124995 0.1236966
2 0.9856620242187499 0.5800944020833334 0.028675951562500045 0.08104260138888884
2 0.931735805078125 0.5406394520833333 0.05518361328125003 0.036255901388888866
2 0.94853081796875 0.5950233013888889 0.02879144999999994 0.08104259999999996
2 0.6162294976562499 0.5502366 0.06718005156250006 0.08530800000000001
2 0.50706191640625 0.54490485 0.08397506249999998 0.07464449999999997
2 0.467473672265625 0.52784325 0.031190736718749966 0.027725099999999968
2 0.40509219726562495 0.5406394513888889 0.11276651328125001 0.07464449999999997
2 0.785379266796875 0.5609001020833333 0.30470951328124996 0.23459700138888892
2 0.262334590234375 0.5438385013888889 0.07437791328124996 0.04691940000000001
2 0.18195846015625 0.5342413506944445 0.10077007499999999 0.06184829861111104
2 0.06430906210937501 0.5481039020833334 0.09134154609375 0.07677720138888888
2 0.062278414062499995 0.6973929006944445 0.12419428750000001 0.4350708013888889
4 0.583239294921875 0.5939569520833333 0.06837969453125003 0.29217990138888883
4 0.56164570859375 0.5939569520833333 0.05158468125000004 0.33909930138888883