2 0.549022076171875 0.44389217569444445 0.03786359140624995 0.04487536527777781
2 0.576893886328125 0.4410874659722222 0.01788002890625 0.03926594583333332
7 0.6300080906250001 0.42332429930555554 0.031552992187500004 0.029916912499999962
2 0.65945755078125 0.50840051875 0.00841413124999999 0.0018698069444444028
2 0.7104682230468751 0.4644600548611111 0.08940014609375 0.08227150694444442
2 0.512736133984375 0.4354780451388889 0.011569430468749965 0.028047104166666673
2 0.49485610468749996 0.45137140555555555 0.034708292187500066 0.07479228055555562
2 0.47276900937500005 0.46819966875 0.02419062656250004 0.07853189305555554
2 0.41597362265625 0.47100437916666665 0.10412487656249998 0.1664128222222222
2 0.35707470234375 0.5168146541666666 0.17354145937500004 0.21689761111111108
6 0.5847821343749999 0.35975086805555556 0.00841413124999999 0.011218841666666693
7 0.45699251328125 0.3379676125 0.010517664062500032 0.02804710555555556