7 0.687099471875 0.3155183395833333 0.024866196875000045 0.04420657083333334
7 0.694750609765625 0.3359213743055555 0.011476707031249945 0.017002529166666648
7 0.633131628515625 0.37660599097222225 0.01530227421874999 0.03230480416666666
6 0.5250593125 0.37150523333333335 0.00956392187499997 0.015302277777777817
7 0.8280443742187501 0.2550379159722222 0.02677898125000002 0.0544080875
9 0.5719225285156251 0.4208125638888889 0.02390980546875001 0.04760708055555559
2 0.58818119609375 0.4327143319444444 0.024866196874999958 0.04930733055555558
2 0.5580548421875 0.43526471249999993 0.014345882812500044 0.04080606666666671
2 0.60970002109375 0.44206572222222223 0.04112486562500006 0.06460960555555555
2 0.538448802734375 0.43951534305555556 0.04016847109374995 0.06290935277777779
2 0.5035404874999999 0.43951534236111106 0.010520314062500003 0.0527078347222222
2 0.49636754609375 0.43951534166666667 0.017215059375000053 0.05610834166666668
9 0.45237350546874994 0.40295990763888884 0.07651137656250002 0.16832502638888888
7 0.381053971484375 0.33142784166666667 0.011476707031249988 0.022103286111111113
2 0.45278338632812504 0.46113284513888886 0.032517335156250035 0.07991188194444447
2 0.391096089453125 0.4449804423611111 0.12337459140624998 0.17342578472222228
9 0.276807223046875 0.46307599652777776 0.23144690859374997 0.20573058472222228
2 0.103609153125 0.4845720430555556 0.20721830625 0.5372798777777779
2 0.712990390625 0.46793385625 0.10807231562500004 0.18872805972222217
2 0.819628120703125 0.4942877743055556 0.1912784367187501 0.26863994027777777
2 0.9055440070312499 0.5143264645833333 0.18649647656250004 0.3995594013888889