2 0.47647091171875006 0.3997061541666666 0.017867659375000056 0.029117663888888895
2 0.45636979609374995 0.39838262430555554 0.02531251562499994 0.06882357638888889
2 0.35660869921875 0.4155885194444444 0.03722429062500003 0.06088239444444447
2 0.5330518343749999 0.41691204930555553 0.023823545312500017 0.07411769861111107
9 0.241957885546875 0.39639733055555554 0.05806989296875002 0.07808829166666666
2 0.41616756171875 0.4155885173611111 0.09380521093750001 0.11911773194444446
2 0.586654812890625 0.4420591277777777 0.11316183984374995 0.16147069722222218
2 0.13400744531250003 0.4394120645833333 0.19654425000000003 0.18264718472222224
7 0.575487525 0.3229413965277778 0.010422801562499995 0.023823545833333327
7 0.5933551835937501 0.2885296083333333 0.01637868593749996 0.03441178888888889
7 0.594844155859375 0.3150002131944445 0.013400744531250019 0.0238235486111111
2 0.505059163671875 0.40102968541666667 0.032757375781250084 0.04500003194444449
7 0.759524424609375 0.21176484999999998 0.037224289843750036 0.09000006111111108
7 0.710388361328125 0.15750010763888891 0.022334574218750004 0.05558827361111111
7 0.8835557406250001 0.1879413048611111 0.04169120468749998 0.09000006249999999
7 0.8195299621093751 0.19588248680555556 0.07147063671875005 0.09529418194444444