7 0.371958358203125 0.29812478819444443 0.015820302343750026 0.05156246527777779
2 0.277036548828125 0.42820282361111106 0.029003886718750004 0.025781233333333296
2 0.14388234296875 0.4387496902777777 0.031640603125000014 0.03281247777777775
2 0.45171904609375 0.40945283750000006 0.02241209375000004 0.035156224999999985
2 0.50709010078125 0.4059372131944444 0.01186522656250002 0.03281247638888887
2 0.51763696875 0.40359346527777784 0.011865225000000024 0.03281247777777775
2 0.524228761328125 0.4024215909722222 0.01713866015624994 0.03515622638888887
2 0.5314797328124999 0.4059372145833333 0.018457017187499945 0.042187473611111095
2 0.545981676171875 0.4071090895833333 0.03164060390625005 0.04921871527777778
2 0.55652854453125 0.41765595555555557 0.036914037500000066 0.05624996111111105
2 0.6092628828125 0.4387496916666666 0.08437494218749997 0.10781242777777772
2 0.48138211093750005 0.4340621944444445 0.052734337500000006 0.09374993611111111
9 0.222324671875 0.4375778166666666 0.07250971718750002 0.07734369722222227
9 0.8129492671874999 0.5149215159722222 0.37045872968749993 0.3492185125
1 0.13069875859375 0.42703095 0.050097621875 0.0656249555555555
1 0.10037651367187499 0.4317184451388889 0.02636716953124999 0.06562495416666671
1 0.0497152 0.4270309486111111 0.0994304 0.09374993333333334
2 0.985654226171875 0.3942184715277777 0.027685528906250135 0.10312492916666664
2 0.382505226171875 0.41179658541666664 0.013183585156249978 0.016406240277777803
2 0.33702185859375 0.4188278298611111 0.019775376562499992 0.02109373472222226
2 0.4200784425781251 0.4094528361111111 0.011865225781250021 0.021093736111111146