7 0.041429334375 0.29374209791666667 0.0809090515625 0.025994876388888876
6 0.079934243359375 0.2634147423611111 0.009748078906250002 0.05892171805555554
6 0.5843973035156249 0.29894107291666666 0.010722886718750057 0.05372274305555555
6 0.09504376484375002 0.2651477347222222 0.012672501562500004 0.051989752777777794
6 0.59414538203125 0.40898604652777776 0.018521348437499974 0.02772786527777771
2 0.8987728339843748 0.46444178263888886 0.15401963984374997 0.1039795041666667
2 0.451823436328125 0.48697067430555563 0.022420580468750017 0.024261881944444418
2 0.43622651093750003 0.48523768333333334 0.010722885937499971 0.017329916666666632
2 0.42842804843749993 0.48263819583333334 0.008773270312499993 0.01906290833333328
2 0.22176878515625004 0.50949956875 0.04971520000000003 0.0415918013888889
2 0.259298887109375 0.5051670895833333 0.025345003906249986 0.0329268430555555
2 0.28171946796874997 0.4991016173611112 0.019496157812500005 0.034659834722222234
2 0.29634158515625 0.4939026409722222 0.01169769374999996 0.024261881944444418
2 0.30608966367187496 0.4930361458333334 0.007798463281250001 0.022528891666666655
2 0.31486293437499996 0.49130315416666664 0.011697693750000005 0.02599487500000003
2 0.328022840234375 0.48697067499999996 0.010722886718749968 0.02079590000000001
2 0.335333898828125 0.4809052041666667 0.011697694531250002 0.025994874999999952
2 0.358241883203125 0.4904366576388889 0.020470964843749995 0.024261881944444497
2 0.38884327421875 0.4817717 0.017336428125000004 0.024261883333333303
2 0.14134713789062497 0.5268294847222222 0.05458923984374999 0.062387702777777714
2 0.193011953515625 0.4999681131944444 0.023395388281249985 0.025994876388888914
2 0.10722886289062498 0.5302954694444445 0.015596925781249993 0.041591802777777784
2 0.09991780390625 0.5190310215277778 0.0243701953125 0.0329268430555555