7 0.276845919140625 0.5297158680555556 0.023873942968750006 0.01795646944444442
7 0.668929525 0.4864570986111111 0.02479217187499998 0.029383316666666718
7 0.677193582421875 0.5419589166666666 0.021119257031249995 0.01632406388888891
7 0.67076598203125 0.5558343715277777 0.02479217187499998 0.014691656944444433
7 0.6675521812499999 0.5721584347222222 0.009182285937499923 0.011426844444444445
7 0.748356297265625 0.5466929097222223 0.020201028906249974 0.03101572222222223
7 0.437306364453125 0.6309250625 0.008264057031249994 0.00816203055555557
6 0.27785597500000003 0.4915175687499999 0.007345829687500016 0.03428053194444445
6 0.74596892578125 0.4890689604166667 0.02203748593750001 0.07182588194444442
6 0.78269806875 0.5576300277777777 0.034892685937500015 0.055501816666666634
6 0.6867431820312501 0.6106832340277778 0.01377342812500002 0.02775090694444447
6 0.43790320703124996 0.6139480486111111 0.004591142187500008 0.014691658333333319
6 0.545611437109375 0.4547884256944444 0.005509372656250022 0.04244256527777779
6 0.552498151953125 0.4539722229166666 0.008264057031249994 0.0408101597222222
4 0.457094206640625 0.6621040368055555 0.007345828906250062 0.029383315277777752
4 0.7225540964843751 0.6808767076388889 0.01010051484375003 0.04733978472222226
4 0.7074033249999999 0.6906711458333333 0.014691657812500036 0.053869411111111036
4 0.636699723828125 0.6939359597222222 0.01469165703124995 0.050604597222222165
2 0.7284613824218751 0.6924124034722223 0.027546858593750036 0.03428053194444445
4 0.891446955859375 0.7079202645833333 0.01928279921874996 0.06529625416666668
2 0.9355219285156251 0.7201633124999999 0.07988588828124996 0.09304716388888884
2 0.5452441511718751 0.6777751465277778 0.012855200781249998 0.045707379166666666
2 0.553967321875 0.6785913486111111 0.013773428124999931 0.05060459722222224
2 0.560854037109375 0.6843047715277777 0.020201028906249974 0.05550181805555551
2 0.330837776171875 0.6402298000000001 0.04132028671874997 0.05876663055555558
2 0.37353540546874997 0.6916506027777778 0.08631348750000001 0.11590085277777788
2 0.15380328828124998 0.6369649881944445 0.024792171875 0.02611850416666665
2 0.08860905859375 0.6638996923611111 0.13497960156250002 0.11263604027777774
2 0.812574909765625 0.8049395937499999 0.26261337578125 0.2758766763888889
3 0.6652566109375 0.7451935090277778 0.048666114062499946 0.12079807083333323
3 0.6781118109375 0.7517231347222223 0.06335777343750007 0.14691657222222226
2 0.24414677578125002 0.7208264409722221 0.22221131718749998 0.2644498319444444
2 0.5001285035156251 0.7057437048611112 0.10284160078125 0.1599758236111111
2 0.585982876953125 0.6926844555555556 0.04499320078125004 0.06856106944444451
6 0.517880922265625 0.6066022194444445 0.007345828906250062 0.01632406111111114
2 0.9167172980468749 0.8763301458333334 0.16344468828124992 0.24649336111111117
2 0.009641399609375 0.6660218006944444 0.01928279921875 0.04570737916666674