7 0.7332426640625 0.2348341638888889 0.046778729687500055 0.03603694722222224
7 0.79065799375 0.22513191041666666 0.04132121093749994 0.12474328194444444
7 0.697490357421875 0.30898711319444444 0.01559290859375002 0.04296712916666665
7 0.692032839453125 0.28611751319444445 0.009355746093750028 0.013860368055555523
4 0.5076466574218751 0.3914562798611111 0.016372555468749984 0.06652974861111116
2 0.5251887046875 0.38383308124999993 0.021830073437500007 0.037422987499999984
2 0.50725685859375 0.3845260986111111 0.02338936406250003 0.049897311111111106
2 0.4873758992187501 0.38521911666666664 0.025728303125000008 0.062371638888888886
2 0.456969724609375 0.38383307986111115 0.05379553828125001 0.0790040763888889
2 0.448783446875 0.3997725 0.04054156562499998 0.069301825
2 0.5871705210937501 0.3886842069444444 0.12552292343750002 0.09702255000000003
2 0.15157143515625 0.4198700270833333 0.18477597968749998 0.18711491805555558
9 0.302711279296875 0.38452609791666664 0.10525213984375004 0.13860364305555556
2 0.40167057226562497 0.39353533333333335 0.07640525859374998 0.11504101944444439
2 0.842504419140625 0.4032375895833334 0.024948655468750046 0.029106765277777828