6 0.6209294171874999 0.3123654 0.011700701562500004 0.043682622222222196
6 0.6361403296875 0.41914513541666665 0.011700703125 0.02704162083333333
6 0.5308340140625 0.04056243194444444 0.014040842187499968 0.06448386666666667
6 0.5478000324218749 0.44306656944444445 0.005850352343750043 0.024961497222222247
6 0.509772751171875 0.45450725555555554 0.00468028046875002 0.01872112222222218
6 0.559500733203125 0.4784286902777778 0.003510210156249993 0.016640997222222214
6 0.549555137109375 0.47946875277777773 0.00468028046875002 0.01872112222222226
7 0.5793919261718751 0.46386781666666665 0.010530632031249976 0.02080124722222223
7 0.8871203800781249 0.2662559666666667 0.043292596093750114 0.04992299444444441
2 0.5448748562500001 0.498189875 0.009360560937499951 0.01872112222222218
2 0.5279088390625001 0.4950696888888889 0.012870771874999942 0.02080124722222223
2 0.51035778671875 0.5013100625000001 0.01287077187500003 0.024961497222222247
9 0.48871148828125 0.48778925208333335 0.03510210468749993 0.06032361805555553
2 0.560085769921875 0.5044302500000001 0.018721122656249988 0.0228813722222222
2 0.7004941898437501 0.5335519965277778 0.250395015625 0.18929135138888892