2 0.023212482812499997 0.3945974333333333 0.046424965624999995 0.19401076388888888
2 0.057700923437499996 0.37885202222222225 0.11540184687499999 0.14518448055555555
2 0.20194371328125 0.4135229451388889 0.1755215328125 0.13218288194444447
2 0.3774652453125 0.43844266805555554 0.1852727296875 0.13868367777777782
7 0.6303869000000001 0.28675738958333336 0.03534808593749998 0.026003190277777775
7 0.6340435984375 0.33551337013888893 0.028034689062500017 0.0541733125
2 0.9930095121093749 0.4741970513888889 0.009751197656250099 0.015168527777777758
2 0.9820394144531249 0.47853091597222225 0.01462679453125002 0.02383625694444444
2 0.9661937222656249 0.47961438194444445 0.01462679453125002 0.030337055555555596
2 0.9521763769531251 0.4774474541666666 0.018283492968750002 0.03467091944444441
2 0.9369401343749999 0.4752805173611111 0.021940192187499895 0.0390047847222222
2 0.91926608828125 0.4774474541666666 0.020721290624999965 0.03467091944444441
2 0.9113432425781249 0.47961438680555557 0.026815789843750083 0.0390047847222222
2 0.8887936 0.48178131527777784 0.02072129218750014 0.05200638055555555
2 0.852226615625 0.4720301180555556 0.06460167500000011 0.08017650277777777