2 0.0344987453125 0.6758940152777778 0.06738824218749999 0.20384105277777778
2 0.8833894429687501 0.5060264715277778 0.230326978125 0.2789403875
2 0.138196180859375 0.5355297819444444 0.27639236171875 0.2807284666666666
2 0.29751405039062495 0.47652316180555554 0.14282284296875 0.19847681250000007
2 0.37093706015625 0.4684768041666667 0.07845198593749995 0.11443708333333333
2 0.41569492304687505 0.4559602465277778 0.031179635156250017 0.07867549305555552
2 0.44234848164062496 0.4470198506944445 0.04425496484374998 0.0786754930555556
2 0.4695049375 0.44165561249999996 0.02011589375000007 0.05721854166666663
2 0.48610054882812503 0.4318211777777778 0.031179635156250017 0.0518543027777778
2 0.743081086328125 0.43718541388888893 0.15891555703125002 0.16986754166666668
2 0.6626175125 0.44612581111111116 0.05230132187500001 0.11622516111111113
2 0.634958159375 0.4425496527777778 0.027156456250000006 0.08046357500000004
2 0.6208770343750001 0.4336092548611111 0.04123758124999997 0.08761589027777777
2 0.596737962890625 0.4362913756944445 0.03117963515624993 0.060794698611111087
2 0.575616275 0.431821175 0.02313327812499999 0.0339735083333333
2 0.558014867578125 0.4255628979166666 0.01609271328124997 0.03218542916666662
2 0.526835233203125 0.431821175 0.020115892968749983 0.0339735083333333
7 0.5967379625 0.37549667500000006 0.015086918750000056 0.028609269444444467