7 0.42073762187499997 0.42117157847222225 0.029003885937499963 0.02578123194444449
2 0.16497607890625 0.5207808854166667 0.01845701875000001 0.01874998750000003
2 0.140586447265625 0.5324996263888888 0.01977537734375001 0.023437483333333297
2 0.21705123828125003 0.5149215125000001 0.019775376562499992 0.025781233333333375
2 0.24803266210937497 0.5149215125 0.023730452343749996 0.030468724999999985
2 0.39568881132812506 0.5043746458333334 0.01582030234374998 0.028124980555555606
2 0.3752542546875 0.5078902694444445 0.040869112499999985 0.04453121944444444
2 0.41150911210937496 0.49968714791666663 0.015820302343750026 0.03281247638888887
2 0.334385141796875 0.5114058909722222 0.04877926328125 0.07499994861111109
2 0.5202736859374999 0.47859341388888893 0.025048810937499954 0.023437483333333297
2 0.561801977734375 0.47859341388888893 0.02373045234375004 0.023437483333333297
2 0.423374338671875 0.47273404375 0.013183585156249933 0.016406240277777803
2 0.44512725390624996 0.47390591736111115 0.011865225000000024 0.014062490277777803
2 0.2862650578125 0.5289840041666666 0.076464790625 0.07734369722222227
2 0.4345803859375 0.5149215138888888 0.05668941406250001 0.07265619999999996
2 0.5927834019531251 0.5055465201388889 0.07250971640625004 0.08203119305555553
2 0.542685780078125 0.4809371625 0.022412094531250037 0.028124980555555526
1 0.55222864453125 0.4540438326388888 0.07895943593750002 0.034659834722222234