6 0.6328122785156249 0.3448659472222222 0.008437499218749967 0.02062499444444445
6 0.5800779222656249 0.3054909618055555 0.00843749765624997 0.024374987500000007
6 0.5189060695312501 0.29142846527777777 0.008437498437500057 0.026249991666666656
6 0.35595690625 0.32611595277777783 0.007382809374999999 0.02062499166666668
6 0.20673966249999998 0.2912694298611111 0.007382809374999999 0.031874990277777786
6 0.23943496328125002 0.30345692361111115 0.007382809374999999 0.02999998888888891
6 0.7820714933593751 0.2443944472222222 0.006328124218749931 0.0318749888888889
6 0.645489509375 0.2200194548611111 0.00949218437499999 0.028124990277777803
6 0.6207043621093751 0.24814444374999997 0.006328122656250023 0.031874990277777744
6 0.578516877734375 0.26220694027777774 0.006328122656250023 0.02999999166666668
6 0.542657514453125 0.26876943541666665 0.00843749765624997 0.0356249875
6 0.38603647578125 0.19564446319444445 0.00949218437499999 0.0356249875
6 0.6792394984375 0.36158190625000003 0.007382807812500047 0.01499999583333332
7 0.23099746640625002 0.32033191805555555 0.01371093124999998 0.02999998888888887
7 0.2120130984375 0.32033191944444445 0.011601557812499986 0.02249999166666667
7 0.865919119140625 0.37751939930555556 0.02847655390624997 0.04687498194444445
7 0.86591911953125 0.4112693875 0.013710932812499976 0.020624994444444412
2 0.35701159374999997 0.35968736388888894 0.02214842968749999 0.03187498611111113
2 0.33644519414062496 0.3521873659722222 0.023203116406250012 0.020624990277777793
2 0.31798816875 0.35874986666666664 0.01371093124999998 0.02249999166666667
2 0.297421771875 0.34749986944444444 0.01687499374999999 0.018749991666666688
2 0.41923813359374995 0.3653123625 0.00949218437499999 0.016874994444444427
2 0.815541094140625 0.3943333402777778 0.05327023984375003 0.048666958333333336
2 0.205397325390625 0.36626940347222214 0.062226541406250016 0.04687498194444441
2 0.49965503476562495 0.3737694 0.015820307031250015 0.02062499444444449
2 0.8271525960937499 0.4053124923611111 0.04916820468750007 0.0364208930555555
2 0.8770036929687499 0.4028844326388889 0.06419182343749999 0.04613313194444441
2 0.9111482796875 0.4004563729166667 0.0805812249999999 0.05584536805555555
2 0.9398297328125 0.41502472986111105 0.05872868906250002 0.06070148750000005
2 0.95485335078125 0.4138107006944445 0.04780242187500008 0.05341730972222223
2 0.4549765992187501 0.3761757777777778 0.01502361875 0.02185253611111114
7 0.712426783984375 0.3421829444444444 0.010926267968750025 0.016996416666666687
7 0.7131096757812501 0.3567513020833333 0.01502361875 0.007284179166666702
2 0.572433977734375 0.38710204583333335 0.036876153906250056 0.02913671388888888
7 0.093726869921875 0.30819011180555556 0.010926267968750004 0.021852534722222216