6 0.300585730859375 0.4812496659722222 0.010546869531250013 0.018749987499999954
7 0.375732163671875 0.49921840486111113 0.010546869531250013 0.014062490277777803
7 0.376391342578125 0.4839840409722222 0.017138660156249985 0.02578122916666664
2 0.30915506015625 0.5164059013888889 0.006591792187500012 0.018749986111111148
2 0.31574685234375 0.5187496500000001 0.009228509374999971 0.028124983333333374
2 0.324975362890625 0.5140621527777778 0.014501942968749982 0.028124980555555606
2 0.3295896171875 0.519921525 0.015820301562500028 0.025781233333333375
2 0.336840588671875 0.5234371458333332 0.014501941406249986 0.028124980555555526
2 0.34738745664062504 0.5246090208333333 0.014501942968749982 0.030468730555555525
2 0.356615966015625 0.523437145138889 0.011865227343750017 0.04218747083333333
2 0.3612302203125 0.5257808944444444 0.01054686718750002 0.042187472222222216
2 0.373754625390625 0.5187496513888888 0.02504881015625 0.04687496944444444
2 0.37902805859375005 0.5292965180555556 0.025048809375 0.04453121944444444
2 0.3961667203125 0.5328121395833334 0.030322243750000012 0.046874968055555556
2 0.415942096875 0.5421871333333333 0.04614254687499995 0.06093746111111113
2 0.446923520703125 0.5492183770833333 0.060644491406250015 0.07031245138888885
2 0.4943844257812501 0.56328086875 0.060644489062500015 0.09374993472222223
2 0.289379683984375 0.51054653125 0.01186522421874998 0.03046872916666672
2 0.24323713749999998 0.5249996395833334 0.05932612968749997 0.09843743472222215
2 0.27026348632812497 0.51796839375 0.010546867968749974 0.0374999736111111
2 0.243896316796875 0.5437496270833333 0.04746090390625004 0.09374993472222223
2 0.21950668437499998 0.5496089958333333 0.05932612968749999 0.13359365833333334
2 0.12919913046875 0.6140620777777778 0.216210790625 0.3140622833333334
2 0.07672846250000001 0.7260932590277779 0.1502928640625 0.5474996375000001
2 0.6643208250000001 0.5721089875 0.3124509578125001 0.3679685166666667
2 0.90228452890625 0.63773395 0.1924803375 0.22734359444444452