2 0.030016351171875 0.79835698125 0.05847341171875 0.24117033749999994
0 0.009745568359375002 0.6043118819444444 0.01637255546875 0.06652975000000004
0 0.020660605859375 0.6022328263888889 0.02884688359375 0.07068785555555558
0 0.0327451109375 0.5994607541666667 0.028067239062500006 0.07900407499999997
2 0.13487866953125 0.5856003895833333 0.1231839875 0.10672480416666666
4 0.214792332421875 0.5578796618055556 0.010135391406249994 0.05682749305555556
2 0.5913611039062501 0.5869864256944445 0.11616717812499999 0.1483058958333334
7 0.597208444921875 0.4892708576388889 0.009355746093750028 0.024948654166666667
7 0.5835646496093749 0.4310573284722223 0.014813264843749962 0.02217658194444449
7 0.516904958984375 0.46501522222222225 0.031185819531249947 0.018018474999999985
7 0.2974347546875 0.4178899826388889 0.030406175000000025 0.015246401388888841
7 0.24909673437500005 0.4553129659722222 0.014813265625000006 0.009702254166666712
6 0.341874547265625 0.4137318729166667 0.008576100781249974 0.02910676527777775
6 0.247537442578125 0.47679653055555554 0.007016808593750002 0.024948655555555553
6 0.16372555234375002 0.48234067569444444 0.012474326562500004 0.01940450972222223
6 0.34967100195312495 0.41165281875 0.007016808593750002 0.030492801388888876
6 0.62371639140625 0.4871918034722223 0.00779645468750001 0.01247432638888889
9 0.773018503515625 0.4934289673611111 0.28612989609375 0.2855235041666667
2 0.392941326953125 0.5474843881944443 0.031185819531249992 0.04435316527777778
2 0.410873173046875 0.5412472243055556 0.018711491406249968 0.03742298472222221
2 0.4252966140625 0.5315449694444444 0.016372554687499985 0.029106763888888863
2 0.47480410312500004 0.5273868604166667 0.010915037499999957 0.03187883750000001
2 0.4853742925781249 0.5324486875000001 0.013164021093750033 0.036458347222222263
2 0.5079390355468749 0.5419402423611112 0.03976191953125001 0.06375767638888889
2 0.44868597929687504 0.5509494798611111 0.05067695703124997 0.08177615138888888
2 0.35473869765625 0.5578796618055555 0.06549022031249999 0.10118065972222223
4 0.2822316671875 0.5440192972222222 0.009355745312499986 0.0457392027777778
4 0.06588004375 0.5710470076388888 0.014813264062499998 0.09425047638888889
4 0.191208055859375 0.5530285340277777 0.007796455468749986 0.045739201388888914
4 0.183801424609375 0.5474843881944444 0.011694683593749988 0.045739201388888914
7 0.31517168984375 0.5010521673611111 0.010915037500000002 0.024948654166666667
6 0.522947212109375 0.42135507361111113 0.0054575179687499364 0.023562619444444502
6 0.37559421484375 0.5059032958333333 0.0070168093749999995 0.012474327777777777
6 0.364289355078125 0.5045172583333334 0.0077964554687500074 0.012474327777777777
6 0.42666099414062497 0.4948150034722223 0.006237163281249991 0.01247432638888889
6 0.435626917578125 0.5045172583333334 0.0070168085937499566 0.012474327777777777
6 0.46876185039062507 0.49481500277777773 0.004677872656249971 0.015246400000000035
7 0.4773379515625 0.49758707708333333 0.010915037500000047 0.015246401388888841
4 0.310185322265625 0.5361863388888889 0.01115465859375 0.04423728055555556