6 0.3124898921875 0.24950311180555557 0.010100515624999983 0.02938331527777779
7 0.294584434765625 0.2560327361111111 0.016528114843749987 0.035912938888888926
7 0.3005529203125 0.2911294743055556 0.015609885937499967 0.02775090694444443
7 0.29642089140625 0.30663733472222227 0.018364571875000023 0.019588874999999974
7 0.11920277343749999 0.19971471805555557 0.03489268593749999 0.040810161111111125
4 0.334235205078125 0.3868803104166667 0.009182285156250015 0.047339784722222174
4 0.3296440625 0.38443170138888894 0.0128552 0.042442566666666674
4 0.295210490625 0.37382105972222224 0.010100515624999983 0.034280533333333335
4 0.28648731875 0.37871827916666667 0.009182285937499968 0.037545347222222206
4 0.276845919140625 0.37708587222222223 0.011936972656249979 0.04407497222222219
4 0.26950008984374996 0.37463726319444446 0.011936971875000025 0.045707379166666666
4 0.34394219257812503 0.3735878604166667 0.00918228515624997 0.02611850416666665
2 0.1517998890625 0.393971075 0.23598474687499998 0.3085248027777777
2 0.082557101953125 0.5640879986111111 0.16511420390625 0.4814601527777778
2 0.497972066015625 0.4579317229166666 0.31862531953124995 0.5174728208333333
1 0.76291400859375 0.31995165 0.4728877203124999 0.6399033