2 0.52077979140625 0.48151904236111115 0.01223565156249995 0.020392745833333316
2 0.5345448953125 0.49171541597222224 0.01682401718749995 0.029909362500000074
2 0.55481018828125 0.4964737277777778 0.016059289062499982 0.03126888333333326
2 0.5915171359375 0.50327130625 0.042060042187499924 0.05574017638888888
2 0.630900630078125 0.5175462284722222 0.03823640234374999 0.07613292361111108
2 0.664931027734375 0.5209450208333334 0.057354602343750026 0.09108760555555556
2 0.715785443359375 0.5325009138888889 0.09176736796874999 0.1223564888888889
2 0.8541587453125 0.54745559375 0.22253586249999993 0.22024167916666665
2 0.9559279875 0.607756998611111 0.08641427187499992 0.22839878055555551
2 0.479502410546875 0.48879929930555555 0.016059288281249983 0.017673715277777703
2 0.36632265859375 0.48472075138888887 0.028294937499999985 0.031268883333333344
2 0.31699770078125 0.4881195402777777 0.029059665624999998 0.032628397222222265
2 0.18087610703124998 0.4989956743055555 0.05047205156250001 0.04350452916666667
2 0.08872637812499999 0.4983159145833333 0.0634724296875 0.04486404305555559
2 0.26958456015625 0.4949171229166667 0.0367069453125 0.027190329166666694
6 0.49938534062500006 0.43985670416666667 0.013000378124999924 0.03126888055555557
9 0.881080339453125 0.4208826402777778 0.23525751328125005 0.18000012222222225