7 0.9022957683593749 0.23081628819444444 0.022729588281250025 0.04040815694444445
7 0.9157268882812499 0.2693877055555556 0.041326521875000036 0.025714280555555528
7 0.9229590292968751 0.29418362152777777 0.05165815234375 0.03122448472222222
7 0.89919628046875 0.41051011736111115 0.041326521875000036 0.056938765277777824
7 0.901090389453125 0.4144897173611111 0.044426010156249876 0.0697959041666667
2 0.45200883281250004 0.5372447833333334 0.011364793750000057 0.01653061111111111
2 0.478354490234375 0.546428454861111 0.008265303906249955 0.012857140277777764
2 0.47215551171875003 0.5445917229166667 0.006198978125000032 0.023877545833333298
2 0.5021172406250001 0.5390815166666667 0.014464282812499984 0.02020407777777772
2 0.5150317785156251 0.5445917229166667 0.01343111953124998 0.023877545833333298
2 0.523297083203125 0.5482651895833333 0.013431121093750064 0.023877545833333378
2 0.5672065125 0.5629590631944444 0.035127543750000004 0.05326529305555559
2 0.8418557312500001 0.5773468347222223 0.10641579375000002 0.05877549722222221
2 0.3944960921875 0.5415305145833333 0.023762749999999944 0.0385714180555556
2 0.3640177828125 0.5442856152777777 0.03926019531249998 0.0551020305555556
2 0.351619826953125 0.5497958173611112 0.03306121796874999 0.04408162083333333
2 0.32940682031249996 0.5525509194444445 0.02376274999999999 0.04959182500000002
2 0.217997401953125 0.5871427395833333 0.21696423984374996 0.23510199305555549
2 0.42204710390625005 0.5510202923611112 0.040293359375000025 0.04775509305555556
2 0.46079071914062497 0.5455100888888889 0.022729586718750028 0.025714277777777756
2 0.492302191796875 0.54183661875 0.011364792968749971 0.02204081249999995
2 0.531390204296875 0.5546937597222222 0.016530608593749996 0.025714280555555528
2 0.57943228515625 0.5745917333333334 0.04442601093749996 0.0532652944444444
2 0.65571416875 0.6174488576388889 0.08885202343750001 0.11571426249999996