7 0.243659219921875 0.4811636645833333 0.02734592734375001 0.052354593055555496
7 0.16950968671875 0.4820985659722222 0.024190628124999992 0.031786712500000015
7 0.20264032968749998 0.49518721736111104 0.008414132812499985 0.01682826249999994
7 0.41667479765624993 0.4839683756944444 0.013672964062500004 0.024307490277777788
7 0.49450551328125003 0.4568561750000001 0.007362365625000056 0.018698069444444423
7 0.35724999453125 0.44002791250000006 0.010517664062499987 0.01869807222222219
7 0.58232801015625 0.45872598194444447 0.010517664062500032 0.014958455555555538
2 0.024891802734375 0.534453163888889 0.04838125546875 0.04674517222222221
2 0.43508071015625005 0.5877426638888888 0.09045191250000002 0.14584494444444443
7 0.7316788429687501 0.5173132611111111 0.01682826250000007 0.029916911111111076
7 0.54551618515625 0.5070293229166667 0.012621196875000074 0.020567876388888903
7 0.31412757070312497 0.4995500944444444 0.008414132031250032 0.016828263888888903