2 0.521899989453125 0.41623875972222224 0.036876153906250056 0.05827342777777776
2 0.6523323117187501 0.44780353333333334 0.08467857500000005 0.09226626111111105
2 0.61340748125 0.43080711666666666 0.0314130203125 0.05827342777777776
2 0.5956522972656251 0.43080711666666666 0.017755185156249985 0.05827342777777776
2 0.5813115714843751 0.4295930868055556 0.021852535156249964 0.06070148750000005
2 0.393516343359375 0.4174527895833334 0.020486752343750015 0.026708654166666672
7 0.34639681328125 0.3786038361111111 0.010926267187500028 0.026708652777777786
7 0.5505814417968751 0.33125667708333334 0.023218317968750048 0.01456835694444444
7 0.584043137890625 0.3506811527777778 0.01365783515625001 0.014568352777777745
7 0.61545615703125 0.34582503402777776 0.0163894 0.01456835694444444
7 0.61409037421875 0.36767757013888885 0.01365783437500001 0.02428059583333331
7 0.5130223976562499 0.3688915986111111 0.010926268750000023 0.012140294444444462
7 0.551264334765625 0.35796533194444446 0.008194700781250041 0.029136711111111147
7 0.33478765390625 0.3348987680555556 0.020486753125000014 0.01699641944444446
7 0.308837767578125 0.32518652847222224 0.017755185156249985 0.021852537499999988
6 0.36346910664062504 0.3239724986111111 0.006828917968750003 0.02913671388888888
6 0.510973721875 0.32154443958333334 0.00682891718750005 0.02428059583333331
6 0.43585563046875003 0.36282145069444444 0.006828915624999965 0.019424476388888934
7 0.420832012890625 0.3688915986111111 0.017755185156249985 0.012140294444444462
6 0.3006430671875 0.3877957902777778 0.009560484375000034 0.01942447777777782
6 0.589506271484375 0.37322743402777775 0.010926267968750025 0.019424476388888934
2 0.549304221484375 0.4115855340277778 0.022420580468750017 0.025994873611111143
7 0.797880221484375 0.23828636180555557 0.01852134765624989 0.02946085694444444
2 0.35531746015625 0.42718246041666674 0.045815968750000026 0.05025675972222222