7 0.5597854625 0.46224314930555555 0.007796456250000005 0.006930184722222224
7 0.5914991621093749 0.48257167847222227 0.010915036718750049 0.01524640138888892
7 0.604363312890625 0.48326469652777776 0.010135391406249994 0.016632437500000048
7 0.5336673378906249 0.47541049375 0.010135391406249994 0.008316218055555583
7 0.544582374609375 0.4740244576388889 0.008576100781249974 0.008316218055555583
2 0.58785269921875 0.5045172590277777 0.012474328124999979 0.030492801388888876
2 0.54159374921875 0.4948150034722222 0.0046778734374999685 0.011088290277777762
2 0.52002354140625 0.50347773125 0.00779645468750001 0.016632437500000048
2 0.5091085046874999 0.5000126402777778 0.010915037499999957 0.023562619444444426
2 0.5328876921875001 0.5027847138888889 0.017931846875 0.026334688888888912
2 0.4603806625 0.5034777319444445 0.008576099999999975 0.011088288888888877
2 0.45102491640625003 0.5048637680555556 0.00857610156250006 0.011088291666666647
2 0.443228460546875 0.5034777319444445 0.0070168085937499566 0.011088288888888877
2 0.4334828921874999 0.5027847131944444 0.010915037499999957 0.01247432638888889
9 0.41204264140625 0.49793358750000005 0.016372554687499985 0.03326487777777779
2 0.37734841601562497 0.5024382048611111 0.024948653906250007 0.03187883750000001
2 0.332128978515625 0.5052102763888888 0.023389364843750027 0.029106763888888863
2 0.302892273046875 0.5072893326388889 0.03040617421874998 0.030492804166666648
2 0.19958924531250002 0.5107544236111111 0.05613447500000002 0.059599566666666624
2 0.029236705859375 0.5190706409722222 0.05847341171875 0.09286444027777777
2 0.49273594921874997 0.5013986763888889 0.028067237499999998 0.04573920000000003
2 0.563293866015625 0.5083288590277778 0.04443979296874998 0.06514371249999995
2 0.722536457421875 0.5249612965277778 0.10525214140625003 0.10395273194444449
2 0.911283757421875 0.4841887284722222 0.016372555468749894 0.016632437500000048
7 0.24494587460937503 0.45346002083333337 0.011192607031249979 0.03061225833333331