2 0.84515840234375 0.8023751694444444 0.3060896640625 0.39165613055555554
2 0.075547608203125 0.6143455666666666 0.15109521640625 0.2408858500000001
2 0.17254098906249998 0.5996151375 0.09358155312500001 0.1732991722222222
2 0.23834051875 0.5961491534722222 0.04971520156250002 0.10051352083333333
2 0.275870620703125 0.5935496666666666 0.031193852343750005 0.07105266111111111
2 0.308526683203125 0.5866176993055556 0.032168658593749996 0.06412069305555555
2 0.337283514453125 0.5848847076388889 0.023395388281250006 0.039858809722222256
2 0.35044342070312495 0.5857512034722223 0.02631981171875002 0.02426188472222219
2 0.6745670292968751 0.7053276319444445 0.16766694921875 0.235686875
2 0.5790358605468751 0.6594033513888888 0.10917847890624995 0.17156618055555548
2 0.529320660546875 0.6334084756944445 0.06433731796875 0.1369063458333334
2 0.4893535386718749 0.6230105256944444 0.03119385078125001 0.10917847916666663
2 0.46985738164062496 0.6152120624999999 0.011697694531249959 0.0623877027777778
2 0.456210071484375 0.6048141131944444 0.017546539843749986 0.051989754166666714
2 0.4415879542968749 0.5935496659722221 0.017546541406249984 0.03985880972222217
9 0.413805930859375 0.57188726875 0.02047096484375004 0.03119384861111109