7 0.50157598984375 0.24463542708333333 0.03483228125000002 0.07900407083333331
7 0.5111956753906249 0.3241015208333333 0.021830074218750006 0.04851127499999998
6 0.25976000703124996 0.43429141875 0.0054575187499999785 0.02494865694444444
2 0.388401511328125 0.5209186930555556 0.007016808593750002 0.015246405555555577
2 0.379435590625 0.5181466215277778 0.007796457812500002 0.01801847638888887
1 0.35058870664062497 0.4911189076388889 0.024948655468750004 0.01940450972222223
2 0.363842676953125 0.5250768006944444 0.02962652578124998 0.05128334861111104
2 0.342402428125 0.5493324368055555 0.03976192031250001 0.09147840416666662
2 0.15606715507812502 0.5548765840277778 0.022609719531249996 0.030492801388888876
2 0.1276100953125 0.5611137465277778 0.03430439999999999 0.05128334861111112
2 0.41218070234375004 0.543095275 0.04833802031250003 0.1898869888888889
2 0.46870499960937495 0.5285418930555555 0.11616717421875 0.37700190555555557
2 0.68908479375 0.6158621875 0.5480907796874999 0.568274936111111
1 0.045093556640625 0.4460727263888889 0.09018711328125 0.15939418888888884
2 0.072770972265625 0.6297225548611111 0.14554194453125 0.21067754027777774
2 0.18998173437500002 0.5645788423611111 0.0686088015625 0.06652975138888885
9 0.262488765234375 0.5098303979166666 0.05145660234374998 0.07068785138888885
2 0.287437419921875 0.5694299659722222 0.10447249609374998 0.14276175138888886