2 0.457469837890625 0.5049707430555556 0.013431121093750064 0.023877544444444412
2 0.45023769570312505 0.51231768125 0.015497447656249986 0.023877545833333378
2 0.43628999570312504 0.5049707444444445 0.018596935156250004 0.027551016666666643
2 0.47245070039062503 0.5095625791666667 0.012397955468750065 0.02938774999999999
2 0.48484865820312495 0.5132360472222222 0.03099489140624998 0.05142856111111113
2 0.511710898046875 0.5242564520833333 0.043392847656250046 0.08081630972222224
2 0.5654353750000001 0.5536442006944444 0.11778058749999998 0.15428568194444445
7 0.7795684820312501 0.43783675416666673 0.03306121718749999 0.04775509166666667
2 0.955507930078125 0.6031835645833333 0.08575253203125008 0.2644897402777778
2 0.80105005390625 0.6419386402777778 0.3595407406250001 0.3691835944444444
7 0.068188762109375 0.47112234861111113 0.027895403906250005 0.06428570277777779
2 0.422908068359375 0.5289794784722223 0.04545917421874997 0.06612243472222225