6 0.9341350937499999 0.4979854520833333 0.016795012500000085 0.061848298611111116
6 0.759586928125 0.5139807 0.010796795312499973 0.034123200000000034
6 0.37870003554687504 0.4862556013888889 0.004798575781250003 0.034123200000000034
6 0.47047278203125 0.5555683520833333 0.0035989312499999926 0.019194301388888845
6 0.5586465984375 0.5662318520833334 0.00479857499999996 0.019194301388888845
7 0.7463908445312499 0.39988125069444447 0.015595368750000027 0.031990498611111126
7 0.595235733203125 0.5257105520833333 0.020393946093749983 0.01492889861111111
2 0.5952357324218751 0.6078195027777777 0.017994658593749956 0.02985779999999999
2 0.6228275390625 0.6206157006944444 0.029991093749999996 0.04265400138888885
2 0.6546180984375 0.6291465027777777 0.04798574999999996 0.0639810027777778
4 0.6324246890625 0.5950233027777778 0.008397506250000042 0.017061599999999937
3 0.78686323359375 0.6579379527777778 0.054614970312499976 0.040521300000000024
5 0.793176953515625 0.6110185506944444 0.039588244531250004 0.06611369861111108
2 0.8735530824218749 0.7379142027777778 0.25072554453125007 0.3412320027777778
2 0.312119805859375 0.5811607513888889 0.020393944531249986 0.01919429999999996
2 0.25453690703125 0.6024877520833333 0.029991095312499993 0.036255901388888866
2 0.27313138515624996 0.6163503013888889 0.0479857515625 0.06398100000000002
9 0.20775079999999999 0.60675315 0.06358111874999998 0.08317530000000006
3 0.12257609375 0.6259474513888889 0.10676829374999999 0.10876769999999994
5 0.1237757375 0.5971560013888889 0.0347896703125 0.11943120000000004
2 0.34930876289062496 0.6206157034722222 0.10436900703125 0.08957340138888886
2 0.48786761640625 0.7831018784722222 0.3047095140625 0.4316073541666667