2 0.42030430820312503 0.46579375208333335 0.01192111015624997 0.03178962916666666
2 0.399442363671875 0.46791306041666664 0.03695544453125001 0.057221331944444384
2 0.36367903085937503 0.5116616430555556 0.034571221093750014 0.07629510833333333
2 0.295132643359375 0.5211985319444443 0.10967421953124998 0.129277825
2 0.05909464921875 0.71042251875 0.11682688593749999 0.4386968791666666
2 0.45070314062500005 0.49788613958333333 0.06795033125000005 0.09960750416666665
2 0.514481084375 0.4777527048611111 0.02384222031250003 0.033908937500000035
7 0.650807505078125 0.29730871875 0.027418553906250052 0.05086340416666665
7 0.699088004296875 0.30048767986111113 0.057221332031249975 0.023312395833333353
7 0.5035817851562501 0.42234792708333335 0.016689554687499976 0.012715851388888824
7 0.3986760109375 0.37784244375 0.011921110937499969 0.016954468055555574
7 0.397483899609375 0.3937372583333333 0.009536888281250011 0.019073777777777835
2 0.90949561015625 0.5159002611111111 0.11801899687499998 0.08477234444444445
6 0.364275086328125 0.35453005000000004 0.014305333593750014 0.03390893611111115
6 0.6295198035156251 0.30048768125 0.013113222656250034 0.04874409583333331
4 0.36248692109374997 0.5190792256944445 0.022650110937500002 0.10384612361111109
7 0.294816377734375 0.3533825944444444 0.014889716406249986 0.04500003055555553
7 0.560448902734375 0.38779438194444443 0.026801488281250042 0.018529424999999992
7 0.6401088835937501 0.3772061395833333 0.022334573437500005 0.013235304166666692
7 0.6378754261718751 0.4288238222222222 0.014889716406249942 0.005294122222222262
4 0.57206290859375 0.4698532618055555 0.005955885937499961 0.029117668055555553
4 0.58174122421875 0.4698532618055556 0.007444857812499972 0.034411787499999964
4 0.58918608203125 0.46852973125 0.007444857812500061 0.04235297083333336
4 0.6107761703125 0.4698532618055556 0.005955885937500049 0.02382354583333337
4 0.6271548578124999 0.47647091319444446 0.011911773437500005 0.04235297083333336
4 0.6956475515625 0.485735625 0.005955885937499961 0.06088239444444447
6 0.64055560234375 0.4076473375 0.005955885937499961 0.0317647277777778
6 0.48793601289062505 0.42352970069444446 0.00744485859374997 0.02117648472222216
4 0.66586811953125 0.49102974652777776 0.011911773437499917 0.06617651527777776