4 0.9788449128906251 0.4366014736111111 0.039761919531249926 0.12751534999999994
2 0.9550657250000001 0.5620377722222222 0.08887958593749996 0.23424015555555558
7 0.9882006578125001 0.2882955756944444 0.019491137499999846 0.05266938472222221
7 0.9924887085937499 0.33680685416666667 0.01403361874999991 0.02772072777777781
2 0.091218521484375 0.5717400256944444 0.11070966015625001 0.09840858749999996
2 0.12825168437499998 0.5585726798611111 0.10681143281249998 0.08039011249999999
2 0.18009810703125 0.5495634451388889 0.10915036875000002 0.06514370972222218
2 0.21752109062500002 0.533624023611111 0.11850611406250003 0.0831621888888889
2 0.28457060507812504 0.5343170423611111 0.05457518359375002 0.029106768055555596
2 0.32862057382812504 0.5287728944444444 0.03820262734375 0.018018472222222214
2 0.350450647265625 0.5246147881944444 0.014813264843750007 0.012474329166666662
2 0.361365684375 0.5204566791666666 0.011694682812500013 0.015246402777777807
2 0.552768653125 0.5107544229166666 0.06549022187500002 0.0845482208333333
2 0.47168552109375 0.5149125326388888 0.018711492187500057 0.029106768055555596
2 0.617479226171875 0.5183776215277778 0.08108313046875004 0.09702254861111115
2 0.3919099171875 0.5211496958333334 0.014033620312499995 0.013860363888888906
6 0.395418322265625 0.5031312208333334 0.007016810156249997 0.013860363888888906
6 0.388401512109375 0.47679653055555554 0.007016810156249997 0.016632436111111086
6 0.429722722265625 0.4698663486111111 0.007016810156250042 0.013860363888888906
7 0.54238149765625 0.42689921875 0.009355746875000025 0.011088293055555533
7 0.402824954296875 0.39502038055555555 0.007796453906250012 0.011088291666666647
7 0.464806769921875 0.4795686027777778 0.007016810156250042 0.016632438888888858
7 0.45662049296874996 0.4941219868055556 0.0062371640624999895 0.009702256944444482
7 0.4449258109375 0.47679653055555554 0.0062371640624999895 0.016632436111111086
7 0.368520552734375 0.5017451854166667 0.006237164843749987 0.011088293055555533