2 0.31151093671875 0.3621315402777778 0.009790190625000018 0.03988854999999999
2 0.39023410703124994 0.362109125 0.02109373593749999 0.021093736111111146
2 0.432421577734375 0.35507788055555556 0.015820302343749936 0.021093736111111108
2 0.46076628515625 0.3597653777777778 0.014501943750000024 0.021093736111111108
6 0.42187471015625 0.3140622847222222 0.007910151562500013 0.018749988888888878
7 0.029663065234375 0.01757811388888889 0.040869111718750004 0.03515622777777778
9 0.036914037109375 0.3539060069444444 0.07382807421875 0.16406238611111107
7 0.485815096484375 0.3380342388888889 0.011865225781249933 0.019818930555555524
7 0.6776362535156251 0.2624998208333333 0.021093735156250036 0.018749986111111106
7 0.690819837890625 0.2800779326388889 0.02109373515624995 0.04921871527777778
2 0.293004390625 0.3610616451388889 0.027222901562499978 0.03820758194444444
7 0.561651448046875 0.29929272152777775 0.017193411718749996 0.028018893055555574