2 0.36218339726562504 0.6120953923611111 0.01993669921875001 0.030379734722222274
2 0.421044132421875 0.6120953909722222 0.02753163203125002 0.03375525694444445
2 0.38401883281249993 0.6154709208333333 0.042721503124999984 0.06075946944444447
2 0.339873279296875 0.6120953951388889 0.030379735156249987 0.03713079027777771
9 0.29003152773437496 0.5985932868055556 0.040822766406249975 0.04725736527777779
2 0.290031528125 0.6264413798611111 0.031329101562499996 0.042194076388888946
2 0.15854423906249998 0.6171586840277778 0.03227846718750001 0.030379734722222197
2 0.13433538828125 0.6458506513888889 0.08449363750000001 0.07426157500000004
2 0.037974667578125 0.6019688152777778 0.07215186953125 0.033755258333333336
2 0.05363921914062501 0.6779181479166667 0.10537970703124999 0.1383965680555555
2 0.23259484140625003 0.6661038118055556 0.1272151390625 0.12826999027777772
2 0.479430184765625 0.6104076305555556 0.01329113515625 0.016877627777777744
2 0.50458840390625 0.6312233715277779 0.040822768750000016 0.06075946527777781
2 0.543987120703125 0.6109702152777777 0.03227846796874996 0.05400841666666665
2 0.57911368984375 0.6196903270833333 0.022784801562499978 0.03206749861111109
9 0.5990503914062499 0.6230658506944444 0.032278468750000046 0.04556960138888889
2 0.63180354140625 0.6163147972222223 0.021835434375000063 0.02869197222222218
2 0.6631326414062501 0.6163147951388889 0.03512656718749998 0.04556960138888889
9 0.743195911328125 0.6036565763888889 0.09398730390624994 0.08438815000000004
2 0.8775312984375001 0.6551333451388889 0.08164553437500004 0.08607591249999998
2 0.79493639453125 0.7108295319444443 0.2164556078125 0.2109703805555555
7 0.4443036171875 0.5389589826388889 0.024683534374999993 0.03375525972222222
7 0.444303616015625 0.57102648125 0.018987333593749954 0.023628681944444452
7 0.601265580859375 0.5895918743055556 0.011392399218749993 0.020253154166666655
7 0.526566764453125 0.4113437493055555 0.12338706640624997 0.08982969583333336
7 0.7288594734375 0.4168367423611111 0.12645764531249998 0.09572134027777773
7 0.6319602203124999 0.4160987576388889 0.07020643281250001 0.08405667916666673