2 0.252073351171875 0.41104590138888886 0.023138861718750015 0.02056788055555556
2 0.38827710703124996 0.4138506138888889 0.04522595624999996 0.03365652500000004
2 0.3525170484375 0.4054364833333333 0.03681182499999998 0.035526333333333326
2 0.324645237890625 0.405436482638889 0.03365652578125 0.028047104166666673
2 0.295721661328125 0.410111 0.03891535859374997 0.03739613888888885
2 0.548145604296875 0.3979572548611111 0.028397692968749944 0.020567876388888826
2 0.9788439574218749 0.4045015791666666 0.04207065859375003 0.02617729722222219
2 0.9362474164062501 0.3982688875 0.04732948906250005 0.03365652500000004
2 0.9004873578125 0.39328272569444445 0.038915357812500065 0.026177298611111156
7 0.9083756058593749 0.31973699375000003 0.027345925781249926 0.033656523611111114
2 0.8400107882812499 0.4378464638888889 0.13041903749999992 0.0841413138888889
2 0.140586109765625 0.5266622958333333 0.27976986953124994 0.34778410000000004