2 0.048892384765625 0.4902951597222222 0.09588603828125 0.12151893888888894
2 0.08829110468749998 0.49113904305555556 0.09113920625 0.08607591388888886
2 0.11392400429687499 0.4700420055555556 0.13670880546875 0.0978902583333333
2 0.1908227078125 0.4852318708333333 0.026582268750000006 0.047257363888888904
2 0.188449290625 0.4700420034722222 0.0787974359375 0.060759468055555585
2 0.20079105664062497 0.4590715430555556 0.10537970234374998 0.07257381111111107
2 0.25822774453125 0.45822766458333336 0.055063268749999984 0.05063289583333336
2 0.2795884953125 0.4481010840277778 0.057911368750000004 0.04725736527777779
2 0.3018986109375 0.44725720347222225 0.034177201562500016 0.03206749861111109
2 0.310442912890625 0.43628674236111115 0.03987340078124997 0.04388183749999999
2 0.3280061953125 0.43375509791666667 0.03892403281250001 0.04556959861111112
2 0.352215047265625 0.43544286458333337 0.011392400781249989 0.02869197638888892
2 0.354588464453125 0.4185652319444445 0.014240500781249965 0.011814338888888897
2 0.383544148828125 0.41873401250000003 0.03037973671875003 0.025316444444444464
2 0.398259331640625 0.4128268402777778 0.014240500781249965 0.02025315555555554
2 0.40300616796875 0.41198295763888887 0.014240503125000003 0.018565390277777757
2 0.40727831796874997 0.4128268402777778 0.009493668749999972 0.016877627777777744
2 0.4120251507812499 0.4111390770833333 0.009493668749999972 0.020253151388888883
2 0.44240488437500003 0.40945131388888883 0.007594932812499966 0.013502102777777795
2 0.46139221796875 0.4077635527777778 0.007594932812500055 0.023628680555555566
2 0.46139221796875 0.41282684166666667 0.007594932812500055 0.023628680555555566
2 0.47088588593749997 0.42126565763888885 0.018987334374999953 0.030379734722222197
2 0.51436689765625 0.46430362152777777 0.07974680312500002 0.1367088097222222
2 0.5732276328125 0.4027002673611111 0.045569601562499965 0.020253156944444427
2 0.600759266796875 0.4102952006944444 0.05126580234375 0.018565390277777837
2 0.6790820203125 0.4094513201388889 0.06740503593749994 0.03713078472222225
2 0.539050432421875 0.4929955916666666 0.08924047109375 0.16033748611111112
2 0.6782275664062499 0.42886059583333336 0.08734173593749998 0.02869197222222226
2 0.66044279140625 0.5935300090277777 0.3075948140625001 0.34092813194444443
2 0.01993670078125 0.5296200444444444 0.0398734015625 0.09451472777777781
2 0.37452516484375 0.43516158680555556 0.038924034375000006 0.052320656944444405
2 0.42531628359375 0.4123767819444445 0.015189867187500017 0.02025315277777785
1 0.43148716796875003 0.4054850659722222 0.012341767187499996 0.023628681944444452
1 0.45284791796874996 0.4029534215277778 0.011392399999999992 0.028691970833333375