4 0.017173212109375 0.35674139444444447 0.03276196640625 0.21841309722222227
4 0.08620735195312498 0.32345939791666667 0.03276196484374999 0.11024661249999998
4 0.1944388421875 0.3775426409722223 0.038612315624999984 0.16849010416666668
4 0.21608513984375 0.39002338888888893 0.0210612625 0.07696461666666671
4 0.262302910546875 0.3900233888888888 0.012870771093750033 0.05616336388888886
4 0.10492847382812501 0.40874451180555554 0.06552392890625 0.25169509027777776
4 0.784739240625 0.4004240131944445 0.028081684374999936 0.12272735972222226
4 0.591092628125 0.40666438680555556 0.01287077187500003 0.06864411527777779
2 0.29330977109375 0.38378301527777775 0.01872112187499999 0.11856711111111108
2 0.409920673046875 0.40354419722222223 0.22152110234374994 0.36610194999999995
6 0.7238955921875 0.24129447013888886 0.00936056093750004 0.04576274583333332
6 0.7508072054687499 0.24441465763888887 0.011700701562500004 0.039522370833333334
7 0.7472969960937499 0.2745764666666667 0.028081684375000027 0.016640999999999986
7 0.730330978515625 0.2995379625 0.02223133359374998 0.016641000000000024
7 0.9111068191406251 0.18201091597222221 0.04446266640625005 0.031201873611111097
7 0.91169185390625 0.21529291041666668 0.04095245781249997 0.02704162083333333
6 0.7127799250000001 0.34010039583333335 0.015210910937499999 0.027041619444444442
2 0.991256624609375 0.4184517611111111 0.015210911718749998 0.08112486388888895
7 0.08737742226562499 0.07731130347222222 0.053823228906249986 0.031201870833333326
7 0.084452245703125 0.03882899583333333 0.017551052343749995 0.03328199722222222
7 0.047009999999999996 0.011093999305555557 0.059673578125 0.018027748611111113
6 0.286874383984375 0.17611722847222222 0.010530630468749979 0.049922993055555545
6 0.45126924335937507 0.1636364798611111 0.009360561718750039 0.05824349305555556
6 0.46472505039062495 0.16363648055555555 0.017551052343749964 0.05408324444444443
6 0.19385380625 0.05061636875000001 0.018721121875000014 0.056856743055555554
6 0.086792386328125 0.1750771659722222 0.019891192968750006 0.052003118055555554
6 0.12481966640625002 0.18547778888888888 0.025741543749999995 0.04784286944444442
7 0.23246612187500001 0.29676446319444444 0.01170070156249996 0.05824349305555556
7 0.09498287695312499 0.11267342361111111 0.015210911718749998 0.04368261944444443
1 0.084056131640625 0.33490008402777777 0.16811226328125 0.17611722916666667
6 0.30033019140625 0.3099385861111111 0.007020420312499986 0.024961497222222205