2 0.386935876171875 0.5939394097222223 0.24191504765625002 0.4069283472222222
2 0.0273177671875 0.5235465909722222 0.0542410421875 0.12728564583333335
2 0.08210121953125 0.5139037388888889 0.07485263906249999 0.07328567499999994
2 0.17810786445312501 0.4965466055555555 0.04990175859374999 0.050142827777777815
2 0.22258551796875 0.49847517708333333 0.05858032499999999 0.03857140972222221
2 0.246993987109375 0.48401089999999997 0.029290160156249988 0.04049998333333333
9 0.35222160742187497 0.45604662777777777 0.03579908984375 0.030857127777777767
2 0.48999385507812504 0.49461803472222227 0.03579908671875005 0.05014282777777773
2 0.501926884765625 0.4907608951388888 0.035799088281250044 0.05399997361111109
2 0.506266168359375 0.5042608875 0.03579908671874996 0.042428547222222175
2 0.526335353125 0.5148680229166668 0.036883909374999926 0.0482142625
2 0.54803176953125 0.5235465902777777 0.04339283281249999 0.050142830555555504
2 0.5881701414062499 0.5235465902777778 0.08678566718750007 0.09257137777777776
2 0.6624803691406249 0.5572965701388889 0.12475439765624996 0.12921421527777774
2 0.8078463613281249 0.581403701388889 0.24625433046874995 0.1658570527777778
2 0.943448966796875 0.6537250909722222 0.1117365476562501 0.24492844027777777
4 0.135257440234375 0.5148680243055556 0.02061159453124999 0.10221423194444444
4 0.16020832070312502 0.5177608812500001 0.03145980390625001 0.11185708472222215
7 0.4671961734375 0.41335691875 0.008678567187499996 0.01928570138888893
7 0.5583211222656249 0.4345711923611112 0.017357133593749997 0.03857140416666667
7 0.575962376953125 0.42938240972222225 0.007593744531250035 0.01735713333333335
7 0.603082898828125 0.40431099444444446 0.014102672656250004 0.04435711388888887
6 0.19356303007812498 0.41943651875000004 0.004339280468749984 0.027330581944444453
6 0.245092020703125 0.41381610625000004 0.005424105468750007 0.023142845833333325
6 0.23811817421874998 0.41830693472222225 0.009763387500000009 0.01735713333333327
6 0.3216493796875 0.42910690902777776 0.005424104687500009 0.01928570138888893
6 0.315682864453125 0.42814262569444445 0.004339283593749998 0.02507141805555556
7 0.28639270234374997 0.4657497472222223 0.008678567187499996 0.011571425000000031
7 0.43718279804687493 0.4374640527777777 0.004339282031250047 0.021214275000000053
7 0.44531895468750005 0.44228547916666666 0.005424104687500009 0.015428563888888884
7 0.45345511015625 0.4509640479166666 0.0065089234374999805 0.028928554166666644
7 0.467557781640625 0.4413211951388889 0.00867856953124999 0.017357131944444385
7 0.4700890414062499 0.47249974305555553 0.008678567187499996 0.015428561111111112
7 0.5601623867187501 0.39097406180555555 0.03747565156249992 0.02454545694444445
2 0.131915588671875 0.5087990631944445 0.04588368359374999 0.042824770833333366