7 0.042404141015625 0.13430685902777778 0.018521349218750004 0.039858809722222235
7 0.03558048632812501 0.05458923958333334 0.036067889843750006 0.025994876388888886
4 0.733542904296875 0.16116823055555554 0.028269427343749952 0.024261883333333324
4 0.951899861328125 0.35699629513888886 0.02047096484375004 0.11784343749999995
4 0.895848410546875 0.38039168402777773 0.025345003906249986 0.12304241249999998
4 0.773997430078125 0.3595957826388889 0.031193852343750005 0.10917847638888886
4 0.751089444921875 0.3543968076388889 0.022420580468750017 0.10571249583333331
4 0.872453022265625 0.3699937340277778 0.02144577265625003 0.12650839583333334
4 0.9869929441406249 0.38299117152777773 0.024370196093749998 0.06585368472222221
4 0.9026720652343749 0.3595957833333333 0.023395388281250006 0.10571249444444446
9 0.17692762421875 0.2746791881944445 0.0945563609375 0.10917847916666668
2 0.373838808984375 0.2660142298611111 0.022420580468749972 0.06412069305555555
2 0.590246150390625 0.3041400479166667 0.026319811718749975 0.04332479305555559
2 0.505925272265625 0.2729461965277778 0.027294619531249963 0.05718872638888889
2 0.425503624609375 0.27901166805555555 0.00877327109374999 0.02426188333333334
4 0.39187275390625 0.2755456840277778 0.007798462500000003 0.038125818055555566
2 0.41088150664062495 0.27727867638888887 0.018521347656249975 0.02079590000000001
2 0.443537569921875 0.2807446604166667 0.02144577265625003 0.04852377083333334
2 0.5444301816406251 0.3084725270833333 0.06921135703124995 0.11091147083333333
2 0.3007282203125 0.2746791881944444 0.151095215625 0.20622601527777779
2 0.48155507578125 0.25734927152777776 0.04679077656250001 0.10571249583333334
6 0.622414809765625 0.025994875694444444 0.016571733593749992 0.05198975138888889
6 0.6112045195312501 0.028594363194444444 0.01169769374999996 0.05372274305555555
6 0.375788424609375 0.4150515180555555 0.00877327109374999 0.0051989750000000215
6 0.747677617578125 0.24175234513888888 0.01949615703125005 0.025994873611111104
6 0.014622117578125001 0.14123882569444446 0.023395388281250002 0.039858809722222235
4 0.019983560546875 0.2634147423611111 0.02242058046875 0.10744548749999999