7 0.21374499960937499 0.6073964256944444 0.01638098203124998 0.008320498611111147
7 0.2125749296875 0.6188371104166666 0.021061264062499994 0.018721123611111147
7 0.32139145546875003 0.6032361743055555 0.01638098281249998 0.024961498611111133
7 0.381065032421875 0.59283555 0.023401403906250007 0.012480747222222198
7 0.3676092265625 0.6105166118055555 0.0479728765625 0.03536212083333336
7 0.30150026171875 0.6510790458333334 0.009360562499999992 0.016640999999999986
7 0.2804389984375 0.6396383576388889 0.018721123437500032 0.01456087361111113
2 0.34245271796875 0.6593995430555555 0.011700701562500004 0.016640997222222214
2 0.35181327890624997 0.6604396048611111 0.011700701562500004 0.014560873611111053
2 0.20028919296875003 0.643798607638889 0.010530631250000023 0.014560873611111053
2 0.18975856093750001 0.65211910625 0.01287077187500001 0.01456087361111113
2 0.17513268359375 0.6531591673611111 0.009360562499999992 0.008320498611111067
2 0.1593367359375 0.6604396055555556 0.012870771874999987 0.010400625
2 0.147050999609375 0.6625197291666666 0.014040842968750012 0.010400625
2 0.13418022773437502 0.6593995416666667 0.011700700781249984 0.012480747222222198
2 0.279853963671875 0.6708402284722222 0.015210911718749998 0.014560873611111053
2 0.305010473046875 0.6645998534722222 0.011700700781250007 0.01456087361111113
2 0.31437103359374996 0.6593995416666667 0.009360560937499995 0.02080124722222223
2 0.3289969109375 0.6604396055555556 0.012870771874999987 0.01872112222222226
2 0.28940344609375 0.6797847729166667 0.01951335312500002 0.036610209722222224
2 0.08503728046875 0.6750004777777778 0.009360560937499995 0.0228813722222222
2 0.04232971953125 0.6791607263888889 0.022231334375 0.014560872222222245
2 0.14588092968750002 0.6812408534722222 0.0163809828125 0.022881373611111085
2 0.131840087890625 0.6812408534722222 0.02106126328125 0.022881373611111085
2 0.15582652578124997 0.6874812263888889 0.019891192187499997 0.0228813722222222
2 0.18566331484375 0.6833209784722223 0.021061264062499994 0.018721123611111067
2 0.0103417109375 0.6760405388888889 0.020683421875 0.02080124722222223
2 0.34458566328125 0.6797847701388889 0.01521091250000004 0.028289709722222195
2 0.32080641992187503 0.7051622861111112 0.05499329765624998 0.06656399166666671
2 0.2389015078125 0.7238834097222222 0.111156665625 0.14144848333333337
2 0.35862650703125 0.6614796673611111 0.012870771874999987 0.012480748611111083
2 0.39372861015625 0.6718802895833333 0.01287077187500003 0.012480748611111083
1 0.088340296875 0.6720883159722223 0.07137427968750001 0.05616336805555559
5 0.373837418359375 0.6656399166666667 0.01053063203125002 0.016641000000000065
3 0.36974217265625003 0.6750004770833333 0.018721123437500032 0.018721123611111147