7 0.42959267734375006 0.2942505736111111 0.025192534375 0.034549761111111126
7 0.468461159375 0.29793787638888886 0.0295112546875 0.0220566722222222
2 0.42059534335937504 0.40557758194444443 0.01871445390625004 0.026872036111111126
2 0.904292002734375 0.37934535555555554 0.04174762890625008 0.05374407222222221
2 0.383166435546875 0.41645435902777783 0.05326421484375001 0.08189573194444451
2 0.48213710625 0.4574022243055555 0.10724821718750004 0.15099525416666662
2 0.473859559375 0.3767861138888889 0.046066348437499995 0.017914688888888957
2 0.44010987890625 0.3693787076388888 0.008576099999999975 0.01524640138888892
2 0.46700764843750003 0.32918365208333333 0.007796454687499921 0.012474329166666662
2 0.458821370703125 0.34650910625000003 0.010135391406249994 0.01386036250000002
2 0.44946562460937506 0.3562113597222222 0.008576100781249974 0.011088291666666647