2 0.8953610066406249 0.6204110354166666 0.20568445546874994 0.30500653749999995
2 0.04142933359375 0.7018616486111111 0.0828586671875 0.07278565277777777
2 0.239802730078125 0.6672018118055555 0.03314346640624999 0.03812581249999999
2 0.401620832421875 0.6827987402777778 0.07408539609375002 0.10744548611111118
2 0.48447949921875005 0.6550708722222223 0.04874039218750008 0.062387702777777714
2 0.33533389882812503 0.6498718972222222 0.017546541406249984 0.027727866666666677
7 0.280744659765625 0.6140979972222222 0.015596925781250003 0.03688796666666671
2 0.32394082500000004 0.6493767569444444 0.010357318749999988 0.02079589999999993
2 0.34605678515625 0.6464059138888889 0.007798462500000003 0.017329916666666632
2 0.357754479296875 0.6464059138888889 0.009748078906250023 0.017329916666666632
2 0.72769405703125 0.6186780465277778 0.03801750624999993 0.03812581805555561
2 0.6882143394531249 0.6238770215277777 0.027294619531250053 0.031193851388888937
2 0.84564580625 0.6152120631944444 0.045815968750000026 0.04505778472222228
2 0.37091438398437504 0.6524713847222222 0.01267249921875 0.022528891666666655
2 0.4449997816406251 0.6455394173611111 0.032168658593749996 0.039858809722222256
4 0.18099947265625 0.6654688229166666 0.007798462500000003 0.034659834722222234
7 0.7005720562500001 0.5528243604166666 0.009748081249999974 0.031193851388888937
7 0.5933431914062499 0.5796857354166666 0.007798462500000003 0.019062915277777787
9 0.397894218359375 0.6065471034722222 0.032168658593750045 0.0415918013888889
7 0.499832723046875 0.6143455666666666 0.00877327109375008 0.027727866666666677
7 0.07895943554687498 0.6169450548611112 0.03314346640625 0.04852376805555557