6 0.389435734375 0.4367139152777778 0.006823654687500014 0.02079590000000001
6 0.34118274609375 0.44451237777777775 0.007798462500000003 0.022528891666666655
6 0.377738040625 0.4557768236111111 0.006823656249999965 0.017329916666666632
6 0.38894833046875 0.4549103277777778 0.005848846875000024 0.015596924999999985
2 0.386998715234375 0.49736862569444446 0.03119385234374996 0.04852376805555549
2 0.328022840234375 0.5008346083333333 0.02047096484375004 0.027727866666666677
2 0.269046965234375 0.5034340965277778 0.02729461953125001 0.03639282638888888
2 0.23151686328125 0.5017011048611112 0.032168659375 0.06065470972222226
2 0.25393744414062497 0.5077665763888889 0.020470964843749995 0.04852376666666668
2 0.19691118476562502 0.4999681125 0.04289154453125001 0.07798462777777779
2 0.093621618359375 0.5345640486111112 0.18724323671875 0.2026322333333333
7 0.16279291015625003 0.4167845104166667 0.013647309375000005 0.03639282638888888
2 0.41380593007812505 0.49650212847222214 0.016571732031249998 0.019062906944444475
2 0.4269658359375 0.4947691381944444 0.015596925000000006 0.03985880972222217
2 0.437688723046875 0.48870366736111115 0.017546541406249984 0.04505778750000004
2 0.45377305156250003 0.48610417986111115 0.02047096406250004 0.06412069583333332
2 0.484966903125 0.4817717 0.05166481562500005 0.09704753611111114
2 0.5341946992187501 0.48350469166666665 0.08968232187499998 0.1213094222222223
2 0.5658759539062499 0.5129655513888889 0.10625405468749997 0.15596925555555557
2 0.6833403 0.5467588895833333 0.23005465156250002 0.2200899486111111
2 0.8473216992187499 0.6475920020833333 0.30261779375 0.44601805972222225