2 0.500430486328125 0.4308035472222222 0.01051766484375003 0.01869807222222219
2 0.5183105156250001 0.42238941597222224 0.023138860937500016 0.046745176388888865
2 0.48675752265625005 0.4373478708333333 0.012621196874999985 0.024307491666666674
2 0.47255867578125005 0.4401525798611111 0.022087095312499992 0.04113575416666669
2 0.42417741953125 0.43547806388888893 0.011569429687500054 0.02056787777777779
2 0.41313387265625 0.43454316041666663 0.012621196874999985 0.026177298611111077
2 0.3789514484375 0.4513714222222222 0.024190628124999992 0.05609420833333335
9 0.1881865125 0.3622458881944445 0.373887021875 0.724491776388889
2 0.553860208203125 0.48484095555555556 0.10096957734375005 0.15519397777777771
2 0.44605414843749996 0.44464010625 0.04312242187499997 0.06731305138888888
7 0.39399171171875 0.35806804444444446 0.012621196875000028 0.016080338888888886
6 0.49275257226562497 0.3786359138888889 0.005258832031250016 0.016828261111111135
7 0.5080031847656249 0.3827494972222223 0.008414130468749993 0.01308864722222225