2 0.344276237109375 0.7721502861111111 0.03541126953124998 0.03963730555555556
2 0.323291781640625 0.7709844840277779 0.017049869531249984 0.032642487500000074
2 0.30820920273437497 0.7546632388888889 0.018361399218749998 0.023316061111111078
2 0.29771697421875 0.7733160895833333 0.034099742187500004 0.046632123611111194
4 0.429525591796875 0.7546632409722223 0.011803757031250051 0.05595854861111115
4 0.410508428125 0.7453368159722221 0.010492228124999947 0.037305698611111084
4 0.398704671875 0.7534974381944444 0.01573834375000005 0.05362694305555556
4 0.516742238671875 0.7558290430555555 0.010492228906249946 0.03497409444444454
4 0.4688714472656249 0.7465026180555554 0.011803755468749965 0.02098445555555565
4 0.46296956875 0.8036269708333335 0.023607512499999928 0.10259067500000012
4 0.47805214726562506 0.8012953652777779 0.024919041406249943 0.10259067500000012
4 0.5029711890625 0.7733160902777778 0.019672928124999968 0.06994818888888893
4 0.41575454218749996 0.7977979569444444 0.034099742187500004 0.10492228333333331
0 0.24919042031250002 0.8327720486111111 0.013115284375000025 0.07227979444444435
5 0.24984618476562498 0.7803109097222222 0.030165155468750003 0.11191710277777783
4 0.12852979453125 0.7581606486111111 0.010492228124999992 0.025647666666666662
2 0.169842943359375 0.8187824125 0.08524935390624999 0.10958549444444449
2 0.02360751328125 0.8292746402777779 0.0472150265625 0.1725388638888889
2 0.087216646875 0.8525907013888889 0.17443329375 0.1725388638888889
9 0.736860455859375 0.8409326722222222 0.5206768242187501 0.3170984500000001
6 0.025574805859375 0.6777202319444444 0.009180700781250004 0.046632125
7 0.014426814062500001 0.7045337069444445 0.02098445625 0.0163212444444444
6 0.372692694921875 0.6730570194444444 0.009180699218750022 0.037305700000000046
6 0.4612208703125 0.6170984694444445 0.01573834218750001 0.08393782500000005
7 0.560022679296875 0.4270725486111111 0.041968913281249964 0.09093264444444442
7 0.5810071363281251 0.5821243666666667 0.026230571093750044 0.05129533888888886
7 0.724400934375 0.4643782604166666 0.020984456249999985 0.10025907083333334
7 0.7119414140625 0.4667098666666667 0.022295984375 0.07227979444444443
7 0.7152202347656249 0.5296632354166667 0.023607513281249926 0.04430051805555561
7 0.717187528125 0.5553109048611111 0.03278821250000004 0.03497409305555558
7 0.7211221144531249 0.6136010597222222 0.017049871093750023 0.05829015555555554
7 0.7978465324218751 0.6753886270833334 0.010492227343750039 0.037305698611111084
7 0.9447377261718749 0.5704663472222222 0.013115285156249889 0.06062176388888882
7 0.9342454984374999 0.5786269666666666 0.01311528437499998 0.06295336944444448