7 0.743735447265625 0.5793745944444445 0.05009762265624999 0.10781242499999995
7 0.680454240234375 0.3789841076388889 0.026367169531249957 0.04921871527777775
7 0.6738624472656249 0.41414033333333333 0.015820302343750026 0.011718741666666688
4 0.755600672265625 0.5172652631944444 0.018457017968750034 0.049218718055555555
2 0.475449497265625 0.5336714993055556 0.014501942968749936 0.02578123194444441
2 0.45699247890625 0.5395308708333333 0.022412092187500045 0.037499974999999984
2 0.4227151593749999 0.5395308722222222 0.011865226562499932 0.018749986111111068
2 0.404917320703125 0.5360152493055556 0.015820302343750026 0.02578123194444441
2 0.384482763671875 0.5360152493055556 0.017138660156249985 0.02578123194444441
2 0.369980821484375 0.5442183694444445 0.022412094531249992 0.028124980555555526
2 0.34822790546875 0.5465621159722223 0.026367168749999958 0.05156246527777779
9 0.23880415234375 0.5559371118055556 0.06591792343749998 0.07968744583333331
9 0.3099955109375 0.5500777388888889 0.06855464062499998 0.06328120555555551
2 0.170908691796875 0.5512496152777777 0.08569330078125 0.10781242500000003
9 0.06864527539062501 0.5617964819444444 0.13729055078125002 0.13359365833333334
9 0.574985562890625 0.586405838888889 0.19511705234374999 0.3140622833333333