5 0.14213013554687498 0.5415965125 0.03020007265625 0.08341179722222221
5 0.0321082328125 0.5564239875 0.0578616921875 0.18957806944444447
0 0.14448424609375002 0.5806525729166667 0.033951901562499984 0.07141057361111113
0 0.040237561328125 0.6223087416666667 0.06838199921875 0.14282114722222225
2 0.26642417578125005 0.570026 0.030126335937500005 0.06715994166666661
2 0.17198050507812498 0.5521733555555556 0.08798802734375 0.10456548333333333
9 0.067818812109375 0.5598244868055556 0.13563762421875 0.1300692569444445
9 0.23821062382812502 0.5487728513888889 0.06455643203124999 0.08926321666666669
2 0.474678448046875 0.5360209652777779 0.014345874218749976 0.026353899999999993
2 0.46320174765625 0.5406966576388889 0.011476700000000051 0.027204026388888834
9 0.370431762109375 0.4769372173611111 0.18362718671874995 0.3468513569444444
9 0.575577762109375 0.5810776354166666 0.19414749609374998 0.3017946847222222
7 0.6795853484375 0.37917274027777775 0.028213551562499984 0.05100755277777781
7 0.673129705859375 0.41445296666666664 0.018171439843749936 0.012751888888888945
7 0.7460545648437501 0.5759768798611111 0.05594890937499999 0.10286522916666661
4 0.75585757890625 0.5202936347222222 0.02199700781249998 0.057808558333333336
7 0.981797540234375 0.5170759361111111 0.012895058593749908 0.030566063888888884