2 0.273131487890625 0.5309279222222222 0.04291237890624999 0.0329896944444444
2 0.231958801171875 0.5360825638888889 0.053350522656250024 0.043298977777777733
2 0.17164951367187503 0.5463918416666667 0.09742269765625003 0.07216495833333335
2 0.1084407390625 0.5474227708333333 0.05219073124999999 0.05360825555555561
2 0.057989700390624996 0.5391753465277778 0.11597940078124999 0.11546393749999997
2 0.34793820117187496 0.5103093631944445 0.023195880468749985 0.028865981944444504
2 0.319523249609375 0.5515464812499999 0.05914949453125003 0.09072166527777775
2 0.5068299796875 0.50412379375 0.009278351562500032 0.02061856250000002
2 0.52944596328125 0.5268042097222222 0.04523196562499994 0.07422681666666667
2 0.56626942265625 0.5525774083333334 0.09104382968749994 0.10927836944444445
2 0.6906573296875 0.5618557625 0.19484539218750002 0.23505158333333334
2 0.9139176757812499 0.6742269145833333 0.16817013124999997 0.4185567680555556
7 0.5250967359375001 0.4541237854166667 0.015077321875000039 0.03298969861111113
2 0.429786536328125 0.6319588659722222 0.24123715390625003 0.32371139305555546