2 0.05800106640624999 0.6186780465277778 0.11405251718750001 0.5060335819444445
2 0.909983123046875 0.28594363333333334 0.0633625101562501 0.0623877027777778
2 0.01364731015625 0.42804895625 0.0097480796875 0.031193851388888857
2 0.046303371875 0.4185175027777778 0.047765584375 0.04332479166666666
2 0.088220109375 0.41245203125 0.045815967187499994 0.0415918013888889
2 0.11892655742187501 0.40811955069444444 0.019496157031249982 0.02946085694444444
2 0.2081214765625 0.3907896326388889 0.022420579687499997 0.025994876388888914
2 0.231516864453125 0.38472416388888886 0.026319811718749975 0.02426188611111115
2 0.251987828515625 0.3933891215277778 0.02826942890625004 0.05545573194444447
2 0.345569381640625 0.3795251888888889 0.03021904453124997 0.048523769444444455
2 0.3538552484375 0.37086022916666667 0.037042698437499987 0.055455736111111126
2 0.377738041015625 0.3717267256944444 0.026319813281250014 0.039858809722222215
2 0.39430977343749996 0.3630617652777778 0.024370195312500044 0.04332479444444443
2 0.41088150664062495 0.36306176875 0.016571732031249998 0.02946085694444444
2 0.428915451171875 0.3561297986111111 0.013647310156249936 0.01906290833333332
2 0.43817612656250005 0.350930825 0.008773270312499993 0.022528891666666655
2 0.5795232648437499 0.35959578263888886 0.05361443281250002 0.06758667916666666
2 0.6916261671875 0.36999373333333335 0.119901365625 0.15077028055555558
2 0.498614212890625 0.4003210875 0.10625405390624998 0.1732991722222222
2 0.30365264453125 0.4193839965277778 0.1004052078125 0.14557130416666667
2 0.16425512265625 0.42544946875 0.11795175 0.09878052916666667
9 0.40405785312500003 0.33966637847222225 0.02047096406250004 0.020795901388888854
6 0.53516950625 0.09358155208333332 0.015596925000000006 0.058921715277777786
6 0.7549886765625 0.1984275527777778 0.014622117187500016 0.057188727777777795
6 0.421116989453125 0.11177796388888887 0.01949615703125005 0.05718872499999999
6 0.027294620703125 0.31713748611111114 0.019496157031250003 0.04505778611111112
6 0.756938291796875 0.14297181736111111 0.014622117968749926 0.05025675972222222
7 0.659457508203125 0.14297181736111111 0.043866353906249954 0.025994876388888897
7 0.437201319140625 0.10917847847222223 0.016571733593749992 0.02772786527777777
2 0.605355672265625 0.32493595000000003 0.013647310156249936 0.01906290833333332
2 0.6219274050781249 0.3188704756944445 0.015596925781250003 0.020795901388888854