2 0.03294950546875 0.6857533659722221 0.06419182343749999 0.13597133194444438
2 0.12104253984374999 0.4927226347222223 0.2403778921875 0.31321967777777776
4 0.18728303828124998 0.3531092125 0.0314130203125 0.12625909444444447
4 0.16747917773437498 0.33854085624999997 0.01638940234374999 0.09226626249999997
4 0.28903390703125 0.3348987666666667 0.016389401562499996 0.07526984444444448
4 0.266498479296875 0.3264005597222222 0.01775518515625003 0.0728417888888889
4 0.2494261859375 0.33368473680555555 0.016389401562499996 0.06798566527777779
4 0.224159191796875 0.34218294513888886 0.02048675234374997 0.08498208194444443
4 0.215964491796875 0.3276145888888889 0.012292050781250018 0.06070148888888893
4 0.24396305156249998 0.3276145888888889 0.0081947 0.05584536944444447
4 0.790959334375 0.343396975 0.0314130203125 0.1748202861111111
4 0.8114460859375001 0.3154742902777778 0.028681453125000013 0.11411879722222228
2 0.51438818046875 0.47936830625000004 0.27315669531250003 0.34478444861111107
2 0.9002220121093749 0.35917936250000004 0.19530703671875002 0.27922684444444446
2 0.686476897265625 0.3009059326388889 0.04370507109374992 0.06555760694444442
2 0.396247909765625 0.3907441354166667 0.14613883203125 0.19667282083333334
2 0.3149837921875 0.33368473680555555 0.04916820468749998 0.07284178472222219
2 0.618870616015625 0.2972638444444444 0.04233928828125002 0.06798566666666667
2 0.804617168359375 0.3276145875 0.08877592578125001 0.13839939166666665
2 0.769106798046875 0.3009059319444445 0.07238652421875003 0.12383103333333333
2 0.7438398035156251 0.27905339930555556 0.02731566953125002 0.05584536805555559
2 0.72267016015625 0.28512354652777777 0.02321831718749996 0.04856119027777777
2 0.663941470703125 0.2936217527777778 0.02048675234374997 0.046133127777777796
2 0.64686917734375 0.2826954875 0.019120968749999977 0.03399283333333333
2 0.59360362109375 0.28633757638888885 0.024584103125000034 0.026708655555555516
1 0.5082421546875 0.24627459305555555 0.11882316249999994 0.1505396861111111
6 0.326592953515625 0.016302678472222224 0.017755186718750027 0.03260535694444445
6 0.647552068359375 0.21713787916666666 0.0068289179687500475 0.024280597222222235
6 0.028852154296874998 0.24818236944444444 0.023218319531249997 0.04613313055555553
7 0.013145644921875 0.1940713159722222 0.02458410234375 0.026708656944444444
6 0.00384125546875 0.24870265347222223 0.0076825109375 0.0388489513888889