6 0.503975656640625 0.025474972916666668 0.01949615703124996 0.04679077638888889
6 0.527371044921875 0.032406940277777775 0.021445772656249938 0.060654711111111106
6 0.48155507656249996 0.028074460416666665 0.023395389062500004 0.04852376805555555
6 0.21299551484374998 0.33654698819444445 0.014622118750000013 0.0554557347222222
7 0.212020706640625 0.39200272291666666 0.024370196093749998 0.03812581805555561
7 0.2144577265625 0.4396599951388888 0.0116976953125 0.03985880972222217
6 0.582935091796875 0.4431259798611112 0.00974807890624998 0.06412069583333332
7 0.8393095550781251 0.3001541625 0.03314346640625008 0.041591802777777784
7 0.04532856484375 0.4136651201388889 0.026319812500000005 0.039858809722222256
4 0.040941929296875 0.5237100930555556 0.021445772656250008 0.09704753611111107
4 0.025832408203125 0.5185111194444444 0.014622117968749997 0.10397950555555559
2 0.41136891132812503 0.5670348868055555 0.023395388281250006 0.07971761805555554
2 0.44597458945312507 0.5705008715277777 0.018521349218749972 0.045057784722222195
2 0.7194081902343751 0.5670348881944444 0.17936464296874996 0.13863934027777775
2 0.62387702109375 0.5999617312500001 0.3626285187500001 0.22182294305555553
2 0.33728351484374997 0.5808988208333333 0.14817079218749996 0.2322208916666667
2 0.154019639453125 0.5384405236111112 0.19691118515625 0.24088584999999993
1 0.949462841796875 0.4699873513888889 0.09943040078124987 0.17329917499999997
2 0.846620613671875 0.7706614145833334 0.30316523984375 0.4523108402777778