7 0.555046471875 0.40223632569444445 0.057401590624999964 0.02976378749999995
7 0.6172315296875001 0.4054253020833334 0.04305119374999995 0.03614174027777774
2 0.08450789453124999 0.529370225 0.16742130625 0.08078742222222222
2 0.186156544140625 0.5091733715277778 0.07892718671874999 0.0744094708333334
2 0.3858662453125 0.5601970069444444 0.17937997187500004 0.18496068055555556
2 0.442071970703125 0.4857875375 0.016742132031250013 0.027637802777777803
2 0.45283476718750004 0.48472454513888885 0.011958664062500013 0.021259848611111132
2 0.465989298828125 0.4889765111111111 0.026309061718749936 0.021259850000000018
2 0.49110249531250005 0.4932284847222222 0.019133862499999932 0.017007877777777795
9 0.49050456093749994 0.47090564305555555 0.013154531250000013 0.027637805555555495
2 0.5287722886718751 0.5049213986111111 0.05620572421875005 0.07015750000000007
2 0.552689619140625 0.4815355673611111 0.01793799609375002 0.027637801388888918
2 0.567637951171875 0.48366155208333333 0.016742132031250013 0.019133862500000022
2 0.632214737890625 0.5495670826388889 0.14828744140624997 0.21472446805555553
2 0.69081219609375 0.4900395062500001 0.03109252812500003 0.0616535597222222
2 0.7392447890625 0.48791352013888895 0.08251478749999999 0.09992128750000001
9 0.699183262109375 0.44114185625 0.05740158984374997 0.057401590277777755
7 0.43429883671875 0.43051193125 0.017937996875000018 0.02338583472222224
7 0.482731429296875 0.45496075625000004 0.06457678828124998 0.012755909722222233
2 0.9538679394531251 0.49790564236111107 0.08968998359375 0.1360630291666667