7 0.06756645546875 0.3472441951388889 0.03228839375 0.042519695833333294
7 0.6152732992187501 0.3348426125 0.01076279843749992 0.019133863888888904
6 0.48791352148437495 0.3635434069444445 0.009566932031250008 0.017007877777777795
6 0.524188149609375 0.3624804152777778 0.009566932031250008 0.019133863888888904
7 0.5295695484375 0.3901182180555555 0.010762798437500009 0.014881894444444457
2 0.46798242578125004 0.4149213770833334 0.011958665625000009 0.040393712499999956
2 0.4532333949218749 0.41456704375 0.026309061718750026 0.046771665277777826
2 0.440676795703125 0.42732295277777776 0.02989666171874994 0.05102363611111116
2 0.41078013359375004 0.43051192986111114 0.05142225781249996 0.06590552916666666
2 0.367728940234375 0.4379528763888888 0.06098919140625001 0.11905515000000004
2 0.53574818046875 0.40925208194444446 0.016742131250000014 0.03188977222222225
2 0.5489027117187499 0.41350405208333335 0.021525596875000018 0.048897651388888935
2 0.56385104140625 0.42200799097222225 0.03228839531250003 0.07015749861111117
2 0.6116857007812501 0.42413397569444444 0.07055612187499997 0.10417325694444439
2 0.502263919140625 0.4368898840277778 0.07653545546874999 0.1084252263888889
2 0.27026582304687496 0.4514174534722222 0.17937997109374998 0.21685045416666662
2 0.6443727296875 0.43759855347222215 0.08012305468749999 0.11267719583333337
2 0.8601867761718751 0.4787717958333333 0.27624515546875 0.35291348333333333