6 0.07467541679687499 0.2980472326388889 0.027345925781250002 0.09349034861111111
6 0.5295643984374999 0.2980472326388889 0.015776496875000046 0.05609420694444446
6 0.5132620187500001 0.30290873055555556 0.014724729687500026 0.06544324166666667
6 0.722563536328125 0.3505888097222222 0.01788002890624991 0.05609420833333335
4 0.7859324640625001 0.5866519423611112 0.02524239374999997 0.09536015694444444
7 0.15198024999999998 0.5155992756944444 0.013672964062500004 0.028047104166666673
7 0.7094164554687501 0.48428000902777785 0.022087095312499992 0.04487536527777781
2 0.034182408593750005 0.5950660736111112 0.047329490625000005 0.06731305
2 0.154083781640625 0.5969358805555556 0.06205421796874999 0.0860111222222222
2 0.22455213281250003 0.6128292388888888 0.10833194218749997 0.17389204999999996
9 0.07625306601562501 0.543178929861111 0.09781427734375 0.13836571805555553
2 0.27556280507812503 0.6796748388888889 0.18300736015625002 0.24681452222222222