9 0.11922753125 0.588935992361111 0.2384550625 0.32718666249999995
2 0.402092847265625 0.6131193541666667 0.15123492265625002 0.2133826055555556
2 0.316473077734375 0.5661751805555555 0.07281681484375002 0.10526875000000008
2 0.3524813921875 0.5249212111111111 0.01840424999999999 0.0256059138888889
2 0.4833116023437499 0.554794775 0.038408868749999936 0.048366722222222255
2 0.46410716796874996 0.5419918194444444 0.017604065624999964 0.022760811111111126
7 0.23965533945312503 0.453793675 0.01360314140625003 0.03414121666666669
7 0.23845506171875003 0.48580106458333333 0.019204434374999968 0.024183362499999975
7 0.30607067578125 0.46944173333333333 0.008802032812500027 0.017070608333333345
7 0.71056407734375 0.3968916486111111 0.017604064062500056 0.05974713055555559
6 0.31967381640625 0.47157555763888886 0.0040009234374999815 0.024183362499999975
2 0.27206282226562506 0.5569286013888889 0.014403325781250009 0.049789274999999994
4 0.556528508984375 0.5476820229166667 0.00880203203124994 0.051211826388888916
4 0.5197200093750001 0.5455481951388889 0.005601293750000025 0.044099073611111095
4 0.502516037109375 0.5448369194444445 0.00800184765625005 0.04836672222222218
4 0.51011779296875 0.5476820229166667 0.008802032812500027 0.051211826388888916
4 0.8874049124999999 0.5590624277777778 0.02880665156249993 0.1564805777777778
6 0.44050171718750003 0.46944173125 0.0040009234374999815 0.019915709722222234
7 0.61574218203125 0.2845101402777778 0.01840425000000003 0.03129611388888887
4 0.6882143394531249 0.55109136875 0.015596925781250003 0.09704753749999995
2 0.677004048828125 0.5233635013888889 0.055564047656250004 0.05545573611111105
4 0.606817883984375 0.54589239375 0.016571733593749992 0.06238770138888891