6 0.43135247148437494 0.4349809222222223 0.004874039843749944 0.020795902777777778
6 0.491303154296875 0.4401798986111111 0.003899232031250044 0.017329916666666632
6 0.48594171132812497 0.4401798986111111 0.0029244242187499657 0.02079590000000001
6 0.42696583750000006 0.4358474173611111 0.005848846875000024 0.02252889305555554
6 0.348981208203125 0.4523108402777778 0.007798461718750005 0.017329916666666712
7 0.35677967109375003 0.4523108395833333 0.0116976953125 0.013863931944444375
7 0.266122542578125 0.32926842777777776 0.017546541406250026 0.055455736111111084
7 0.5814728804687499 0.4618422951388889 0.008773270312499993 0.025994876388888914
7 0.754501273828125 0.32146996527777777 0.02144577265625003 0.029460858333333326
2 0.45523526406250003 0.5242299965277778 0.019496156249999962 0.04332479305555555
2 0.5239592171874999 0.5346279472222222 0.0243701953125 0.060654711111111065
2 0.52688363984375 0.5493583777777777 0.018521348437499974 0.06931966944444447
2 0.5610019152343749 0.5406934180555556 0.06531212578124998 0.09358155277777784
2 0.57026258984375 0.5597563284722222 0.06433731718749999 0.07278565416666664
2 0.63411250390625 0.5814187243055555 0.11015328750000002 0.14730429583333335
2 0.43768872265625003 0.5224970048611111 0.01754654218749998 0.032926843055555585
2 0.42209179687500004 0.5224970055555556 0.013647309375000027 0.057188727777777774
2 0.39138535039062494 0.5207640131944444 0.05166481640625 0.08838257638888886
2 0.45815968710937494 0.5372274347222222 0.013647308593750029 0.05545573333333328
2 0.337283514453125 0.560622823611111 0.07993424296875 0.10571249444444446
2 0.48594171132812497 0.5467588888888889 0.061412894531250026 0.0987805277777778
4 0.8042164726562501 0.5900836826388889 0.031193850000000013 0.16116822916666662
4 0.88171369765625 0.5762197493055555 0.03996712187500009 0.13344036249999994
4 0.32899764726562497 0.4956356347222223 0.014622117968750015 0.02772786944444445
4 0.312425914453125 0.5069000798611111 0.010722886718749968 0.032926843055555585
4 0.15986848671875 0.5008346083333333 0.021445771874999985 0.06585368333333332
4 0.1364730984375 0.5415599125 0.025345004687500006 0.1507702805555556
4 0.098455592578125 0.5640888069444445 0.02924423515625001 0.12304241388888887
4 0.0448411609375 0.5043005916666666 0.031193851562499996 0.07971761944444443
4 0.072623184375 0.5103660631944444 0.014622117187500006 0.032926843055555585
4 0.07847203124999999 0.5701542770833333 0.032168659375 0.11784343749999995
4 0.060438087109375 0.5744867569444445 0.03899231484375 0.12997437777777776
4 0.014134713671874998 0.5389604263888889 0.028269427343749997 0.07278565277777777
4 0.016571733203125 0.5008346083333333 0.021445772656249997 0.06585368333333332
4 0.169129161328125 0.5493583777777779 0.03021904296875 0.09358155555555554
4 0.64824721796875 0.5961491541666667 0.033143467187499984 0.14210532222222222
4 0.698937225390625 0.5441594020833334 0.02144577265625003 0.09704753749999995