4 0.5523228375 0.5047935708333333 0.021852534374999965 0.0801259638888889
4 0.4649126953125 0.4829410354166667 0.005463134374999967 0.036420893055555584
4 0.488813906640625 0.4950813319444445 0.015023617968750003 0.05098924722222217
6 0.43500203671875004 0.44736996458333333 0.009560482812500038 0.019424479166666626
6 0.41451528476562505 0.4473699659722222 0.012292052343749926 0.01456835694444444
2 0.4345609953125 0.49411011041666664 0.025949887500000025 0.0364208930555555
2 0.46062675195312497 0.48844464236111107 0.01983641015625004 0.026708654166666672
2 0.412466608984375 0.48116046249999994 0.016389400781249997 0.021852536111111064
2 0.39607720703125 0.4896586722222222 0.016389401562499996 0.02913671388888888
9 0.754823008984375 0.5463133895833333 0.29774079765625006 0.28651102083333324
9 0.35123399023437496 0.46497339791666664 0.07784965703124999 0.10440655972222225
9 0.176186068359375 0.5293169736111112 0.35237213671875 0.45647518611111115
9 0.1635430640625 0.35535283055555555 0.189365653125 0.10201516666666666