2 0.473907432421875 0.6054411638888889 0.01684380390625 0.009981516666666659
2 0.45495815312500004 0.6229088083333334 0.0084219015625 0.019963022222222234
1 0.45471251015625 0.6138630631944445 0.023160229687499978 0.01746764583333334
1 0.4274115164062501 0.6040063291666666 0.021054754687499955 0.008733827777777729
2 0.442149843359375 0.6250922638888888 0.018247452343750047 0.0324399138888889
2 0.42916608125 0.6344499354166667 0.018949282812499923 0.04616449861111115
2 0.35301805039062495 0.6294591791666666 0.023862055468749997 0.03867836388888885
2 0.301433901953125 0.6294591777777777 0.02596753046874998 0.03368760555555552
2 0.284590098046875 0.6257161104166666 0.01614197890625002 0.01621995694444441
2 0.26458808125 0.6263399555555557 0.0210547546875 0.012476891666666667
2 0.14878693203124999 0.6388168486111111 0.011229203124999998 0.022458408333333325
2 0.130539477734375 0.6419360701388889 0.01263285234375 0.026201470833333376
2 0.03123121953125 0.6463029819444445 0.014738328125 0.027449161111111113
2 0.013334677734375 0.6537891166666666 0.02666935546875 0.039926052777777776
2 0.084920843359375 0.6556606506944445 0.07860441796874999 0.0686229041666667
2 0.20668750624999999 0.6512937402777778 0.1172048 0.12726429722222213
2 0.32634869609374995 0.6263399562499999 0.02666935937499999 0.03243991805555556
2 0.3895129578125 0.636945313888889 0.072989815625 0.10605357777777781
9 0.47759201445312505 0.636945313888889 0.037196733593749975 0.053650633333333295
2 0.562512857421875 0.608872307638889 0.02456388046875002 0.01746764861111111
2 0.59058586328125 0.6076246180555556 0.03860038281249993 0.014972269444444445
2 0.63094081015625 0.6088723076388889 0.03509125937499995 0.019963026388888888
2 0.772358576953125 0.6138630638888889 0.056847836718750065 0.03243991666666667
2 0.8737021457031251 0.6051292388888889 0.03298578203124993 0.02994453611111112
2 0.8279197468749999 0.6342419993055556 0.08983361406250001 0.059889079166666664
2 0.926175269921875 0.6186458854166668 0.11790662421874991 0.11104433472222226
6 0.40214581093749996 0.5717535555555555 0.005614601562499955 0.012476891666666667
6 0.39337299609375 0.5730012444444443 0.006316426562500021 0.012476891666666667
6 0.46495916015625005 0.5698820215277778 0.002105471875000031 0.011229201388888931
7 0.46039729921875 0.5717535555555555 0.004210953125000039 0.009981513888888887
7 0.45197539648437496 0.5761204666666667 0.0042109507812500445 0.011229199999999967
9 0.690245034765625 0.6077493951388889 0.08211354296875006 0.028696851388888927