7 0.414652992578125 0.41491517499999997 0.01115465859375 0.013728811111111128
7 0.4605587050781249 0.4164405986111111 0.02230931796875 0.013728811111111128
7 0.519764201171875 0.4309321222222222 0.015444911718749932 0.027457619444444407
7 0.56652796328125 0.36228806527777774 0.04719278750000004 0.04271185555555558
2 0.433101083203125 0.45228804930555555 0.009438557031250027 0.015254234722222215
2 0.44983307148437496 0.45533889652777776 0.012012710156249985 0.015254234722222215
2 0.460129679296875 0.4606778770833333 0.020593216406250024 0.02288135138888892
2 0.47814874453125 0.4591524548611111 0.01716101406250008 0.02288135138888884
2 0.855262019140625 0.4873727881944444 0.04290253359374994 0.08542371249999997
2 0.24776213515625 0.42635585138888893 0.08494701718749997 0.07932201944444452
2 0.32627377265625 0.44923720069444445 0.04118643281250001 0.02440677361111104
2 0.375611687109375 0.44466093125 0.042044483593750036 0.02440677361111112
2 0.504748315234375 0.45991516597222226 0.025741521093750032 0.02440677361111112
9 0.587979232421875 0.4301694104166666 0.08923727265624999 0.11135591250000003
2 0.5991338898437499 0.47135584236111105 0.06349574999999996 0.09610167638888885
2 0.7239802656250001 0.4515253375 0.06950210625000004 0.0899999833333334
9 0.9303414554687499 0.38402535069444443 0.1381461609375 0.4660168597222222
7 0.5364336203125 0.44084737500000004 0.007722456249999965 0.015254236111111099
2 0.41429333398437507 0.4462453694444445 0.013647308593750029 0.015596924999999985