6 0.333725962109375 0.36140599444444443 0.013183583593749982 0.04687496666666667
6 0.25396527578125 0.32507789444444446 0.009228509375000016 0.0539062138888889
6 0.54004906328125 0.34148413333333333 0.01186522656250002 0.04453121944444444
6 0.23880415273437502 0.3262497673611111 0.013183583593749982 0.04218747083333333
6 0.565757052734375 0.4059372125 0.013183583593750025 0.023437483333333377
7 0.17750048437500002 0.32507789375 0.05932613125000001 0.021093737500000032
2 0.43128448945312503 0.45281218194444445 0.013183585156249933 0.03281247777777775
2 0.38843783906249996 0.47273404305555555 0.04086911250000003 0.0773436972222222
2 0.420737622265625 0.462187175 0.021093736718749943 0.032812477777777835
2 0.44842315 0.462187175 0.023730451562500043 0.04218746944444452
2 0.5552101863281249 0.4762496666666667 0.04482418828125008 0.05624996111111113
2 0.288901775390625 0.5196090111111111 0.20302720546875 0.2789060583333333
4 0.122788607421875 0.47273404305555555 0.013183583593750003 0.035156222222222214
4 0.103013230859375 0.47859341388888893 0.010546867968750007 0.03281247777777775
2 0.06478083476562499 0.5371871236111111 0.12919912890625002 0.17343738055555555