2 0.537920953515625 0.3942681381944444 0.02083484296874998 0.0328513013888889
2 0.5452024804687501 0.4001939347222222 0.02472310000000002 0.03410232222222223
2 0.37717830898437504 0.39043723750000003 0.02996172890625002 0.022040811111111145
2 0.40326233242187504 0.3881823173611111 0.017563771093750003 0.027551015277777757
5 0.448823244140625 0.42979582916666664 0.039432394531250026 0.1469387444444445
3 0.45114802695312495 0.4518369458333333 0.05200286484375001 0.12244903611111108
0 0.651237334375 0.4198469847222222 0.05992392187500002 0.061530341666666606
0 0.6563701765625 0.42984605 0.0536581328125 0.04224488888888887
0 0.669112523828125 0.4518618951388889 0.055035677343749964 0.04596829027777771
0 0.671834448828125 0.45739706458333335 0.04339284609374996 0.04224489027777775
2 0.492897213671875 0.39183691180555563 0.012930511718749926 0.0260204180555556
2 0.2718942578125 0.3912246743055555 0.03443879218750001 0.03673470972222219
2 0.296001411328125 0.39275528888888894 0.015497457031250005 0.033673486111111116
0 0.660105536328125 0.43959204236111116 0.049075277343749946 0.05510206527777773
6 0.47740773984375 0.3252552479166667 0.006026789062499915 0.015306129166666654
6 0.5068529167968749 0.3114797319444444 0.006026788281250006 0.013775516666666673
7 0.69325287265625 0.2854593125 0.013775515625000078 0.032142869444444444