6 0.240672363671875 0.25814140277777775 0.02784136328125002 0.10496000833333331
6 0.5932169390625 0.47667050902777774 0.02534546249999998 0.09386714861111109
6 0.5600215839843751 0.4689055083333334 0.024347122656250074 0.12270856944444443
2 0.11980275625 0.6711172944444445 0.038686306250000004 0.04437139166666668
2 0.023398975390625 0.6801302340277778 0.03931028046875 0.04464871250000005
2 0.29077127421875 0.6583605194444445 0.016223290624999987 0.018857841666666687
2 0.5522158308593751 0.621754123611111 0.012479453906250004 0.025513549999999992
2 0.53880041953125 0.6295191152777778 0.02683082656250004 0.03216925833333338
2 0.520705210546875 0.6328469701388889 0.030574663281250025 0.03882496805555557
2 0.4901305484374999 0.6395026798611111 0.05553356875000004 0.05213638750000003
2 0.43116512968750004 0.660301767361111 0.04866987031249996 0.039934254166666724
2 0.070508914453125 0.679714251388889 0.04492603515625 0.04548067777777784
2 0.005615754296875 0.6949669173611112 0.01123150859375 0.0809777902777778
6 0.20772051367187502 0.6133235506944444 0.004367808593750011 0.009983562500000036