2 0.028379091015625003 0.4892708590277778 0.05675818203125001 0.23285412083333334
2 0.05605650546875 0.45392693055555555 0.1121130109375 0.17048248055555557
2 0.10977407421874999 0.4268992194444444 0.0935574578125 0.13860364444444445
2 0.157332449609375 0.42620619861111114 0.035863692968750006 0.0928644361111111
2 0.165908550390625 0.42066205486111113 0.031185819531249992 0.08732029305555555
2 0.19631472421875001 0.42135507361111113 0.024948653124999987 0.041581091666666715
2 0.20606029375 0.41303885555555553 0.011694681250000016 0.0360369472222222
2 0.287923069921875 0.41650394791666673 0.007016808593750002 0.012474331944444432
2 0.220834584765625 0.41650394583333333 0.0077964554687500074 0.019404508333333344
2 0.23564784921874998 0.4171969631944445 0.03274511093750001 0.04296712916666665
2 0.29879913476562503 0.4137318736111111 0.014033621093749993 0.016632438888888858
7 0.32023938515625006 0.2966117930555556 0.03040617656250002 0.03187883611111108
2 0.88899076875 0.43105732986111117 0.22063967187500005 0.29245368750000006
4 0.5471162234375 0.3943273625 0.01325397499999994 0.0360369472222222