6 0.38748625312499996 0.2850884215277778 0.013400743749999977 0.039705909722222224
6 0.4001425109375 0.2837648902777778 0.008933829687500028 0.03705884722222221
6 0.17768393671875 0.23691192569444447 0.014889717187499985 0.04500003194444445
7 0.160560764453125 0.18000012361111112 0.025312517968750003 0.058235336111111105
7 0.31764726796875 0.3485296423611111 0.02084560312499999 0.021176484722222236
6 0.30796895312499994 0.39220614374999996 0.0163786875 0.02382354583333337
2 0.33104801328125 0.46235325 0.05062503437500001 0.07941181944444445
2 0.16726113632812498 0.45352970763888895 0.06253680859374999 0.04764709027777777
2 0.236498315625 0.5413238986111111 0.26950386093749995 0.3308825777777778
2 0.43229808085937493 0.46191208125000005 0.06849269296875002 0.1138236069444445
6 0.540496692578125 0.05029415277777777 0.017867660156249965 0.08735299999999999
6 0.508483802734375 0.05823533333333333 0.022334574218750004 0.087353
6 0.615689758203125 0.32955904861111107 0.007444857031249974 0.03705884722222225
7 0.62239013046875 0.3480884722222222 0.020845601562499993 0.0476470916666667
7 0.6328129320312501 0.3666178979166667 0.01488971718750003 0.01058824305555556
7 0.764586919140625 0.31500021527777783 0.028290460156249964 0.07147063888888887
6 0.7452302875 0.2104413208333333 0.013400743749999933 0.05294121111111111
7 0.9298627667968751 0.03573531666666667 0.04318017578125009 0.04764709166666667
7 0.946241454296875 0.07808828680555556 0.07593755078125 0.05294121250000001
2 0.47349296953125003 0.4611179743055555 0.023823545312500017 0.04235296805555551
2 0.503272401953125 0.4600591375 0.026801488281250042 0.05294121666666669
4 0.521884546484375 0.46270619583333333 0.010422800781249996 0.05823533333333333
4 0.533796319921875 0.46402973263888886 0.010422800781249996 0.06088239583333335
4 0.5732540687500001 0.4600591402777777 0.008933829687499983 0.06352945555555552
4 0.556875380078125 0.4587356104166667 0.005955886718750048 0.06088239583333335
2 0.5464525792968751 0.45608854861111103 0.005955886718750048 0.06617651388888887
2 0.6022890140625 0.4560885493055556 0.013400743749999933 0.07676475694444444
5 0.6171787296875 0.45741207847222226 0.016378687500000044 0.052941212500000036
0 0.61643424375 0.4799120958333333 0.03871326093749996 0.02911766944444444
4 0.641746762890625 0.46270620625 0.017867660156250055 0.09529418194444443
4 0.675248621875 0.44550030069444446 0.013400743750000022 0.039705909722222224
4 0.70428356953125 0.4362355888888889 0.017867659374999966 0.03705884722222221
4 0.7236402 0.44814736180555553 0.011911773437499917 0.03441178750000004
2 0.8331859671874999 0.5919962027777778 0.3305516968750001 0.7914711277777778