2 0.25884230234375 0.2924536847222222 0.06860880312499998 0.07761803888888892
2 0.522362478125 0.29314670416666666 0.06860880312499998 0.10118065833333334
7 0.5890221671875 0.1961241534722222 0.03820262812499999 0.026334690277777757
7 0.531718224609375 0.2286960097222222 0.01715220078124995 0.011088291666666647
7 0.63813983359375 0.11850611458333332 0.027287590625000035 0.048511276388888885
7 0.64008894765625 0.15939418819444442 0.01559290937500002 0.02217658472222224
2 0.38355602109375 0.27066548749999997 0.04555000624999996 0.04880853055555556
2 0.42256785546875 0.27790030416666667 0.028067237499999998 0.054055422222222226
2 0.440889523828125 0.2640399388888889 0.017931844531250008 0.03742298333333333
2 0.46116030703124994 0.2681980493055556 0.02105042812500004 0.03742298472222221
2 0.35200993828125 0.2668120131944444 0.03352475625000002 0.0485112763888889
2 0.125133100390625 0.28898859513888886 0.09277781328125 0.09286444027777777
2 0.5901916359375 0.24810052083333334 0.018711492187500057 0.024948655555555553
2 0.5621243984375 0.25849579305555553 0.015592910937500015 0.023562622222222235