2 0.575668062109375 0.47903232083333336 0.00979838828124997 0.013064516666666668
2 0.587916046875 0.4855645798611112 0.012247985937499983 0.01741935694444447
2 0.597714437109375 0.4910081284722222 0.019596775781249944 0.015241937500000012
2 0.62221040703125 0.48665328958333337 0.017147178125000016 0.023951615277777765
2 0.55913328125 0.48774199930555556 0.02082157499999999 0.026129034722222222
2 0.6546675679687499 0.49971780624999995 0.05266633750000001 0.058790329166666704
2 0.7495894562500001 0.5106049041666667 0.11513106250000008 0.12846775833333332
2 0.9075884679687501 0.48883070902777775 0.1616734093749999 0.14588711805555554
2 0.5174901300781249 0.48991941736111105 0.013472783593750037 0.013064515277777784
2 0.5034049480468751 0.49318554791666663 0.00979838828125006 0.015241937500000012
2 0.49299415937499996 0.48991941736111105 0.013472784375000036 0.017419359722222243
2 0.47278498515624995 0.49318554791666663 0.017147179687499924 0.015241937500000012
2 0.44890141328125 0.49536296736111113 0.025720767187500028 0.019596776388888928
2 0.382149891796875 0.5073387756944445 0.03919355234374997 0.04790323194444449
2 0.33132075390625 0.5171371631944445 0.0722631140625 0.06750000694444445
2 0.20087970703125002 0.5106049034722222 0.0857358984375 0.058790331944444475