2 0.6012598062500001 0.4471954993055555 0.01051766562499994 0.013088648611111135
2 0.5833797765625001 0.4528049201388889 0.010517664062499942 0.01682826250000002
2 0.56234444765625 0.4668284722222222 0.03786359062500004 0.06357343611111112
2 0.5265843890624999 0.4490653048611111 0.025242395312499964 0.020567876388888903
2 0.5102820089843749 0.4574794368055556 0.01577649609374996 0.029916912499999962
2 0.485039614453125 0.4802287625000001 0.05364008828125009 0.07666208888888891
2 0.5360502871093751 0.48396837777777774 0.05258832109374998 0.06918285833333336
6 0.47452195039062506 0.1492729173611111 0.019983561718750043 0.0766620875
6 0.360931176171875 0.10907206388888889 0.01788002890625 0.09349035
6 0.10798135117187499 0.021814397916666665 0.03155299296874999 0.04113575416666667
6 0.552878550390625 0.18885050694444444 0.016828263281249978 0.07105266944444442
6 0.670150507421875 0.2197023201388889 0.009465899218750008 0.05048478750000002
6 0.395990059765625 0.4020085034722222 0.017880028906249956 0.024307490277777788
7 0.732555318359375 0.35058880833333333 0.02944946015624996 0.014958455555555576
7 0.98708279296875 0.1458449451388889 0.023138860937500106 0.024307490277777767
6 0.9592109839843751 0.27112201319444446 0.041018891406250015 0.06544324583333333
2 0.935546237890625 0.4758658784722223 0.1262119710937501 0.14958455972222226
2 0.10254722695312499 0.43379521944444444 0.011569430468749997 0.013088649999999941
2 0.091503680078125 0.4384697361111111 0.010517666406249992 0.014958455555555538
2 0.076778948828125 0.43286031666666663 0.01682826328125 0.022437683333333305
2 0.068364817578125 0.44501406388888887 0.012621196093749999 0.02056787777777779
2 0.06100245273437499 0.44407916111111106 0.01051766328125 0.01869807222222219
2 0.050484789453125 0.4450140625 0.031552992968750006 0.031786719444444445
2 0.358126469140625 0.5113922097222222 0.12726373828125004 0.12714687222222223
2 0.18616265781250002 0.6347994722222222 0.37232531562500004 0.40387831111111117
2 0.76042712890625 0.6628465756944444 0.40913714062499995 0.5796401652777777