2 0.503632656640625 0.5171766756944445 0.012292052343750016 0.021852534722222258
2 0.525485191796875 0.5183907055555556 0.025949886718750027 0.036420891666666615
2 0.53299700078125 0.5183907055555556 0.021852535937499962 0.036420891666666615
2 0.541874593359375 0.5232468256944445 0.02048675234374997 0.050989248611111135
2 0.553483752734375 0.5329590611111111 0.03551037109374997 0.05584536944444444
2 0.5780678554687501 0.5402432416666667 0.06009447187500001 0.06555760555555558
2 0.609480875390625 0.5499554777777778 0.04916820546874998 0.07526984444444448
2 0.634064978125 0.5645238361111111 0.06555760624999998 0.09955043888888887
2 0.6818674007812501 0.5790921930555555 0.09833641093750005 0.15782386666666662
2 0.8034221289062501 0.61126398125 0.21852535624999997 0.2148832680555555
2 0.469488069140625 0.5171766777777778 0.015023617968750003 0.01942447777777782
2 0.45719601914062497 0.5232468243055556 0.015023617968750003 0.026708654166666672
2 0.444221075 0.5256748840277778 0.019120968750000068 0.031564773611111166
2 0.42578299726562496 0.5293169736111111 0.03414458671874998 0.038848952777777786
2 0.392321302734375 0.5357780569444445 0.03824193828125 0.06477573611111112
2 0.36705430859375 0.5450993590277778 0.03687615312500001 0.08012596527777778
2 0.31856899609375 0.5414572708333334 0.06282604062500004 0.09712238055555554
2 0.24276801250000002 0.5633098055555555 0.09970219375 0.14082745
2 0.10004363984375 0.5936605520833333 0.1994043859375 0.22580953472222226
6 0.476316987109375 0.4807557833333333 0.006828916406249963 0.01942447777777782
6 0.5131931390625001 0.47954175416666667 0.009560482812500038 0.024280594444444463
6 0.5049984394531251 0.49411010902777774 0.006828916406249963 0.02428059583333335
6 0.48109722851562503 0.49046801944444446 0.008194700781250041 0.026708650000000014
7 0.374566117578125 0.47347160138888883 0.016389400781249997 0.016996413888888878
7 0.43329480625 0.4746856340277778 0.019120968749999977 0.02428059583333335