7 0.126829286328125 0.5041662083333334 0.009951486718750013 0.03810484444444447
7 0.36260300585937505 0.5266208451388888 0.00688949296875001 0.01769153472222224
7 0.508047833203125 0.5157337493055556 0.006889492968750055 0.014969762500000015
7 0.5815357453125001 0.49872265555555556 0.0176064796875 0.03538306944444448
2 0.038414141406250005 0.5742519 0.07501891093749999 0.04218750555555554
2 0.5482365347656251 0.5354666145833333 0.027557967968749965 0.029939520833333292
2 0.6385654265625 0.5449928243055555 0.06736391875 0.04354839027777773
2 0.4663281328125001 0.5381883888888889 0.007654992187500031 0.008165324999999985
2 0.45714214335937503 0.539549275 0.007654992968750029 0.010887097222222211
2 0.4188671890625001 0.5429514930555556 0.007654990625000036 0.012247986111111055
2 0.361072007421875 0.5449928229166667 0.020668472656250002 0.029939520833333372
2 0.337341533984375 0.5490754874999999 0.026792466406249993 0.03266129444444448
9 0.8062793148437499 0.5354666124999999 0.17147179843749996 0.09526210833333329