6 0.190725785546875 0.2258880013888889 0.012974203906249992 0.043859630555555564
6 0.136473098046875 0.13257386666666665 0.011697692968750006 0.0017329916666666673
6 0.482042480859375 0.27562259305555553 0.006823657031250008 0.03134766944444445
6 0.381637271484375 0.39858809652777777 0.010722886718750014 0.020795898611111044
6 0.41380593164062496 0.40552006458333334 0.006823657031250008 0.017329918055555518
6 0.653121257421875 0.09444804861111111 0.023395389843750003 0.09184856111111112
6 0.553203453515625 0.3318679145833333 0.00877327109374999 0.06412069305555555
6 0.6852899156250001 0.10224651180555556 0.01169769374999996 0.08318360694444443
2 0.45533275156249997 0.5380939291666667 0.12302076406250002 0.17849814444444445
2 0.38095491796875003 0.49303614583333333 0.04601092968750002 0.05372274444444448
2 0.407664651953125 0.45750981527777773 0.011697691406249966 0.02079590000000001
2 0.3652605109375 0.44884485555555553 0.01657173125 0.020795897222222158
2 0.377445609375 0.44797836041666667 0.015596925000000006 0.02946085694444444
2 0.391580323828125 0.4549103277777778 0.010722886718750014 0.01906290833333328
2 0.33299436640625 0.48350469166666665 0.04874039218750004 0.05892171944444442
2 0.221378868359375 0.5138320479166667 0.15109521796875 0.1577022486111111
2 0.287665801171875 0.48697067638888886 0.024370196093749998 0.048523772222222226
7 0.5182322066406251 0.25895846666666666 0.05458923984374993 0.020795897222222238
7 0.732202528515625 0.2546259895833333 0.026319811718749975 0.025994876388888914
7 0.181436095703125 0.3230791611111111 0.020470964843749995 0.010397949999999965
7 0.1804612875 0.37506891319444446 0.02437019531250002 0.010397948611111159
2 0.9121071179687501 0.49471973472222225 0.06966041718750002 0.06804436388888888