7 0.34035860546875 0.3554941555555555 0.017588745312500008 0.013828224999999961
6 0.3296524125 0.4072723125 0.013000376562500016 0.01631419722222221
7 0.379969471484375 0.3514350243055555 0.007848019531249983 0.019033231944444434
7 0.38465821015625 0.37175979583333335 0.009176735937499991 0.01074018333333334
4 0.330362517578125 0.4554380388888889 0.010706192968749972 0.046223561111111165
4 0.32271523789062495 0.4404833569444444 0.01376510390625003 0.03806646388888887
9 0.38427584453125 0.4391238402777778 0.0512367796875 0.07885195833333335
2 0.324881963671875 0.4867069194444445 0.02676548203125 0.054380661111111075
9 0.27938064375 0.42077036875000007 0.0780022609375 0.2460724930555556
9 0.131533223828125 0.39833834444444444 0.26077226484375 0.4024168944444445
2 0.035559854296875 0.5166162819444444 0.07035498046875001 0.2719033083333333
2 0.9077321957031248 0.5179758006944444 0.18429946015625004 0.3262839680555556
4 0.831641754296875 0.4894259513888889 0.018353474218750065 0.07341389166666674
4 0.7987584480468749 0.4839878854166667 0.00917673671874999 0.040785495833333366
4 0.765875141796875 0.4697129638888889 0.007647280468749962 0.023111780555555583
7 0.8228473824218749 0.33104227708333334 0.013765103906249899 0.02447129583333335
7 0.8304946624999999 0.35415405625 0.012235650000000042 0.02447129583333335
7 0.816729557421875 0.35007550625 0.009176736718750078 0.010876131944444447
6 0.581506166015625 0.35347429722222223 0.0070215867187499725 0.024471297222222275
2 0.57813440703125 0.46518124652777776 0.018353473437500066 0.05845921250000004
7 0.577752042578125 0.4139727847222222 0.013765103906249987 0.012235649999999983
2 0.36541255 0.46178245555555564 0.04970732343750002 0.07341389166666666
2 0.49015426249999994 0.4759279138888889 0.17035227343750003 0.34318083888888884
2 0.6411152277343749 0.4654402020833333 0.12465067265625 0.21888216249999995