2 0.288061323828125 0.3783479527777778 0.02504880703125001 0.042187469444444445
2 0.2379637046875 0.41936354861111114 0.10942375312500001 0.14765614444444444
2 0.439013370703125 0.37951982500000003 0.00791015234375001 0.025781230555555604
2 0.4647213593749999 0.4006135618055555 0.0487792609375 0.06328121250000002
2 0.478564124609375 0.44748853333333327 0.06855464296875002 0.14296865833333333
2 0.539867791796875 0.4720978854166667 0.11469718671874993 0.20624985972222226
2 0.7654954429687499 0.5151224208333334 0.428466503125 0.47109342777777774
2 0.36386693671875003 0.4823099430555555 0.2056639203125 0.28828105
2 0.11865226132812501 0.4776224430555555 0.23730452265625002 0.28359355555555554
7 0.45483367187500007 0.27405114583333334 0.04218747187499998 0.021093736111111108
6 0.423852247265625 0.2725444631944444 0.009228508593750018 0.02812499027777776
6 0.41660127734375 0.27840383125 0.010546870312500012 0.03984372638888887
6 0.298608194140625 0.29246632361111113 0.009228508593749973 0.030468730555555566
6 0.289379683984375 0.28895070069444445 0.006591791406250014 0.02343748472222222
6 0.433344429296875 0.2791404277777778 0.009228508593750018 0.04453121944444444