2 0.8456458062500001 0.5753532534722222 0.032168659375 0.05545573472222224
2 0.763761946875 0.5770862444444445 0.1043044390624999 0.15250327222222226
2 0.193499357421875 0.5424264090277778 0.24857600078125 0.16290122083333333
2 0.895361006640625 0.5805522284722222 0.022420580468750017 0.031193851388888937
2 0.91729418359375 0.5788192368055556 0.023395389062499918 0.04505778472222228
2 0.9289918765625 0.5883506902777778 0.025345003125000078 0.036392825
2 0.9504376499999999 0.581418725 0.03899231406249992 0.06412069444444445
2 0.9762700578124999 0.5926831701388888 0.045815968749999846 0.06585368472222221
4 0.8670915789062501 0.5796857319444445 0.032168659375 0.1784981472222222
4 0.02242058046875 0.5212598173611112 0.0448411609375 0.1463126902777778
6 0.46303372695312495 0.38559065833333334 0.025345003906249986 0.05025675833333333
6 0.707223092578125 0.01732991736111111 0.026319813281249972 0.027727868055555552
6 0.7423161734375 0.01732991736111111 0.03996712031250001 0.03465983472222222
7 0.503000848828125 0.340532875 0.027294621093750047 0.09531454722222227