2 0.57940223828125 0.5346130875 0.019282800000000044 0.05386941111111112
2 0.43845414960937495 0.5231862444444444 0.012855202343749993 0.021221286111111067
2 0.42513983476562506 0.5231862444444444 0.01560988515624997 0.04733978888888891
2 0.378310178125 0.5484885416666666 0.08906817500000001 0.12079807222222219
2 0.6101628953125 0.5452237291666667 0.058766629687499974 0.08814994444444445
2 0.50640306484375 0.5590991826388888 0.13406137343749994 0.21058042083333334
6 0.518340037109375 0.42279325138888885 0.00918228671875001 0.029383316666666638
6 0.4196304640625 0.44238212777777774 0.008264056249999995 0.02285368888888889
4 0.7056586687499999 0.53624549375 0.02203748593750001 0.0799879125
4 0.76029326953125 0.5452237284722222 0.021119257812499993 0.09141475694444444
4 0.7625888398437499 0.5460399319444444 0.020201028124999975 0.08978234999999997
2 0.14645746015625 0.661124582638889 0.29016023281250003 0.3819830930555555
7 0.65653343828125 0.16895405972222224 0.175381659375 0.083252725
2 0.981637358984375 0.7484299756944444 0.032138000781250044 0.21221282638888894