2 0.10993001328125 0.5994607541666667 0.21674144531249998 0.2176077194444444
2 0.858389683984375 0.6950972666666667 0.2822316679687499 0.4809546416666666
2 0.259621948046875 0.5502564590277778 0.09043887734375003 0.1302874236111111
2 0.201928181640625 0.5142195138888889 0.026507947656249996 0.0360369472222222
2 0.7106468628906251 0.5897584986111112 0.23467329296874997 0.29245368611111117
2 0.5917509269531249 0.5585726791666666 0.08887958515624997 0.16909644166666665
2 0.5527686515625 0.5350100618055555 0.053015892187500045 0.11642706250000004
2 0.5223624777343749 0.5384751513888888 0.04677872890625005 0.062371638888888886
2 0.506769569140625 0.5211496944444445 0.04677872890624997 0.06375767500000001
2 0.48532931640625004 0.5142195152777779 0.019491137500000023 0.05544145555555555
2 0.4705160535156249 0.5128334791666667 0.016372557031249978 0.04158109444444441
2 0.40073778203125 0.5093683874999999 0.012474328124999979 0.045739199999999945
9 0.37851788515624996 0.5003591520833333 0.03664333750000002 0.09979462361111117
9 0.31614624609374997 0.4802616215277778 0.09589639531250001 0.19543113472222223
2 0.435042183203125 0.5239217687500001 0.051456602343749935 0.08039011249999999
7 0.4342625375 0.4677872923611111 0.01871149062500006 0.023562618055555616
7 0.68218980390625 0.3797739805555556 0.021830075000000004 0.02772072777777773