7 0.44534086406249995 0.6668380041666667 0.028465085937499968 0.044074972222222265
7 0.5693017234375001 0.6864268805555556 0.015609885937500057 0.034280533333333335
7 0.387492462890625 0.6570435652777777 0.07621297265625002 0.04407497222222219
7 0.907457333984375 0.6774805277777778 0.029383314843749987 0.05550181666666671
6 0.915721391015625 0.7419605798611111 0.020201028906249974 0.040810159722222274
6 0.05396386328125 0.14776465972222222 0.046829657812499995 0.17140266944444443
6 0.287193925 0.7256365166666667 0.017446343750000003 0.027750908333333275
6 0.379475897265625 0.7354309541666666 0.011018742968750005 0.03101572222222223
6 0.31173860468750003 0.7704958090277778 0.009182285937500012 0.019588876388888978
6 0.33561254765625004 0.7737606215277778 0.009182284374999971 0.019588876388888822
7 0.37164154531250004 0.7869831229166667 0.009182285937499968 0.014691656944444433
2 0.334541277734375 0.8020556812499999 0.011018742968750005 0.016324062500000024
2 0.35351800546875 0.8031439368055556 0.015609885937500012 0.019588876388888978
2 0.37601460546875 0.8055925465277777 0.01836457031250003 0.031015723611111115
2 0.42146692070312497 0.8455865027777777 0.07254005859374994 0.09467957222222229
2 0.3020972046875 0.8153869847222224 0.05233902968750002 0.08325272499999999
2 0.19077992304687502 0.8390728180555556 0.09457754453125 0.10777070277777782
7 0.271795661328125 0.7819226541666666 0.026628628906249972 0.02285369166666666
2 0.8996523910156249 0.8962229833333333 0.19925560234374995 0.20568320555555555