6 0.47273178476562505 0.3725336888888888 0.017755185156249985 0.029136713888888957
6 0.421514904296875 0.37496174861111103 0.010926267968750025 0.01942447777777774
7 0.41332020351562504 0.25477280208333336 0.021852535156249964 0.03156477361111109
7 0.566287952734375 0.33611279583333337 0.01365783515625001 0.03399283333333333
7 0.69057424921875 0.3640354791666667 0.021852535937499962 0.041277011111111074
7 0.657795445703125 0.38467398611111114 0.040973505468750025 0.06312954722222225
6 0.58062867890625 0.36160742083333336 0.012292051562500017 0.026708655555555558
2 0.516436855859375 0.44901756527777775 0.028681452343750014 0.04613313055555553
4 0.6441376097656251 0.4672280097222223 0.02185253671874996 0.07284178611111108
7 0.14630953398437502 0.3215444388888889 0.039607719531249995 0.06798566666666667
6 0.38805320937500004 0.3956002548611111 0.012292051562499972 0.021852534722222258
6 0.56423927734375 0.4157184756944444 0.012292051562500017 0.026708654166666672
2 0.322495602734375 0.3980283131944445 0.045070855468750004 0.031564773611111166
2 0.28357077304687495 0.39560025555555556 0.027315667968749978 0.031564774999999975
7 0.405125502734375 0.38710204583333335 0.021852535156249964 0.038848952777777786
7 0.42970960546875003 0.39924234375000006 0.013657835937500007 0.02913671250000007