7 0.8573435011718751 0.25994875902777775 0.020470966406250034 0.045057784722222195
7 0.850032441796875 0.20102703958333332 0.01949615703125005 0.020795898611111082
7 0.677004048828125 0.30933902152777776 0.014622117968749926 0.012130943055555576
7 0.669692990625 0.2772786756944444 0.01754654218749998 0.010397951388888889
7 0.1403723296875 0.2192234527777778 0.017546542187500003 0.015596927777777797
7 0.135985694140625 0.23915285833333333 0.03606788984375 0.01386393611111111
7 0.284643891015625 0.29200910555555554 0.019496157031250006 0.015596924999999985
7 0.284643891796875 0.2686137173611111 0.011697694531250002 0.024261884722222227
7 0.35824188359375003 0.33793338680555557 0.0321686578125 0.031193851388888857
6 0.1423219453125 0.2660142298611111 0.007798462500000003 0.02252889305555554
6 0.67505443359375 0.33100141944444444 0.008773271874999988 0.017329916666666632
6 0.86173013515625 0.3032735527777778 0.011697693750000049 0.017329919444444446
6 0.34508197812499997 0.15596925486111113 0.019496157812500005 0.07278565416666666
6 0.564901146875 0.21575746944444446 0.008773270312499993 0.04332479166666666
6 0.453285648828125 0.30933902291666665 0.005848847656250022 0.019062909722222247
6 0.40649487187499994 0.30933902291666665 0.005848846875000024 0.025994876388888914
6 0.489353537890625 0.3639282625 0.005848847656249934 0.013863933333333339
7 0.49325277031250003 0.3439988576388889 0.007798464062499999 0.015596926388888911
2 0.20422224296875 0.3881901472222223 0.06141289375000001 0.07625163333333332
2 0.235903498046875 0.3795251888888889 0.02144577265625003 0.048523769444444455
2 0.356779671484375 0.3838576673611111 0.035093082031250014 0.05372274305555559
2 0.518110369921875 0.4055200625 0.055564047656250004 0.0831836027777778
2 0.8012920492187501 0.40638656041666665 0.05458923906250002 0.0675866791666667
4 0.8368725351562499 0.3751927076388889 0.02826942812500004 0.06758667916666662
2 0.6375243312500001 0.40118758402777777 0.09358155312499994 0.12997437916666665
9 0.42989026015625004 0.4384469069444445 0.14622117656250003 0.23915285833333327
2 0.286593506640625 0.3994545923611111 0.10527924921875002 0.12997437916666665
2 0.8475954222656249 0.6273430034722223 0.30316523984374993 0.5268294847222224