2 0.48533718671875 0.4570309354166667 0.03427732031249997 0.051562462499999934
2 0.08060113671875 0.44179657152777785 0.0659179234375 0.053906212500000016
2 0.055552326171875 0.4769527972222223 0.11074211171875001 0.1429686527777778
4 0.564438694921875 0.4593746840277778 0.026367169531250047 0.08437494305555554
9 0.630356618359375 0.41718721458333335 0.11337882890624992 0.13124990972222217
2 0.905234359765625 0.43593719999999997 0.05668941484375001 0.06093745833333336
2 0.814267625 0.4582028097222222 0.07514643124999995 0.08203119444444443
2 0.82151859609375 0.4406246958333333 0.13974599687499997 0.1031249277777778
2 0.73318857890625 0.4453121937500001 0.04746090468749999 0.060937456944444475
2 0.9322607078124999 0.45351531319444444 0.05009762187499991 0.12890616250000006
2 0.28692423710937504 0.33632789375 0.37836888046875006 0.5085934013888889