7 0.36194615625000004 0.38836345555555557 0.008773270312499993 0.008664961111111166
7 0.37120683125 0.4108923479166667 0.019496157812500005 0.0329268430555555
7 0.593170573828125 0.42042380416666664 0.016571732031249998 0.02772786944444445
2 0.444024973828125 0.4871439854166667 0.026319811718749975 0.0329268430555555
2 0.41429333437500004 0.5044739013888889 0.01754654218749998 0.036392825
2 0.376275829296875 0.49320945486111106 0.04289154609374997 0.058921718055555614
2 0.34264495781250004 0.5183378347222223 0.04971520000000003 0.10571249722222223
2 0.286106102734375 0.5486651916666667 0.06336251015624997 0.10397950555555559
2 0.20851139765624999 0.5408667263888889 0.09455636250000002 0.12997438055555552
2 0.08285866679687501 0.5811299097222222 0.16571733359375002 0.21489097777777783
2 0.524056704296875 0.46842766875 0.00974807890624998 0.012130943055555576
2 0.5284433390625 0.48055860972222225 0.012672500000000041 0.029460861111111094
2 0.55983216328125 0.5053403930555557 0.024370196874999993 0.035353036111111104
2 0.5889789125 0.5278692840277779 0.06238770156250002 0.09427475138888887
2 0.549596680859375 0.5067267819444445 0.02924423515625003 0.048523769444444455
2 0.5032933085937501 0.48506438680555564 0.02047096406250004 0.032926843055555585
2 0.47892311171874996 0.49546233819444446 0.053614431250000025 0.07105265972222223
2 0.636559668359375 0.5493583756944445 0.07408539609375006 0.15596925416666668
2 0.80422661640625 0.6190842173611111 0.38602390625 0.7044069819444444
2 0.5290058726562499 0.4523108395833333 0.007798462500000003 0.013863931944444375
2 0.5002490414062499 0.4505778506944444 0.006823654687500014 0.017329918055555598