2 0.014382852343749999 0.5498344166666667 0.02715645625 0.07331125555555558
2 0.037013232031249996 0.5489403763888889 0.022127482812499998 0.06079469999999997
2 0.06567837890625 0.5435761388888889 0.039225990625000005 0.060794700000000056
2 0.175812894140625 0.5343681541666666 0.05028973359375 0.04595488888888895
2 0.286953205859375 0.5230132256944444 0.02313327734374999 0.023245031944444446
2 0.314109661328125 0.5167549479166667 0.021121688281249985 0.025033112500000006
2 0.344283501171875 0.5131787881944444 0.027156457031250004 0.03218543194444447
2 0.40613987343749997 0.5212251479166666 0.05833609062499998 0.08761589027777777
2 0.43983399374999993 0.5176489868055556 0.015086920312500052 0.04470198749999999
2 0.44989194140625 0.5113907090277777 0.01709850937499997 0.03933774861111117
9 0.47905998671875 0.48725163888888895 0.08951572500000005 0.06615893888888888
4 0.6978203257812501 0.5650330923611111 0.07442880468749999 0.3254304541666667
4 0.772249131640625 0.51228475 0.04827814453124999 0.2163576055555556
4 0.8270649406250001 0.5140728277777777 0.043249170312500064 0.18774833888888892
4 0.130552135546875 0.5319536222222223 0.0060347679687499985 0.030397350000000028
4 0.11093913867187499 0.5364238222222222 0.009052152343750008 0.04649006666666666
4 0.09786380859375 0.5292715034722223 0.0070405625000000025 0.028609270833333353
4 0.535887384375 0.5033443520833334 0.016092714062499968 0.06258277916666664
4 0.6485363875 0.581125807638889 0.058336090625000024 0.25748343472222224
4 0.6711667671875 0.4675827645833333 0.019110098437500066 0.04827814583333334
4 0.952789273828125 0.6070529576388889 0.09152731484375014 0.6025827569444445
6 0.41418623085937495 0.11264900347222222 0.014081124218750051 0.06079469861111112
6 0.7149188351562501 0.1984768125 0.012069535937499954 0.05364238333333334
6 0.21453598984375 0.45864236805555547 0.005028973437500017 0.016092713888888867
6 0.360376216796875 0.4452317722222222 0.005028974218749971 0.021456952777777774
6 0.4146891281249999 0.4577483263888889 0.005028973437500017 0.02503311111111112
6 0.45994988789062496 0.42645693749999997 0.005028972656249931 0.02682119166666668
6 0.727994165234375 0.3737085951388889 0.01810430234374998 0.035761587500000046
7 0.37496023828125 0.4470198513888889 0.008046357812499983 0.01430463611111108
7 0.48660344609375006 0.4255628972222222 0.026150662499999998 0.010728477777777811
7 0.5122512105468751 0.41304634374999993 0.011063741406249949 0.014304634722222194
6 0.254264879296875 0.4362913743055556 0.006034767968750021 0.021456951388888888
7 0.349815371875 0.47831124027777777 0.01005794687499999 0.016092713888888947
7 0.5620380457031249 0.1662913847222222 0.10057946640625 0.04291390555555555
7 0.202969351171875 0.46490064513888885 0.014081125781249981 0.010728476388888847
6 0.187882431640625 0.4550662083333333 0.0060347679687499985 0.02682119166666668
6 0.20146065859375 0.49529799444444444 0.00905215156250001 0.017880794444444428
0 0.57844071953125 0.5445493902777778 0.04198753125000003 0.106635
5 0.57664125390625 0.5018953902777779 0.031190737499999965 0.1151658