2 0.8054691746093751 0.37131965902777775 0.35817349921875 0.4346226513888889
2 0.151089776171875 0.31547429097222224 0.08467857578125 0.07041372638888888
2 0.612041698828125 0.29604981458333335 0.11609159609375004 0.17724834305555554
2 0.557410359375 0.28755160555555553 0.03141301875 0.0922662611111111
2 0.5430696328125 0.27176921944444443 0.02731567031250002 0.08012596388888886
2 0.5294117984375 0.26448504097222225 0.02185253593750005 0.060701487500000005
2 0.51643685546875 0.25841489166666665 0.015023618749999912 0.02913671388888892
2 0.50824215546875 0.25234474236111115 0.012292051562500017 0.031564773611111124
2 0.224159191015625 0.3021199618055555 0.06692338984374999 0.0631295486111111
2 0.27264450546874996 0.2924077263888889 0.03277880312499999 0.0534173083333333
2 0.38228279453125 0.2680577736111111 0.025949885937500028 0.02913671388888888
2 0.40239393515625005 0.2608429513888889 0.019120968749999977 0.02913671388888888
2 0.421514904296875 0.2547728013888889 0.01365783515625001 0.026708652777777786
2 0.43653852226562495 0.24506056319444444 0.01638940234374999 0.012140298611111117
2 0.46521997578125 0.24991668472222225 0.01365783437500001 0.03156477500000001
6 0.49595010312499993 0.2114146048611111 0.00682891718750005 0.026708654166666672
2 0.9382525515625 0.5710207743055555 0.12185098124999989 0.2894096180555555