7 0.6192385328125 0.37692596388888894 0.012618012499999942 0.03058912222222219
7 0.618091441796875 0.4146525493055555 0.019500564843750023 0.03670694583333337
1 0.265824254296875 0.42151809444444444 0.20188820546875003 0.12847431111111113
2 0.54150939453125 0.4661199645833334 0.017206381249999937 0.03670694583333337
2 0.5202881910156251 0.4712181520833333 0.03900113046875005 0.05098186805555558
2 0.565598328125 0.48039488888888887 0.03326567031250001 0.06525679444444445
2 0.58223116328125 0.4926305381944445 0.05047205156250003 0.08564954305555553
2 0.506523086328125 0.5120036479166666 0.06653133984375001 0.12439576249999994
2 0.39741277695312505 0.5800765798611112 0.20445551171875 0.26462017638888896
2 0.131237766796875 0.566414370138889 0.26247553359375 0.33036251805555567
2 0.6189430781249999 0.5161170881944445 0.07974026249999992 0.11111924027777778
6 0.509067639453125 0.4153122076388889 0.010546867968750017 0.02343748472222226
6 0.538071525390625 0.44226531388888884 0.00527343359375001 0.030468727777777756