6 0.144181320703125 0.17851973819444444 0.014987663281250008 0.06572368472222223
6 0.5138770460937501 0.2522368423611111 0.010990953124999958 0.056842106944444463
6 0.16566363984375002 0.1802960534722222 0.017985198437500016 0.058618420833333316
6 0.756177623828125 0.4094407923611111 0.011990132031250055 0.026644734722222237
6 0.016786172265625 0.38812500208333334 0.00799342109375 0.02664473750000001
6 0.006794394921875 0.38723684374999995 0.009991774218750001 0.02486842083333332
6 0.5228696464843751 0.4165460541666667 0.004995888281249972 0.023092102777777748
6 0.438938723828125 0.4209868458333334 0.00499588828125006 0.01776315833333331
6 0.457923098828125 0.42365131805555556 0.004995888281249972 0.015986841666666703
6 0.46941364101562505 0.4298684236111111 0.003996711718750046 0.014210527777777789
7 0.665752047265625 0.2842105263888889 0.030974507031250022 0.03552631666666666
7 0.7341957156250001 0.2051644743055555 0.03197368437499994 0.04796052638888888
7 0.7496829683593751 0.34371710694444446 0.02697779765625006 0.012434211111111104
2 0.45592474335937505 0.47161184444444443 0.016986019531250028 0.03730263055555562
2 0.387980664453125 0.4725000020833333 0.022981085156250015 0.042631579166666635
2 0.42195270351562497 0.4787171069444445 0.04496299296874997 0.05506578888888885
2 0.490396371875 0.49736842361111105 0.06994243437499996 0.07815789444444445
2 0.5528449746093751 0.5009210555555554 0.05295641484375002 0.08526315833333334
2 0.63327877421875 0.5195723715277778 0.10591282968749996 0.19006579027777773
2 0.2870637234375 0.4334210534722222 0.1928412828125 0.3161842125
6 0.770665699609375 0.41210526527777774 0.012989310156249979 0.021315788888888913
2 0.8096336265625 0.66967105625 0.3806866781250001 0.46184210694444455
7 0.029275892187500003 0.3055263166666667 0.02897615 0.017763155555555542