7 0.607534466015625 0.49135431874999996 0.013773428906250018 0.026118501388888878
7 0.64426361015625 0.5288996659722222 0.010100515625000028 0.0195888763888889
6 0.547570322265625 0.5337968854166667 0.00918228671875001 0.016324068055555568
6 0.5250737234375 0.5362454944444445 0.008264057812499993 0.014691661111111169
6 0.4901810359375 0.52971586875 0.008264059374999988 0.014691656944444433
2 0.676275352734375 0.537605832638889 0.07254005859374998 0.039177754166666606
2 0.598225924609375 0.5457678673611112 0.03948382890625002 0.04244256805555556
2 0.408458677734375 0.5590991840277777 0.035810914843749986 0.050604595833333356
2 0.5011997648437501 0.5705260284722222 0.02662862812500002 0.03428053194444445
2 0.5448156226562499 0.5746070437499999 0.022037484375000017 0.03264812638888886
2 0.46906176523437504 0.5737908409722222 0.024792171093749982 0.02775090694444447