2 0.02533847890625 0.7158878131944445 0.049117667187500005 0.1261293125
2 0.977495469921875 0.5622039506944445 0.04296463828124999 0.06572368472222215
7 0.613580999609375 0.4456107104166667 0.023389364843750027 0.0401950541666667
7 0.6151402914062499 0.48303369236111104 0.014033618749999999 0.029106762500000057
2 0.4767532171875001 0.5689679527777778 0.01481326562499996 0.023562619444444502
2 0.4100935265625 0.5828283173611111 0.021830073437499965 0.03187883750000001
2 0.44868597929687504 0.5828283173611111 0.02572830078125001 0.03742298194444445
2 0.367213026171875 0.5918375534722222 0.018711491406250013 0.027720726388888926
2 0.37812806328125 0.5814422805555556 0.014033618749999999 0.023562619444444502
2 0.39177185742187504 0.5828283173611111 0.010135391406249994 0.02910676527777775
2 0.425296614453125 0.5786702083333334 0.011694682031250014 0.023562619444444426
7 0.6494446929687501 0.4858057673611111 0.02027078281249999 0.009702254166666632