6 0.429622945703125 0.12134059722222222 0.015210911718749998 0.058243494444444446
6 0.577636820703125 0.15150240694444445 0.014040841406249971 0.05616336944444444
6 0.7203853808593751 0.33559344722222223 0.007020421093749984 0.02080124722222223
6 0.740861609765625 0.33559344722222223 0.012870772656250029 0.02080124722222223
7 0.18156806953125 0.16190303194444444 0.038612315625000004 0.022881366666666656
7 0.7274058015625 0.27006951875 0.023401403125000008 0.022881373611111085
7 0.6835281726562499 0.3023114513888889 0.015210912499999996 0.07488449166666666
7 0.64257571640625 0.17750396805555557 0.08541512343750002 0.029121747222222223
7 0.36585412070312506 0.3355934472222222 0.02106126328125 0.012480747222222238
4 0.13476526249999998 0.3813561916666667 0.01989119374999999 0.10400623611111115
4 0.159336736328125 0.38135619097222223 0.024571472656249992 0.09984598749999998
2 0.3471329984375 0.4125580625 0.021061264062499994 0.04160249444444446
2 0.49807205000000004 0.4104779381944444 0.03276196406249996 0.062403740277777724
2 0.539609541015625 0.4250388118055555 0.08541512265625002 0.10400623750000003
2 0.31671117226562495 0.4146381875 0.06318378828125 0.07904473888888891
2 0.4284528765625 0.41047793611111116 0.12051722499999999 0.228813725
2 0.6718274691406251 0.46456117986111106 0.21178269921875 0.2080124736111111
7 0.45243931249999997 0.3397536944444444 0.01872112187499999 0.012480747222222198
4 0.251187245703125 0.38655650416666665 0.016380982031250026 0.07696461666666667
4 0.7537323812500001 0.4031975027777778 0.019891193749999925 0.04784286944444444
4 0.772453502734375 0.4167183118055555 0.015210911718749998 0.049922993055555524