5 0.13776846015625002 0.5097652743055556 0.1568846578125 0.4406246986111111
0 0.13710928046875 0.6269526958333334 0.139745996875 0.3374997694444444
2 0.89252868359375 0.6515620513888888 0.21489242968749994 0.4242184555555555
2 0.84440859921875 0.5062496527777778 0.105468678125 0.09140618888888888
2 0.0547118765625 0.4921871611111111 0.109423753125 0.414843463888889
2 0.22280258242187498 0.46757780277777783 0.07910150859375001 0.16406238888888894
2 0.282787892578125 0.4535153138888889 0.09360345078124999 0.12187491388888895
2 0.3348630515625 0.4617184340277778 0.03955075468749998 0.07734369583333331
2 0.35793432421875 0.4476559423611111 0.05405269531250001 0.07734369305555554
2 0.387597391796875 0.4417965708333333 0.026367171093749996 0.06093745555555559
2 0.40407686953125 0.4464840673611112 0.01977537812500003 0.05156246250000002
2 0.41923799296875003 0.4453121965277778 0.018457018750000033 0.04453122083333333
2 0.5091061 0.4492184520833334 0.035595678124999974 0.05624995694444447
2 0.729052233203125 0.4867184263888889 0.08437493984374997 0.10312492499999995
2 0.5504146593750001 0.44570283333333327 0.03823239687499998 0.0539062138888889
2 0.6822505078125 0.47265593819444446 0.056689415625 0.08437494305555554
2 0.6539058007812499 0.47031218888888887 0.03691403593749998 0.05624996111111105
2 0.6249019140625001 0.4609371958333333 0.036914037499999976 0.0515624638888889
2 0.603808180078125 0.45976532013888893 0.02373045234375004 0.04453121805555556
2 0.59326131015625 0.45039032777777777 0.021093735937499948 0.03984372222222221
2 0.474609047265625 0.43312471111111106 0.021093733593749952 0.028124983333333298
4 0.43835419062500003 0.43781220555555556 0.006591790624999927 0.03281247777777775
2 0.44274873281250005 0.43593720138888886 0.02241209375000004 0.03281247499999999
2 0.45790985625 0.43476532777777777 0.013183584374999936 0.030468727777777756
6 0.482519199609375 0.3558591194444445 0.00527343359375001 0.03515622777777776
7 0.4409909093750001 0.39860462013888887 0.009228509374999926 0.023102656944444452
7 0.39748507734375 0.37031222847222217 0.014501942187499983 0.014062490277777803
7 0.402758512109375 0.3992184631944445 0.011865225781250021 0.02343748472222226
6 0.5658092699218751 0.35503946875000003 0.011958664843750012 0.02551181805555558
6 0.480902750390625 0.39118121041666665 0.007175199218750006 0.02551181805555558