7 0.35824866484375 0.3640218298611111 0.015210912499999996 0.029121745833333337
7 0.2465069640625 0.35154108125 0.01638098281250002 0.012480748611111083
7 0.37872489296875 0.4045842618055556 0.014040842187500013 0.018721120833333375
7 0.437228401171875 0.38690320277777773 0.0070204210937500735 0.016640999999999986
7 0.7589976972656249 0.3567413930555556 0.011700702343750003 0.018721122222222223
7 0.672997540234375 0.20073203680555554 0.019891191406249932 0.06864411527777776
2 0.794415232421875 0.3682189173611111 0.08955619453124992 0.062477418055555525
2 0.85494345 0.3567413930555555 0.05850350781249993 0.056163366666666624
2 0.4401535765625 0.4097845736111111 0.010530631249999978 0.02080124722222223
2 0.43371819062500006 0.41290476111111113 0.011700701562500004 0.027041622222222214
2 0.4272828046875 0.41290476180555563 0.012870771874999942 0.031201873611111115
2 0.374629646875 0.4181050729166666 0.010530631250000023 0.0291217458333333
2 0.36643915585937503 0.4160249486111111 0.010530632031249976 0.024961497222222247
2 0.345377894140625 0.41706501041666666 0.02925175390625001 0.03536212083333336
2 0.317881244140625 0.42122526041666664 0.032761964843750005 0.031201870833333346
2 0.41207189218749996 0.4160249472222222 0.022231332812499983 0.03328199444444443
5 0.45419441796874993 0.405624325 0.010530631250000066 0.02080124722222223
3 0.452439312890625 0.41810507361111116 0.0070204210937500735 0.02080125
2 0.17571771875 0.46698800416666664 0.162639753125 0.16432985555555557
2 0.594017803125 0.4836290027777778 0.3112386640625 0.4680280666666667