2 0.47759476171875 0.4444815298611111 0.017193410937499997 0.033113237500000045
2 0.4912062125 0.4444815326388889 0.018626195312500027 0.03820758194444444
2 0.5041012703125001 0.4508494625 0.027222901562500023 0.05094344166666668
2 0.52702581953125 0.45976456388888887 0.04441631406250002 0.07386799166666667
2 0.5506667601562499 0.4737740097222223 0.054445803124999956 0.11207557222222223
2 0.59006832890625 0.4801419416666666 0.08453427343750004 0.1350001222222222
2 0.640215780078125 0.49160421458333337 0.12751780234374993 0.14773598194444446
2 0.43031287890625 0.44320794444444445 0.017193412499999994 0.030566066666666655
2 0.41526864375 0.44830228819444445 0.03295403906250001 0.040754754166666705
2 0.39091131015625 0.45721739236111114 0.03581960781249997 0.06877364861111109
2 0.36297201718750005 0.45976456388888887 0.04871466718749997 0.0942453666666667
2 0.340047468359375 0.4712268381944445 0.06017694140624998 0.09679254027777778
2 0.313540957421875 0.48396269861111113 0.07307200078124998 0.12226426111111108
2 0.186739546875 0.4865098708333333 0.257901175 0.3005663083333333
2 0.7637247781250001 0.5459438840277777 0.2828376046875 0.25641532083333335
7 0.9310709933593749 0.17702846180555556 0.015760627343749965 0.06877364861111113