7 0.48229226875000003 0.29408133680555554 0.02048675312499997 0.03525881527777778
7 0.07820800078125 0.25116261458333333 0.030274064062499995 0.05830560972222223
7 0.23058746679687497 0.2780728951388889 0.02775122578125 0.03588037083333333
7 0.22932604648437502 0.30610443541666665 0.020182708593749998 0.020182709722222233
7 0.1750850125 0.29601307916666664 0.02270554843749999 0.03139532777777777
7 0.13244903554687498 0.26349649166666667 0.042888258593750006 0.042607944444444434
7 0.01198348515625 0.23434368958333335 0.02144413125 0.04260794305555555
6 0.366190049609375 0.2948918180555556 0.01135277578124998 0.029152805555555536
6 0.39646411367187495 0.2982556041666667 0.011352774218749983 0.03139532777777777
4 0.6116622488281249 0.3756226590277778 0.026489807031250034 0.1233387847222222
2 0.228190766796875 0.34422733194444444 0.04162683828125 0.029152802777777768
2 0.249634896484375 0.3778651847222222 0.04162683828125 0.06503317777777776
2 0.197285992578125 0.3857140138888889 0.07316232421875002 0.10315607500000001
2 0.14859520312500002 0.40926051041666667 0.093345034375 0.13230887916666667
2 0.3560986953125 0.34086354722222223 0.011352775000000027 0.02242523333333332
2 0.34033095234375 0.3442273347222222 0.02270555000000001 0.03363785277777779
2 0.056133162109375 0.4294432180555556 0.11226632421875 0.2175247666666667
2 0.447803879296875 0.4793393638888889 0.22705548828124997 0.33862102222222223
2 0.344860326953125 0.3830263888888889 0.03414458828124998 0.036420894444444386