7 0.6329872609375 0.7659234020833333 0.050345301562500035 0.05718231805555547
7 0.600122966015625 0.67642064375 0.02657113046874997 0.02237569027777771
7 0.5854389203125001 0.6453432972222223 0.027969612500000008 0.054696130555555555
7 0.5525746261718749 0.7522493687499999 0.020977208593750074 0.03480662638888895
7 0.47495895273437494 0.8204419708333335 0.01678176796874995 0.03977900277777782
7 0.264487623046875 0.9223756680555555 0.009789364843750014 0.019889500000000105
7 0.314832924609375 0.8751381020833334 0.004195441406249989 0.019889501388888835
7 0.3099382421875 0.8751381020833334 0.005593923437499981 0.019889501388888835
2 0.42741061249999995 0.9227308284722222 0.011187845312500055 0.009944751388889016
2 0.42391441171875 0.9214877340277777 0.009789364062500017 0.027348065277777778
2 0.41552352734375 0.9239739229166667 0.015383285937500001 0.03729281527777775
2 0.36657670625 0.9252170152777778 0.015383285937500001 0.024861877777777864
2 0.34210329609374995 0.9339186715277777 0.019578729687499984 0.027348065277777778
2 0.24980357656250002 0.9562943625 0.025172651562500016 0.042265191666666625
2 0.175684104296875 0.9674822069444445 0.02796961171875001 0.04972375555555557
2 0.5036278050781251 0.9246842402777777 0.18040399765625006 0.14171270277777775
2 0.21064611914062498 0.9607339618055556 0.05873618515624999 0.07458563194444455
2 0.395245558984375 0.9383582715277777 0.039157455468750026 0.0696132569444444
6 0.433703775 0.8669691805555555 0.006992403124999935 0.019889502777777717
2 0.023948958984375 0.9859510166666666 0.04614986015625 0.019889502777777717
2 0.27538321640625 0.9548784409722221 0.034118274999999976 0.031193851388888857
2 0.322173993359375 0.9418810034722223 0.022420580468749972 0.0363928263888888