7 0.69535451875 0.4151865708333334 0.02486617656250001 0.040806033333333304
7 0.6969485046875 0.44579109652777776 0.01147669687499997 0.022670020833333304
7 0.697267301953125 0.48092962499999997 0.024866177343750007 0.040806033333333304
6 0.547781151953125 0.4998739090277778 0.010201508593750042 0.022670018055555533
6 0.5777480820312499 0.49987390972222223 0.010201507812500043 0.027204022222222176
2 0.5966819792968749 0.5922542340277778 0.022315799218749977 0.030604523611111115
2 0.611027851171875 0.5916874847222222 0.014027074218750001 0.040806033333333304
2 0.621866953125 0.5928209874999999 0.012751885937499985 0.054408044444444435
2 0.6349376363281249 0.58885373125 0.01976542265625003 0.07367755972222222
2 0.64800831796875 0.6007554923611111 0.024228581250000047 0.0725440597222222
2 0.531328566796875 0.5865867305555555 0.020403016406249995 0.02607052222222216
2 0.407635278125 0.5990552416666667 0.034430090625 0.04193953611111109
2 0.16064477890625 0.6341583472222223 0.0745985296875 0.07027705833333336
2 0.08413346601562499 0.6443598555555555 0.08352484921875 0.07481106111111112
2 0.025967477734375 0.6545613645833334 0.05193495546875 0.0725440597222222
1 0.46979104921875 0.57171275 0.09181357499999994 0.14735511944444443
2 0.3090303546875 0.6372497041666667 0.1702376703125 0.1949621583333333
2 0.5590542468749999 0.5896426659722221 0.033154901562499985 0.06120905138888888
2 0.69471692421875 0.6077786805555555 0.08990079218750005 0.10881608888888894
2 0.8958779171875 0.6740884847222222 0.20530535624999996 0.28450873333333326