4 0.20601355429687498 0.5078165993055556 0.01911820234374999 0.09516615694444444
6 0.51949367578125 0.34349806666666666 0.016059289062500072 0.024471297222222195
6 0.46175670859375 0.3462171 0.013765104687499984 0.024471300000000005
2 0.41510829726562504 0.49984246666666665 0.019882928906250007 0.02990936388888888
2 0.3982842796875 0.5039210152777778 0.022941840625000022 0.0407854944444444
1 0.3623420625 0.47129262083333334 0.04741313906249998 0.03262839722222218
2 0.360047878125 0.5049097652777778 0.04282477031249998 0.051661627777777774
2 0.318370198828125 0.5044153909722222 0.07570807734375 0.07712167361111111
2 0.44149141445312506 0.49743242430555556 0.02523602578125006 0.036706945833333296
2 0.5378471499999999 0.4940336319444444 0.019118199999999953 0.04078549444444448
9 0.586407381640625 0.4552874138888889 0.08870845390625001 0.17265860000000008
2 0.49252733906249996 0.5032996326388889 0.06347242812500005 0.10740180694444443
2 0.646620041015625 0.5352482701388889 0.13918050546875005 0.1522658513888889
6 0.49596861523437497 0.4423479708333333 0.006117824218749934 0.01631419722222221