2 0.09129293125 0.5975207013888889 0.04678613593750001 0.04990521111111113
2 0.09525175859375 0.6275917888888889 0.051824643749999996 0.056303313888888894
2 0.145276933203125 0.5956012708333334 0.04966528203125 0.0358293833333333
2 0.15283469375 0.6269519798611111 0.054703789062499994 0.0473459708333333
2 0.189183921484375 0.6019993736111111 0.039588267968750014 0.030710900000000013
2 0.20357965625 0.6423074291666667 0.0755776046875 0.04990521111111113
2 0.251085577734375 0.6538240152777778 0.07989632421875 0.0473459694444445
2 0.26476152421875004 0.6122363402777777 0.0482257078125 0.051184833333333304
2 0.273398965234375 0.57320790625 0.02807168203125001 0.04990521250000002
2 0.22589304296875 0.6058382361111111 0.025192534375 0.02559241666666673
2 0.23201122929687495 0.5821652520833334 0.03167061484375 0.029431279166666654
2 0.35329528750000005 0.5898429756944444 0.01943424062500001 0.08061610972222219
2 0.40008142265625 0.5783263888888889 0.049665281249999985 0.04222748611111113
2 0.384246116015625 0.5981605118055555 0.05254442890625004 0.05118483194444442
2 0.39252366289062496 0.6410278069444445 0.08925355078124997 0.055023691666666645
2 0.4533456390625 0.5591320756944445 0.038148696875 0.03454975972222225
9 0.45766435859375 0.6026391826388889 0.08709419062499997 0.0831753513888889
2 0.5148874007812501 0.5623311284722222 0.04462677500000005 0.04606634861111106
2 0.513807719921875 0.5834448715277778 0.033829972656250006 0.04222748472222217
2 0.5282034546875 0.6205538736111111 0.07269845625000002 0.05502369166666673
2 0.564912576171875 0.5584922673611111 0.03670912109375006 0.048625590277777776
2 0.57714895 0.5802458201388889 0.03095082812499994 0.04094786527777777
4 0.61061903125 0.56553018125 0.02159360156250001 0.06014217638888889
2 0.66676239296875 0.5322600402777778 0.04750592187500002 0.04478672777777777
2 0.646248472265625 0.5917624076388889 0.05830272109374999 0.043507106944444415
9 0.739134962109375 0.5923878993055556 0.06399300546874995 0.037137640277777786
2 0.983468538671875 0.5092268659722222 0.03167061484375004 0.04734596805555553
2 0.9593556843750001 0.5175444006944444 0.06118186874999996 0.038388623611111054
2 0.8956545621093749 0.5156249715277778 0.0676599492187501 0.04990521249999994
2 0.827994612890625 0.5271415569444444 0.034549761718750106 0.0473459694444445
2 0.772211144140625 0.5297007986111111 0.041027841406249974 0.04478672777777777
2 0.72146618203125 0.5265017465277778 0.04174762812499999 0.05118483194444442
2 0.8109879878906249 0.5570373881944445 0.06424428984374994 0.05851204027777778
2 0.876711352734375 0.6479720298611111 0.23779187421874992 0.048511276388888865
2 0.695833599609375 0.58005624375 0.03976191953125001 0.05682749305555556
2 0.790950349609375 0.6278745006944444 0.11772646953124992 0.08039011249999999
2 0.9340152960937498 0.6077769736111112 0.1200654046875 0.07623200555555557
2 0.976895798046875 0.6043118819444444 0.04366014609374993 0.05266938333333337