6 0.5380658359374999 0.3415020631944444 0.012005932812499953 0.06403163750000004
6 0.531562623046875 0.4677866791666667 0.01100543828124998 0.04980238333333339
6 0.5092516101562501 0.34950601875 0.00800395468750006 0.023122534722222178
6 0.502748398046875 0.35039534652777776 0.007003460156249997 0.021343879166666628
6 0.5857894269531251 0.39308310347222225 0.007003460156249997 0.01422925416666661
6 0.5717825062499999 0.4348815326388889 0.009004448437500034 0.023122534722222178
6 0.804897683203125 0.4055337 0.009004449218750033 0.017786566666666677
6 0.6107017296875 0.40909101249999996 0.010004943750000005 0.014229252777777803
7 0.46172813046875005 0.3717392263888889 0.009004448437500034 0.014229252777777725
7 0.522758284765625 0.38863646250000006 0.009004449218750033 0.023122536111111064
7 0.544769159375 0.42243093749999994 0.021010381249999988 0.04802372499999995
7 0.5597765742187499 0.3699605680555556 0.013006426562500017 0.021343880555555552
7 0.5577755859375 0.3868578041666666 0.011005437499999982 0.016007908333333317
7 0.8498199035156251 0.4215416097222222 0.014006921093749902 0.021343880555555552
7 0.97037946953125 0.4259882493055555 0.017008403125000092 0.02667984861111113
7 0.8076490445312501 0.4575594041666667 0.010004943749999917 0.016007908333333317
2 0.42370934687500006 0.45385387777777775 0.039019279687499964 0.055138355555555546
2 0.38218883125 0.47341910000000004 0.05802867031250001 0.10849805277777773
2 0.509251612109375 0.4422926118055555 0.034016807031250006 0.0533596958333333
2 0.82690856015625 0.47430842916666666 0.03901927968749987 0.04624506944444443
2 0.869705155078125 0.4903163375 0.04657391328125016 0.05335969722222226
1 0.98015096015625 0.5081029041666666 0.038018784374999906 0.10671939444444445
2 0.958140084375 0.4760870868055556 0.018008896874999892 0.028458506944444413
6 0.6236081152343751 0.44021750277777777 0.009004449218749943 0.01956522222222227
1 0.7226904109375 0.46719380486111106 0.14607217187499993 0.2098814763888889
4 0.46247850078125 0.46511869375000003 0.014006920312499994 0.05691700972222225
4 0.4429688621093749 0.4740119777777778 0.015007414843749966 0.06403163611111111
2 0.5845888218749999 0.47667996180555555 0.01900939218750004 0.02490119027777777