7 0.66584328359375 0.32266694444444444 0.031324225000000004 0.0965772722222222
2 0.5017193761718749 0.45994918541666663 0.012053575781250015 0.032142870833333365
2 0.4909572546875 0.4614797986111111 0.02496812343750001 0.03520409722222229
2 0.469863495703125 0.46913286319444436 0.030994911718750018 0.03826532361111114
2 0.422940642578125 0.46224510555555554 0.019802305468749993 0.03979593611111112
2 0.31144505625 0.47908184861111114 0.03788267031250001 0.061224516666666694
2 0.6278514480468751 0.4469389763888889 0.03013394296874994 0.033673486111111116
2 0.653250056640625 0.4484695888888889 0.020663274218749982 0.027551033333333346
2 0.792382770703125 0.45765326805555556 0.036160730468750034 0.052040838888888885
2 0.9433107749999999 0.4438777520833333 0.05079721718750001 0.06428574305555554
2 0.244203317578125 0.5081634944444444 0.14378195078124997 0.1377551638888889
2 0.09126279609375 0.5250002361111111 0.17994268281249998 0.30000013611111115
2 0.369356033984375 0.4821430736111111 0.07490437109374999 0.09795922777777777
2 0.575127808984375 0.4630104118055556 0.03874363984375 0.05969390416666664
7 0.7006309703125 0.38116447291666666 0.02496812343750001 0.010714290277777788