2 0.010152789453125 0.7384442840277777 0.01638098046875 0.22465347361111102
2 0.9824810980468751 0.7769265916666667 0.032761964843749956 0.18097085277777777
2 0.8327121171874999 0.5761945534722221 0.33229992656249996 0.3120187125
2 0.13085893867187498 0.5533131826388888 0.26171787734374996 0.3369802097222222
2 0.2757587171875 0.558513492361111 0.08424505 0.16016960694444443
2 0.3161261390625 0.5377122458333333 0.07839470156250003 0.11440686111111115
2 0.36468405 0.530431807638889 0.07722462968749996 0.10400623749999996
2 0.639650540234375 0.5741144291666667 0.13338799921874997 0.14976898055555554
2 0.5706163996093749 0.5585134916666666 0.07488448984375004 0.10192611388888888
2 0.5460449265625 0.5345920576388888 0.05850350781250002 0.07904474027777779
2 0.512697926171875 0.5273116222222222 0.029251752343749972 0.06032361944444449
4 0.488711487890625 0.5283516847222223 0.018721121093749994 0.06656399444444448
4 0.462969944921875 0.5293917472222223 0.011700703906249998 0.06448386944444451
4 0.47350057617187497 0.5304318083333333 0.016380982031250026 0.08736523888888893
2 0.48988155859375004 0.5231513715277777 0.021061262499999955 0.043682618055555546
2 0.42845287460937503 0.5221113111111111 0.015210911718749998 0.02080124722222223
2 0.40095622578125 0.5200311833333333 0.01170070156249996 0.03328199444444443
2 0.407976646875 0.5179510583333333 0.011700701562500004 0.029121744444444413