7 0.677158344921875 0.45867155277777777 0.01977537890624994 0.011718741666666688
7 0.74175790859375 0.5032027715277778 0.011865225000000024 0.0351562236111111
7 0.7437354472656249 0.4692184208333333 0.015820302343750026 0.032812477777777835
7 0.74637216328125 0.4399215666666666 0.015820301562500028 0.025781230555555527
7 0.63563005234375 0.43992156527777776 0.021093735937499948 0.016406238888888838
7 0.67518080625 0.4821090368055555 0.04218747031249999 0.03515622638888887
7 0.624424005078125 0.4680465458333333 0.04086911171874998 0.04921871666666667
7 0.71407238046875 0.5278121291666666 0.011865225000000024 0.03281247777777775
7 0.46490263125000003 0.46218717430555556 0.01450194531250002 0.02343748472222226
2 0.66529311796875 0.5524214881944445 0.014501942187500028 0.030468726388888947
2 0.6521095332031249 0.5559371111111111 0.014501942968750025 0.023437483333333377
2 0.625083183984375 0.5500777388888889 0.013183585156249933 0.021093733333333375
2 0.61058124140625 0.5453902423611112 0.023730451562500043 0.03046872638888887
2 0.565757053125 0.5324996270833334 0.026367168750000048 0.028124981944444412
2 0.691001107421875 0.5641402305555556 0.058007771093750014 0.06796870277777774
2 0.8122900871093751 0.6074995743055556 0.15820301640625 0.17812487638888888
2 0.37591343359375 0.5606246083333334 0.16347645000000002 0.182812375