4 0.33775507656250003 0.3368198506944444 0.008264056249999995 0.03591294027777777
4 0.24868690429687498 0.33681985 0.013773428906250018 0.05550181666666667
4 0.15181378828124997 0.3425332729166667 0.020201029687499993 0.08978235138888889
4 0.14033593125000002 0.34498188125 0.013773428124999997 0.08162031805555554
4 0.07651904453125 0.3302902236111111 0.0220374859375 0.05550181666666671
4 0.057695357421874996 0.3302902236111111 0.024792171093749992 0.05550181666666671
4 0.22940410390625 0.3294740201388889 0.015609885937500012 0.040810156944444426
4 0.31158556171875 0.34171706875 0.01836457031250003 0.05876662916666666
4 0.264755905078125 0.3392684590277778 0.012855200781249998 0.057134223611111104
4 0.272560846875 0.32620920833333333 0.008264056249999995 0.03101572222222223
5 0.285175564453125 0.34805236041666665 0.02203748671875001 0.08651753749999998
0 0.28747113515625 0.37253845625 0.02662862812500002 0.06692866249999996
4 0.65791078203125 0.32795044236111115 0.008264056249999995 0.024486095833333325
4 0.665715724609375 0.3312152555555556 0.009182285156250015 0.037545347222222206
4 0.682243838671875 0.33366386388888886 0.009182285156250015 0.04570737777777778
4 0.6900487828124999 0.33448006874999997 0.010100514062500033 0.05060459861111109
4 0.699690182421875 0.33529627361111114 0.01101874296875005 0.05550181666666671
4 0.708413353125 0.3328476631944444 0.011936971875000068 0.06366384861111109
4 0.727237039453125 0.33611247569444447 0.014691657031250038 0.0669286625
4 0.77268935390625 0.33448006874999997 0.015609885937499967 0.0701934736111111
4 0.76029326875 0.3418258965277778 0.018364571875000023 0.09467956805555558
4 0.788299241015625 0.3369286784722222 0.021119257031249995 0.08488513194444443
4 0.802531783984375 0.3377448819444444 0.018364571093750025 0.08325272499999999
4 0.8599210703125 0.34672311527777777 0.028465085937500058 0.13059250833333336
4 0.9852592726562499 0.33872432152777776 0.028465085937500058 0.1322249152777778
6 0.427960108984375 0.2596692152777778 0.006427600781249954 0.017956469444444463
6 0.66925746640625 0.22130766736111113 0.009182285937500012 0.026118501388888878
7 0.8377305550781251 0.11290810347222223 0.027546857031249948 0.0506045986111111
7 0.837883584765625 0.14773277777777777 0.042238514843749894 0.04733978333333333
4 0.5286242078125 0.32468562986111116 0.0064276000000000446 0.02122128194444445
4 0.53413357890625 0.3328476625 0.010100514062500033 0.037545347222222206
4 0.42624172109374997 0.33856108472222224 0.012855201562499996 0.04244256666666663
4 0.349385976953125 0.33872432291666665 0.014691657031249994 0.05386940972222219
2 0.5492384359375 0.3330109013888889 0.03241348593749995 0.03917775277777776
5 0.48115177851562496 0.3232164618055555 0.011936971093750071 0.02938331527777779
3 0.48190306601562494 0.3321436840277778 0.01469165703124995 0.026118501388888878
2 0.5858298375000001 0.3321946965277778 0.04407497187499994 0.07182587916666669
2 0.5091577503906249 0.3354595083333333 0.04315674296875001 0.0652962555555556
2 0.4540640355468749 0.3379081208333334 0.04132028671874997 0.06692866111111112
2 0.392149194140625 0.3438547472222222 0.05233903046875001 0.06366384999999997
2 0.639677395703125 0.3446709506944445 0.04499320078125004 0.05876662916666666