2 0.48906726054687494 0.5530801895833334 0.07197862578125003 0.12369659861111112
2 0.42968489492187506 0.555212892361111 0.04198753203125003 0.08530800138888889
2 0.40449237578124997 0.5744071909722223 0.04438681875000006 0.07251180138888892
2 0.38889700781250003 0.5850706923611111 0.049185393750000014 0.11090040138888892
2 0.337912147265625 0.5829379902777778 0.09597150078125001 0.17061600000000002
2 0.223945990234375 0.6191938923611111 0.24232803828125 0.28151640138888895
2 0.12497538085937501 0.6575824902777777 0.24832625703124997 0.3668244
7 0.534053901953125 0.5232223909722222 0.010796794531250065 0.021326998611111175
2 0.57964036328125 0.5733408416666667 0.06358112031249999 0.07890990277777771
2 0.6468204140625 0.5925351416666668 0.11156687031250004 0.1386255
2 0.750589598828125 0.6106630909722223 0.14875582578125002 0.17914680138888892
2 0.901087140234375 0.6586488402777778 0.19782571953124997 0.2793837027777778