7 0.560181219921875 0.2080591347222222 0.04282477109374998 0.024471297222222237
7 0.837012775 0.1054156375 0.032118578125000144 0.12371600555555556
7 0.9127208507812501 0.1332857263888889 0.05964878749999993 0.08972809166666665
7 0.9673989078125 0.29846698541666666 0.014529832812499954 0.05302114583333335
7 0.560563583984375 0.24204704791666667 0.020647657031250065 0.04350452916666667
7 0.575858145703125 0.26583858958333334 0.025236024218749976 0.020392748611111088
4 0.61178244140625 0.39290027777777775 0.014529832812500042 0.05709969444444446
4 0.6354890097656251 0.40513592638888885 0.016059288281249983 0.08972808888888888
4 0.6450481117187501 0.42280964236111107 0.01376510625000007 0.07613292638888894
4 0.6519306632812499 0.4629153805555556 0.03517749062499993 0.20256796388888887
4 0.6783137800781249 0.4595165875 0.049707322656249976 0.22839877777777778
4 0.74637457734375 0.4513594902777778 0.04053058749999998 0.17673714999999998
4 0.7674045980468749 0.44048335763888896 0.03517748984375002 0.1495468208333333
4 0.799140812890625 0.43572505 0.03900113046874996 0.12099697222222222
4 0.8442597671875 0.3996978604166666 0.013000378125000012 0.08429002638888893
4 0.8870845382812501 0.37590632083333336 0.013000378124999833 0.0339879111111111
4 0.9023790996093751 0.3527945416666667 0.03288330703125002 0.06661630833333333
2 0.454901635546875 0.5225075159722222 0.36324582421875007 0.5655588791666666
2 0.8618664367187499 0.5914427979166667 0.2745373703124999 0.538368548611111
9 0.1439690171875 0.4283008131944444 0.287938034375 0.8564954152777777
6 0.8183388031250001 0.26602959374999996 0.008933829687500072 0.039705909722222224