6 0.3184785984375 0.4701198916666666 0.00956392187499997 0.02890429444444441
6 0.464328407421875 0.46756951458333335 0.008607530468750024 0.0306045513888889
6 0.17406337890625 0.5126262125 0.007651137500000016 0.028904297222222257
6 0.09563921796875 0.47522064930555563 0.009563921874999992 0.03910580972222222
6 0.45524268125 0.46535918055555553 0.009563920312499974 0.028904297222222257
7 0.240532635546875 0.46756951249999995 0.03538651015625001 0.017002525000000032
7 0.17693255546875003 0.45481761666666676 0.019127845312500003 0.011901772222222225
7 0.187452868359375 0.5083755805555555 0.013389489843750014 0.02380353888888891
7 0.49493295742187493 0.48202166249999995 0.020084236718750058 0.03230480277777777
7 0.5322322542968749 0.5270783618055556 0.01625866640625002 0.013602023611111097
7 0.40025013125 0.5245279826388889 0.03156094218750001 0.02550379305555555
2 0.418421583203125 0.5976388527777778 0.02199702265625003 0.03570531111111113
2 0.442809583984375 0.611240875 0.026778980468749936 0.035705308333333366
2 0.5599676273437499 0.6333441611111111 0.05642714218750004 0.045906824999999984
4 0.054036158593749994 0.5619335451388889 0.021997020312500004 0.06290935694444444
4 0.07794596406250001 0.5670343013888888 0.0200842375 0.06290935555555556
4 0.028691764843750002 0.5933882194444444 0.0191278421875 0.10541566944444448
4 0.09563921875 0.59423835 0.015302273437500003 0.0935139027777778
4 0.21710102656250002 0.5857370833333333 0.017215059375000008 0.0731108694444444
4 0.18123631875 0.5874373354166667 0.014345881250000003 0.06971036527777777
4 0.11094149375 0.59933910625 0.015302274999999987 0.09691440972222219
4 0.154935534375 0.5797861972222222 0.01530227500000001 0.07821162499999998
2 0.320391383203125 0.6622484555555556 0.19701679140625003 0.3077457527777777
2 0.485934178515625 0.6493540715277777 0.10155146640625005 0.11193170138888896
4 0.00821628046875 0.5992859729166666 0.0164325609375 0.12581870694444447
2 0.767466057421875 0.72500025 0.4595995070312501 0.5436009222222222