7 0.647272408984375 0.37086022916666667 0.021445771093749944 0.06931966944444447
7 0.6877269355468749 0.3864571548611111 0.024370196093749998 0.0415918013888889
7 0.508849695703125 0.42284998124999995 0.00974807890624998 0.017329918055555598
9 0.084808282421875 0.5008346090277779 0.16961656484375 0.22182294027777777
9 0.139884926953125 0.44364588194444443 0.11405251953125002 0.1490372888888889
2 0.327535436328125 0.5216305097222222 0.12672501953125 0.1074454861111111
4 0.853444269921875 0.4930361465277778 0.010722888281250143 0.04332479305555555
2 0.8280992656249999 0.49823512152777777 0.04386635468750004 0.0329268430555555
2 0.290980141015625 0.4748397326388889 0.07895943359374998 0.045057784722222195
2 0.3675025578125 0.4774392201388889 0.04484116093749999 0.046790776388888844
2 0.40357044804687503 0.48697067499999996 0.031193850781249966 0.03119385000000005
2 0.42306660507812505 0.48610417916666665 0.03119385078125001 0.036392825
2 0.44646199257812497 0.4843711868055556 0.03899231171875002 0.039858809722222256
2 0.4781432484375 0.4826381951388889 0.034118274999999976 0.04332479305555555
2 0.49958902109375 0.48263819513888884 0.032168659375 0.032926843055555585
2 0.5224970062500001 0.48263819375 0.03509308437500005 0.039858806944444485
2 0.54637979765625 0.48523768333333334 0.026319812499999973 0.027727866666666677
2 0.5610019152343749 0.48610417916666665 0.03411827421874998 0.0329268416666667
2 0.5765988410156251 0.4817716993055555 0.018521349218749972 0.031193851388888937
2 0.5956075937499999 0.48523768472222223 0.017546540624999985 0.020795902777777778
2 0.61510375078125 0.49043665833333333 0.019496156249999962 0.017329916666666632