7 0.16676481953125002 0.37191201805555557 0.023823545312499993 0.013235302777777729
7 0.255358630078125 0.3745590791666667 0.02829046015625001 0.013235302777777807
7 0.21738985390624999 0.41161792847222217 0.01786765937500001 0.00794118194444443
7 0.30583478125 0.4407355944444444 0.014889715624999989 0.013235302777777807
7 0.612116235546875 0.39441203402777775 0.01935663046874998 0.01058824305555556
7 0.9242046929687501 0.26735312361111113 0.022334573437500005 0.037058849999999983
7 0.9361164656250001 0.3136766847222222 0.019356631249999978 0.039705908333333345
6 0.290349462890625 0.3652943673611111 0.0059558867187499585 0.021176484722222198
6 0.1622979046875 0.4208826402777778 0.014889715624999989 0.02117648611111112
6 0.177932106640625 0.3427943513888889 0.007444858593750015 0.03441178888888889
6 0.294816377734375 0.3666178972222222 0.005955886718750003 0.029117666666666667
6 0.32414912539062496 0.4314708826388889 0.0044669148437499915 0.021176484722222236
6 0.464856941796875 0.3600002451388889 0.005955886718750048 0.021176484722222236
4 0.1637868765625 0.47647091319444446 0.014889715625000011 0.04764709027777777
4 0.1444302453125 0.47779444375 0.01786765937499999 0.050294151388888826
4 0.62268794296875 0.48573562569444445 0.023823545312500017 0.07147063749999995
4 0.871346201171875 0.4605885493055556 0.0208456023437499 0.052941212500000036
2 0.30330352226562496 0.48176503472222215 0.013400744531249975 0.015882363888888938
2 0.316704266796875 0.4791179743055556 0.013400744531250019 0.02647060694444442
2 0.355417528515625 0.47779444375 0.013400744531250019 0.02382354583333337
2 0.3755186453125 0.4645591409722223 0.03573531874999998 0.06617651527777776
2 0.395619762109375 0.4738238527777777 0.05211400546875002 0.07941181944444445
2 0.608542690234375 0.4579414888888889 0.07593755234374999 0.09529418333333331
2 0.538561025 0.48308856527777777 0.06104783593749996 0.12441184999999998
2 0.790495015625 0.48705915625 0.14145230312500007 0.11647066805555555
2 0.110183898828125 0.5148532923611111 0.053602977343750004 0.11382360694444442
0 0.143685759765625 0.5095591715277777 0.031268403906250006 0.02382354583333329
2 0.33546530703125 0.47779444375 0.025312517187499984 0.039705909722222224
2 0.466792598046875 0.5016179888888889 0.12656258671875004 0.16676481944444446
1 0.27024834609375 0.4645591402777777 0.052114006250000025 0.09264712222222227
2 0.9132359097656251 0.5051474006944444 0.17272070546875007 0.26735312361111113