7 0.578014228515625 0.3692218625 0.01462586484374997 0.029121722222222205
7 0.42707529101562497 0.39678349583333333 0.015795935156249996 0.007280430555555582
7 0.514245453125 0.40198380347222223 0.013455796875000026 0.009360551388888893
6 0.4452113656250001 0.3910631597222222 0.005265310937500001 0.014560863888888933
6 0.50166720859375 0.3962634659722222 0.0046802781250000255 0.01456086249999997
2 0.5081025890624999 0.4201848805555555 0.03627214843750002 0.029121722222222247
2 0.5388169078125 0.4222650083333333 0.018136074999999963 0.02704160555555559
2 0.5531502578125 0.42278503749999996 0.018721109374999934 0.03640215555555552
2 0.571871365234375 0.42694528125 0.032761941406250016 0.042642523611111156
2 0.41829977265624996 0.4201848819444445 0.029836768749999985 0.03952233611111116
2 0.32820443671875 0.4217449743055556 0.031006835937500022 0.05512326250000004
2 0.305388084765625 0.43110552916666667 0.03100683671875002 0.046802769444444434
2 0.28520438828125 0.4331856534722222 0.03159187031249999 0.050963018055555566
2 0.253612519140625 0.4337056840277777 0.04680277265625001 0.06864406527777783
2 0.06289122500000001 0.45762710069444446 0.09360554375 0.10608628194444442
2 0.014918382421875001 0.48154851527777776 0.02808166171875 0.11232665277777783
2 0.377054828125 0.42018488333333326 0.06435380937499997 0.09152541944444445
2 0.46890526796874993 0.42226500624999996 0.04797284062499996 0.062403695833333314
2 0.16702739140625 0.4383859604166667 0.14157838437500003 0.1424884402777778
1 0.61077616953125 0.3921032194444445 0.048557875000000014 0.18929120833333332
1 0.687708225390625 0.3817026041666667 0.14040831484374997 0.30577810833333335
1 0.86555875703125 0.36454159027777777 0.26560572968750007 0.6521186166666666