2 0.362812373828125 0.4343301972222222 0.02953123984374999 0.024374991666666623
9 0.33960925625 0.43245519722222225 0.018984368750000025 0.0393749861111111
9 0.41132798125000003 0.43526769583333336 0.04429685937499994 0.07874997499999997
2 0.41291001210937506 0.47772304583333336 0.039023424218750026 0.05437498333333334
2 0.36281237304687497 0.47303554583333335 0.042187485156249996 0.06749997500000002
2 0.26736318828125 0.4608480506944444 0.007382810937499995 0.0356249875
2 0.298476458203125 0.47049090208333333 0.06539060234375 0.12562495694444445
2 0.47566389609375 0.4992855375 0.09914059062499998 0.1274999555555556
2 0.62746351015625 0.5611605194444444 0.2583983484375 0.3112498916666667
2 0.92789867890625 0.6220979972222223 0.14238276406249994 0.25312491388888886
4 0.04324217265625 0.46834805208333324 0.016874993750000004 0.08437497083333333
4 0.009492183984375 0.4640623222222222 0.01898436796875 0.08437497222222222
4 0.19353508867187502 0.45401769722222224 0.011601558593750005 0.04499998611111111
4 0.200917898828125 0.46245519305555555 0.013710933593749997 0.04312498611111108
5 0.1724413453125 0.4704909027777778 0.020039054687500002 0.08062496944444446
0 0.175078063671875 0.4836159 0.025312491406250005 0.05062498333333336
0 0.23203116875000002 0.4770534027777778 0.021093742187499976 0.03749998888888892
5 0.22992179453125 0.46272305 0.01687499374999999 0.06562497777777783
4 0.51604335390625 0.4542855534722222 0.010546871875000008 0.026249993055555542
4 0.5260628804687499 0.46366054791666667 0.009492182812499994 0.03374998749999997
4 0.5366097515625 0.4711605465277778 0.011601556250000034 0.044999984722222226
4 0.5603402121093749 0.4674105486111111 0.008437496093749974 0.022499991666666594
7 0.10388668203125 0.3115177416666667 0.02214842968749999 0.018749997222222228
7 0.12498042499999999 0.3283927340277778 0.013710932812499998 0.018749993055555574
7 0.1207616765625 0.3415177298611111 0.030585926562499987 0.018749993055555574
6 0.103886681640625 0.38839271319444446 0.02003905546875 0.022499990277777788
6 0.23835929140625 0.40808020486111113 0.008437496874999973 0.01687499305555554
7 0.237831947265625 0.37526771875 0.015820307031250015 0.011249998611111067
7 0.24363272695312502 0.3846427152777778 0.01054687109375001 0.014999994444444473
7 0.278437401953125 0.4048659263888889 0.012656244531250005 0.028124988888888917
7 0.47830061445312494 0.4095534256944445 0.009492185156250077 0.022499990277777708
7 0.5995896335937501 0.3827677152777778 0.020039054687500002 0.014999994444444473
7 0.5879880753906249 0.40433020555555554 0.015820307031250015 0.016874994444444427
6 0.27949208984374996 0.27870525138888885 0.008437496875000016 0.03562498611111112
6 0.289511616796875 0.2768302513888889 0.009492185156250032 0.03562498611111112
6 0.45457015390625005 0.30870524097222224 0.006328123437500022 0.0356249875
6 0.445605312890625 0.3096427402777778 0.007382810156249952 0.033749988888888895
4 0.07382809921875 0.5124105375 0.035859362500000005 0.17624993888888885