2 0.15401963945312497 0.6464059152777778 0.29634158515625 0.3015405611111111
2 0.327535435546875 0.58228521875 0.037042696093749994 0.06931966805555557
2 0.355804864453125 0.5718872708333333 0.025345003906249986 0.03812581944444441
2 0.29390456484375005 0.5978821458333333 0.06141289374999999 0.11784343888888885
5 0.385049099609375 0.5614893194444445 0.007798463281250001 0.017329916666666632
3 0.384561694921875 0.5779527395833333 0.008773269531249994 0.02252889305555554
3 0.52054738984375 0.6949296833333334 0.06238770156250002 0.1698331888888889
5 0.515673350390625 0.5978821465277778 0.07018616484375002 0.24608482638888893
4 0.46985738242187497 0.56928778125 0.011697694531249959 0.07451864583333329
2 0.36945217421875 0.5562903444444445 0.011697693750000005 0.013863933333333339
2 0.4586470921875 0.5666882944444445 0.010722885937499971 0.024261883333333303
2 0.40357044804687503 0.5519578645833333 0.01559692578124996 0.015596926388888951