6 0.325311208984375 0.18829382638888886 0.017022099218749975 0.08237855277777777
6 0.353208537109375 0.19333741180555555 0.021750458593749977 0.0857409375
6 0.7644813652343749 0.26041709097222226 0.017022099218749975 0.0655666013888889
7 0.21939593203124996 0.40516796527777776 0.015130754687500003 0.062204208333333275
7 0.189607259765625 0.3127022486111111 0.01796776953124999 0.02521792500000003
7 0.19008009609375 0.23945018125 0.02269613125000003 0.07733496527777778
7 0.7539033316406251 0.3968820791666666 0.019859114843750005 0.08910333055555554
7 0.74181223203125 0.4141743743055555 0.01702209687500007 0.0386674819444444
6 0.5664576 0.47729124236111115 0.009456721874999996 0.02185553472222226
6 0.49836920781249994 0.4883871145833333 0.007565378124999978 0.016811948611111186
2 0.46227606328125 0.5273348041666667 0.019859114062500006 0.030261508333333294
2 0.44147127734375 0.522291220138889 0.023641801562499953 0.040348676388888866
2 0.400334540234375 0.5214506215277778 0.03215285234374998 0.02185553472222218
4 0.34800733984375 0.5151181270833334 0.011348064062499974 0.030261509722222257
4 0.374486159375 0.5134369305555555 0.007565378124999978 0.01344956111111115
4 0.36219242265625 0.5117557368055555 0.007565376562500026 0.016811948611111106
4 0.30687060312500003 0.5125963333333333 0.012293737500000023 0.02858031111111114
4 0.271880734375 0.49998737499999996 0.008511048437499991 0.023536730555555527
4 0.228379816796875 0.5394954527777778 0.01418508203125004 0.09582810833333334
4 0.273456859375 0.5403360506944443 0.009771954687500006 0.08742213194444438
4 0.253440129296875 0.5430259451388889 0.020804786718750013 0.10423408194444445
4 0.23310817734375 0.5447071402777777 0.019859114062500006 0.1143212527777778
4 0.177313521875 0.5573161027777778 0.03688121249999998 0.16307590277777778
4 0.11489916289062499 0.5151181270833334 0.025533146093749993 0.08742213194444438
4 0.09456721328125 0.50923394375 0.013239410937500007 0.0857409375
4 0.08700183593750001 0.5210023083333334 0.0170220984375 0.08237855000000004
4 0.778887107421875 0.5741280534722222 0.015067724218750023 0.05884182083333332
4 0.7916851953125 0.5802924409722222 0.014185082812500038 0.06556659861111108
4 0.8676541714843751 0.5791716361111111 0.016076427343749877 0.0806973555555555
4 0.9831837855468748 0.639974857638889 0.030261507031250013 0.1445827597222222
2 0.559365059375 0.5329387784722223 0.03498986718750006 0.07901615972222223
2 0.5262665359375 0.5186486208333333 0.012293737500000023 0.0134495583333333
2 0.57685999375 0.5674032729166667 0.03593554062500006 0.07733496527777778
2 0.7294509484375 0.6027083652777777 0.09200037812500002 0.13785797777777778
2 0.42294003789062506 0.5564755048611111 0.07849078671875001 0.12440842083333328
2 0.321280284765625 0.5724468555555556 0.08700183515625 0.10255288888888887
2 0.5063398738281251 0.5761695055555556 0.10213258828125005 0.19405792777777775
2 0.6283315773437501 0.5857763326388888 0.10780662187500001 0.16475709861111112
7 0.421769766015625 0.48838711250000005 0.009456722656249994 0.020174338888888834
7 0.32625688203125003 0.4740969548611111 0.007565378124999978 0.028580312499999948
6 0.16470455859375002 0.4160156777777778 0.012924190625000009 0.036586005555555565
6 0.15256843007812498 0.4124531444444445 0.02458747578125 0.04034867777777775