2 0.50509247109375 0.41082463611111114 0.046802806250000016 0.06864411666666667
2 0.61098382109375 0.41706501041666666 0.05967357812499996 0.08112486527777776
2 0.43664336640625 0.3796227659722222 0.024571473437499946 0.03952236805555553
2 0.543119751171875 0.39938395 0.026911613281250003 0.04992299444444449
2 0.4752556816406249 0.38586313958333335 0.017551052343749964 0.03536212083333336
2 0.46531008515625 0.37442245416666664 0.014040842187499968 0.024961497222222247
2 0.45477945390625 0.37130226736111116 0.007020420312499986 0.022881370833333314
2 0.042329719921874995 0.28289696527777775 0.07137428046875001 0.024961497222222205
2 0.20379940273437497 0.31825908611111114 0.036272174218749995 0.024961497222222205
7 0.5811470324218749 0.1778506652777778 0.17083024453125004 0.15184910555555553
7 0.6285348734375 0.31305877361111106 0.038612315625000004 0.060323616666666684
7 0.68060299609375 0.3244994576388889 0.05616336875000005 0.07904474027777775
7 0.40212629531250005 0.3349000833333333 0.023401403125000053 0.02080124722222223
7 0.419677348828125 0.33906033333333335 0.016380982031250026 0.02080124722222219
7 0.71219488984375 0.3993839513888889 0.02574154375000006 0.05408324444444443
2 0.41090182265625 0.36610195416666663 0.01287077187500003 0.016640997222222214
7 0.9143785398437501 0.45034700625 0.0393054062500001 0.04784286805555556
7 0.2990039078125 0.28776315902777777 0.043963815625 0.01953947361111111
7 0.347963612109375 0.29575658055555554 0.013988486718749993 0.021315788888888913