2 0.331567154296875 0.41015596875 0.014501942968750025 0.02343748472222226
2 0.3111325984375 0.41953096180555555 0.01845701718749999 0.03281247916666664
2 0.2900388625 0.4253903326388889 0.018457018749999988 0.03046872916666664
2 0.24719221210937503 0.4335934534722223 0.027685527343750006 0.04218747083333333
2 0.27224102421875 0.43593720208333336 0.03823239687500002 0.046874968055555556
2 0.34145484335937504 0.4078122201388889 0.007910150781249969 0.02343748472222226
2 0.3500241734375 0.40781221944444446 0.009228509375000016 0.018749986111111148
2 0.36979955039062495 0.41249971597222224 0.03295896171875001 0.01874998750000003
2 0.39418918203125 0.4113278416666667 0.018457018749999988 0.011718741666666688
2 0.41330538007812495 0.41249971597222224 0.014501942968750025 0.01874998750000003
2 0.433739936328125 0.42070283611111103 0.02109373515624995 0.04453121944444444
2 0.46076628476562503 0.43359345 0.032958961718750054 0.03749997222222221
2 0.36914037148437495 0.5449215006944444 0.18457018671875 0.25546857638888887
6 0.22675765625 0.28664043055555555 0.007910150000000015 0.035156224999999985
6 0.21752914687500002 0.28781230416666664 0.007910151562499967 0.03281247777777779
6 0.4040768703125 0.3053904159722222 0.009228509375000016 0.03046872916666668
6 0.41132784335937506 0.30890603958333335 0.007910150781250014 0.02812497916666668
7 0.16611316757812503 0.34570288541666666 0.01318358515625 0.011718743055555534
7 0.17204578046875 0.35624975416666665 0.01977537812500001 0.014062488888888877
7 0.5675533203125 0.2889306222222222 0.014501942187500028 0.03151333333333331
6 0.555028915625 0.362109125 0.018457017187500036 0.025781230555555566
6 0.39287082421875 0.36914037083333334 0.005273435937500004 0.025781230555555604
6 0.33486305078125 0.36562475069444444 0.005273434375000008 0.02343748472222222
4 0.6407222156250001 0.43945282291666665 0.018457018749999943 0.08203119305555553
2 0.913490575390625 0.49218716041666666 0.17006824296875003 0.3890622319444445
2 0.048297805468749996 0.4658692611111111 0.050688785937499994 0.05100758333333333
7 0.48760062734375004 0.35648634166666665 0.012433098437500067 0.006801011111111145
4 0.49907733359375006 0.42704683194444437 0.010520314062500003 0.05270783611111109