2 0.49541115390625007 0.43356445763888884 0.01912784375000003 0.017002526388888918
2 0.4777178984375 0.4369649631944444 0.012433098437499979 0.017002526388888918
2 0.5484909210937501 0.4454662277777778 0.018171451562499996 0.030604550000000015
2 0.5910503726562499 0.4446161013888889 0.017215059374999963 0.02210328611111115
2 0.608743627734375 0.44886673333333327 0.025822588281249993 0.030604550000000015
2 0.634088021484375 0.4616186298611111 0.038255688281249964 0.042506320833333354
2 0.409814053125 0.4446161013888889 0.018171451562499996 0.02210328611111115
2 0.38590424843750004 0.45141711250000005 0.02964815781250003 0.03230480277777777
2 0.34525758046875 0.4565178708333333 0.019127843749999984 0.03230480277777777
2 0.3261297359375 0.4531173652777778 0.024866196875000003 0.039105813888888875
2 0.296481579296875 0.4573679972222222 0.042081258593750004 0.05100758333333333
2 0.25631310585937495 0.4616186291666666 0.03825568828125001 0.05270783611111109
2 0.19749498593749998 0.4667193868055556 0.07938055 0.07311086805555551
2 0.065643284765625 0.4647162791666667 0.08155417734374999 0.06978474444444448
2 0.9710250078125 0.4757307340277778 0.05451435625000016 0.04420657083333334
2 0.94663700703125 0.5063352833333333 0.10329035781250014 0.06120910000000003
7 0.23957624296875002 0.33579992291666666 0.029648157812499985 0.04930732916666669
7 0.639348178125 0.3978591506944445 0.023909804687500015 0.017002526388888918
7 0.6068308437500001 0.41401155208333335 0.010520314062500003 0.01190177083333334
6 0.56283680234375 0.40636041319444444 0.008607529687500027 0.017002526388888838
6 0.53429734609375 0.4172786020833333 0.006310598437500037 0.01682826249999994
1 0.45120779804687505 0.42195311874999997 0.03996712421875 0.04861498194444446