2 0.316426276171875 0.3784253020833333 0.019133863281249976 0.0340157569444444
2 0.37681753359375003 0.3762993166666667 0.027504929687499978 0.034015758333333285
2 0.3466817015625 0.3767245152777778 0.027504929687499978 0.05102363611111112
2 0.29406357656250004 0.38203947777777775 0.03707186093749999 0.04889765277777782
2 0.404681225390625 0.3916064097222222 0.031092528906249937 0.03826772777777781
2 0.0108715171875 0.4668046645833333 0.021743034375 0.1615748486111111
7 0.159050241015625 0.34122056666666667 0.019133863281249996 0.023385833333333356
7 0.468899251171875 0.24448825763888887 0.025113196093750022 0.0510236375
7 0.52809464140625 0.19665359722222225 0.019133862500000022 0.027637802777777765
7 0.4246521921875 0.3305906430555555 0.013154531250000013 0.023385833333333356
7 0.395951396484375 0.3465355291666667 0.010762797656249967 0.021259847222222246