2 0.29484363125 0.39423554375 0.034986309375000024 0.04180513472222229
2 0.269034058203125 0.40290246527777784 0.025809571093749994 0.032628397222222265
2 0.244658351953125 0.4074908319444445 0.03555985390625001 0.03976585833333333
2 0.212826548046875 0.41207919930555553 0.029250847656250013 0.042824770833333366
2 0.41537023828124997 0.39372572569444436 0.017779926562499958 0.022432023611111084
2 0.473298388671875 0.3957650006944445 0.02580957265624999 0.05913896805555557
2 0.498247641796875 0.39984355069444444 0.04129531484374995 0.06729606805555556
2 0.577110222265625 0.41105956180555553 0.09119381953124997 0.12031721250000002
2 0.19070405703125 0.41601205902777777 0.04473659062500002 0.05098186805555558
6 0.418183078515625 0.33802027152777775 0.01404084140625006 0.01872112361111111
6 0.34005162421875 0.36015874027777783 0.011700701562500004 0.016640999999999986
6 0.320160431640625 0.34143761666666667 0.009360561718749993 0.016640999999999986
7 0.49450088671875003 0.31187011875 0.018721123437499987 0.010400623611111114
6 0.445942975 0.3701136138888889 0.010530631249999978 0.01872112222222226