6 0.202958626171875 0.20419266597222221 0.04637479296875 0.03173979305555553
6 0.35868886289062496 0.1977134041666667 0.040973503906249986 0.02913671388888892
6 0.59018916328125 0.3069760819444445 0.012292051562500017 0.03399283333333333
6 0.5737997609375001 0.2972638458333333 0.01502361875 0.02913671388888888
6 0.24532883593749996 0.22112684027777776 0.0382419375 0.021852536111111102
7 0.300643066796875 0.23777638472222226 0.04780242109374999 0.03156477222222224
7 0.405125502734375 0.20135549375 0.024584102343750035 0.050989251388888886
7 0.544435415625 0.3822459270833333 0.019120968749999977 0.04370507083333332
7 0.525314448046875 0.3943862236111111 0.008194702343750037 0.03399283333333329
7 0.51233950546875 0.4016704020833334 0.02048675156249997 0.0388489513888889
7 0.494584319921875 0.42230890902777785 0.017755185156249985 0.036420893055555584
7 0.7267675105468749 0.28876563611111106 0.03687615234375006 0.021852536111111102
7 0.727450403515625 0.3312566770833333 0.01365783515625001 0.05341730972222219
7 0.7581805308593751 0.43809129513888884 0.03687615234374997 0.0388489513888889
7 0.40853996054687497 0.44173338472222223 0.009560482031249951 0.021852536111111064
2 0.418100445703125 0.46358592083333333 0.015023617968750003 0.02185253611111114
2 0.403076828125 0.4672280090277777 0.012292051562499972 0.019424476388888855
2 0.3948821265625 0.4696560694444445 0.012292051562500062 0.01942447499999997
2 0.38941899296875004 0.4696560694444445 0.01502361875 0.01942447499999997
2 0.375761158203125 0.4769402472222222 0.028681453906250008 0.02913671388888888
2 0.961682268359375 0.4210948798611111 0.07238652421875003 0.05341730972222223
2 0.8920273113281251 0.4283790576388889 0.06692338984374988 0.048561190277777735
2 0.8524195902343749 0.42473696805555555 0.03414458671875007 0.04127701111111111
2 0.8073487359375001 0.4308071173611111 0.07238652187500003 0.04856119027777781
2 0.69467159921875 0.445375475 0.07375230781250001 0.0485611916666667
2 0.638674475 0.45023159305555555 0.04643663906249999 0.043705072222222204
2 0.599066756640625 0.45265965277777775 0.03551037109375006 0.043705072222222204
2 0.9664625109374999 0.5072909923611112 0.06555760781249997 0.13354327361111104