2 0.45442926015624996 0.49057100277777776 0.011958665625000009 0.014881894444444457
2 0.44546026093749996 0.48313005555555555 0.013154531250000013 0.025511819444444465
2 0.43708919609374997 0.48738202569444444 0.010762798437500009 0.021259848611111132
2 0.409584266796875 0.48525604027777774 0.013154530468750014 0.021259850000000018
2 0.46818172421875 0.4916339951388889 0.017937996875000018 0.02125984583333336
2 0.48552178789062506 0.49375997916666664 0.019133861718750023 0.03826772777777781
2 0.5225936484375 0.4756891090277777 0.04783465781249996 0.10417325694444446
2 0.382079337890625 0.4884450173611111 0.027504928906250024 0.048897651388888935
2 0.37071860624999997 0.4958859638888889 0.023917329687500023 0.05527560555555561
2 0.34440954375 0.4969489569444444 0.050226390625000006 0.061653561111111164
2 0.020329730078125 0.4948229708333333 0.04065946015625 0.09992128611111105
1 0.890023623046875 0.4129725548611111 0.21764769765625003 0.1785827263888889
2 0.8654884382812501 0.5100237625 0.2629311500000001 0.14499216666666667
7 0.029896662109375 0.3208111159722222 0.01913386484375 0.04889765138888886
7 0.028700795703124997 0.37183475069444444 0.01674213203125 0.048897651388888935
7 0.15067917578125 0.2942363041666667 0.021525596874999997 0.017007877777777757
7 0.1638337078125 0.34844891805555556 0.031092528125000008 0.023385833333333314
7 0.249338159375 0.23364573263888885 0.013154531250000013 0.048897651388888894
7 0.5704283078125 0.24852763124999996 0.05979332343750006 0.02763780416666665
7 0.69958188671875 0.3643938048611111 0.028700795312499937 0.01700787916666668
6 0.1847613703125 0.3858662479166666 0.0227214625 0.02763780138888884
6 0.31630668125 0.2189764381944444 0.017937996875000018 0.05527560694444445
6 0.29717281796875 0.2157874611111111 0.013154531250000013 0.05740158888888887
6 0.514222583984375 0.24236227152777776 0.011958666406250007 0.05102363472222223
6 0.678056290234375 0.40500011180555556 0.023917328906250025 0.027637801388888918
4 0.240369161328125 0.4905710020833333 0.016742130468750015 0.07653545416666666
4 0.28820381953125 0.4717560548611111 0.009566931250000011 0.031889770833333365
4 0.27863688828125 0.4855749555555556 0.011958664062500013 0.0637795444444445
4 0.26548235703125 0.4898269270833333 0.014350396874999971 0.07653545416666674
4 0.49568665312500004 0.4951418729166666 0.02032972968750002 0.09566931805555556
4 0.6069022351562501 0.5015198263888889 0.017937996874999928 0.05314961944444442
4 0.55667584296875 0.48982691041666665 0.010762798437500009 0.06803151527777776
4 0.56265517578125 0.4930158868055555 0.013154531250000013 0.06590552916666666
4 0.7563855449218749 0.4770710013888889 0.015546263281250017 0.05102363611111108
4 0.72609028359375 0.4772835972222222 0.015546264062500014 0.04889765277777774
7 0.25537144960937497 0.09470931527777779 0.043994005468749986 0.040806033333333325