2 0.076261755078125 0.3941836381944444 0.15093905078125 0.3224193347222222
2 0.2137449984375 0.3744224534722222 0.142748559375 0.14976898194444438
2 0.290969630078125 0.3453007069444445 0.07020420859375003 0.10400623611111115
2 0.8239365917968751 0.2912174638888889 0.04329259765624993 0.045762744444444434
7 0.9596647304687501 0.11232673472222224 0.057333437499999994 0.199691975
2 0.3740446125 0.3411404576388889 0.074884490625 0.09984598749999998
2 0.6460859261718751 0.35362120555555554 0.11115666640625 0.13312798333333334
2 0.756072521484375 0.2995379631944444 0.04563273671875008 0.033281995833333355
2 0.573541575390625 0.3296997715277778 0.05733343828125008 0.08528511527777777
2 0.518548276953125 0.31305877291666667 0.019891192968750016 0.02704162083333333
2 0.498072049609375 0.30889852361111114 0.014040842968750055 0.018721122222222223
2 0.45653455898437495 0.3120187111111111 0.019891192968750016 0.03328199722222224
2 0.422602525 0.3151388979166667 0.019891192187500017 0.031201870833333305
2 0.438983507421875 0.3099385881944444 0.00819049140625001 0.02496149861111109
2 0.4840312078125001 0.30993858541666663 0.009360560937499951 0.020801245833333305
6 0.42143245390625 0.19241153819444443 0.005850351562500045 0.02704162083333333
6 0.50626254140625 0.17577054097222222 0.007020420312500076 0.02704162083333333
6 0.5571605937499999 0.2704162152777778 0.00819049218750001 0.016641000000000024
6 0.3658541203125 0.2756165291666666 0.011700701562500004 0.018721122222222223
6 0.41499706796874997 0.1965717888888889 0.007020420312499986 0.0228813722222222
6 0.42845287499999996 0.19553172430555557 0.005850351562499956 0.024961495833333323
6 0.498657084375 0.1788907284722222 0.005850351562500045 0.02496149861111111
6 0.51562310234375 0.17473047916666665 0.007020420312499986 0.024961497222222205
6 0.5940178035156249 0.2516950923611111 0.009360561718749948 0.020801245833333305
7 0.5259973398437501 0.2790533972222222 0.012292051562500017 0.021852536111111102