7 0.6585352726562499 0.46649093194444446 0.04780242187499999 0.07223476666666666
7 0.689037762109375 0.42794548819444445 0.015023617968750003 0.029136715277777763
7 0.690403546484375 0.45829623263888886 0.017755186718750073 0.02670865138888882
7 0.3776391296875 0.4570822027777777 0.01775518437499999 0.02913671111111111
7 0.45844799374999995 0.5183907041666667 0.010926268750000023 0.012140297222222231
6 0.528785841796875 0.4831838416666667 0.00956048515625003 0.01942447499999997
6 0.515128006640625 0.49411010902777786 0.012292050781250018 0.012140298611111117
6 0.43090468515625 0.5135345875 0.009560484374999945 0.021852536111111064
6 0.49259257890625 0.5038223493055556 0.005463132812499971 0.021852537500000026
6 0.5089819816406249 0.5038223493055556 0.008194700781249953 0.021852537500000026
9 0.314130199609375 0.5098924972222223 0.06282603984374999 0.09712238055555554
2 0.054039171875 0.5733898583333333 0.10807834375 0.10448028333333331
2 0.3947114234375 0.5317450305555556 0.016389401562499996 0.01942447500000005
2 0.41110082578125 0.5341730916666667 0.0163894 0.01942447500000005