6 0.562337160546875 0.11723684305555555 0.017985196093750044 0.0923684222222222
6 0.549347851953125 0.1145723701388889 0.011990132031249967 0.08348684583333334
6 0.3858595 0.3685855284722222 0.008992598437499976 0.026644737499999967
7 0.5911905046875001 0.10124999930555556 0.019983553124999977 0.060394734722222225
6 0.7565544035156251 0.2833223701388889 0.014987664843750003 0.02664473750000001
7 0.6421485640625001 0.34016447569444447 0.009991776562500032 0.03019736805555557
7 0.74756180546875 0.2575657895833333 0.03297286250000005 0.017763154166666694
7 0.6026810480468751 0.3588157923611111 0.008992600781250016 0.02131579027777776
2 0.041143216796875 0.41476974027777785 0.04296463828125 0.07282894722222225
2 0.04364115976562501 0.4280921090277778 0.023980263281250004 0.06394736805555555
2 0.077113611328125 0.4351973701388889 0.07493832421875 0.08171052916666671
2 0.190520271875 0.4076644756944444 0.02597861874999998 0.03730263194444442
2 0.21649889218749996 0.4067763194444444 0.025978618750000005 0.03907894722222222
2 0.2444758640625 0.4156578951388889 0.05795230312499999 0.04263157916666671
2 0.308423233203125 0.41210526527777774 0.06394736796875003 0.046184211111111116
2 0.4692908328125 0.39967105486111115 0.029975328125000013 0.03552631527777782
2 0.455801934765625 0.4050000027777778 0.012989308593749981 0.028421052777777806
2 0.438815916015625 0.4050000013888889 0.038967927343749945 0.039078949999999994
2 0.5487254546875 0.3899013173611111 0.01298930937499998 0.01953947361111111
2 0.58319708359375 0.38546052708333334 0.01199013124999997 0.017763154166666656
2 0.56371311875 0.3907894756944444 0.018984375000000053 0.031973684722222215
2 0.6026810484375 0.3987828965277777 0.014987664062500006 0.04796052638888892
2 0.621165834765625 0.40233552916666665 0.03597039453124999 0.062171055555555514
2 0.62416336796875 0.4103289493055556 0.015986842187500017 0.060394737500000024
2 0.6596341738281251 0.42098684513888884 0.06494654609374999 0.08171052916666671
2 0.9220411109375 0.42720394930555555 0.15587171250000012 0.16164473750000002