6 0.040936693749999996 0.2912873166666667 0.008596707812499998 0.03238546111111111
6 0.058846497265625 0.28655686041666667 0.010029489843750006 0.03311323194444446
6 0.050966184765625 0.28837625 0.011462274218749995 0.048396269444444445
4 0.062428458203124995 0.4453912256944444 0.014327842968749994 0.050943443055555565
7 0.37395670351562504 0.3018398930555556 0.04584909921875 0.012735863888888904
7 0.41335827148437493 0.317122925 0.012895058593749998 0.030566066666666655
2 0.117488312890625 0.4483022916666667 0.04298352890625 0.03820758055555555
2 0.16262101953125 0.43684001666666666 0.041550745312499984 0.0509434416666666
2 0.217783213671875 0.43174567291666666 0.06304251015624998 0.08660385138888885
2 0.29515356757812505 0.4113682958333333 0.02292454921874998 0.03566041111111112
2 0.32882399726562495 0.41518905277777773 0.04155074453125 0.03311323611111108
2 0.3897173328125 0.39226450208333336 0.08023592187499999 0.03820758194444451
2 0.41765662421874994 0.5081608340277778 0.138980078125 0.19867942083333337
2 0.355330507421875 0.6087741340277778 0.36392721328125 0.35915126527777785
6 0.32022729140625 0.30056630624999997 0.010029489062499985 0.028018893055555535
7 0.26005035078125005 0.35915126319444446 0.01576062812500001 0.012735859722222208
7 0.56929304140625 0.39381820763888886 0.034040937500000014 0.0977585902777778