2 0.47408561171874997 0.28393702847222224 0.03159189375000002 0.06864411250000002
2 0.45302435078125003 0.2912174652777778 0.045632737499999985 0.08320498611111111
2 0.4465889640625 0.3088985243055556 0.03276196406250005 0.07696461527777779
2 0.412071891796875 0.31305877430555556 0.08307498203124997 0.14768885694444447
2 0.32080641875 0.3511943909722222 0.18838129531249997 0.24476134027777777
2 0.5208579406249999 0.28497708819444445 0.0410134078125 0.06240374305555558
7 0.5793309734375001 0.22554494305555556 0.015210910937499999 0.02496150000000002
7 0.62294535625 0.14976898055555554 0.03276196406250005 0.06240374166666667
7 0.7744694437499999 0.018721122916666666 0.03393203593749998 0.03744224583333333
6 0.22219632578124998 0.2579354659722222 0.012870771874999987 0.04160249583333334
6 0.21201671484375 0.28879064791666664 0.009828590625000012 0.029815126388888894
6 0.57479697109375 0.18738456597222222 0.014040843750000054 0.023228051388888893