7 0.5610486453125001 0.3534131951388889 0.008190490625000013 0.018721123611111147
7 0.49786485625 0.3513330722222222 0.026911615624999996 0.022881372222222238
7 0.4621777160156251 0.3502930097222222 0.014040841406249971 0.016640997222222214
7 0.44638176796874995 0.34925294444444444 0.017551051562499965 0.01040062222222223
7 0.42649057578124994 0.36381382152777775 0.0269116140625 0.022881373611111124
7 0.21075887070312502 0.33995180277777776 0.010530630468750024 0.016640997222222214
2 0.20900376601562504 0.37635398680555554 0.04446266484375001 0.02704162083333333
2 0.548060876171875 0.4070804215277778 0.025741542968750065 0.03536212083333328
2 0.2650208921875 0.3779586743055556 0.04095245468749997 0.03120187361111104
2 0.32633257929687504 0.37587854930555553 0.02223133203125003 0.022881373611111085
2 0.36787007109375003 0.3831589868055556 0.009360562499999992 0.012480748611111163
2 0.38249594765625006 0.3789987381944444 0.01755105156250001 0.016640995833333328
2 0.41993819453125003 0.38419904930555554 0.010530631249999978 0.01456087361111113
2 0.51763905234375 0.38939936249999996 0.009360562500000036 0.016640999999999986
2 0.5106186324218751 0.39251954722222215 0.009360561718750039 0.01872112222222226
2 0.500673035546875 0.38107886180555556 0.012870772656250029 0.012480748611111083
2 0.4778566664062501 0.38211892430555555 0.009360560937499951 0.01456087361111113
2 0.49014240390624997 0.41436085763888886 0.043292596874999936 0.06240374305555558
2 0.459720579296875 0.38731923541666663 0.015210911718749998 0.02496149583333336
2 0.434564069921875 0.38939936180555557 0.02106126328125004 0.024961498611111133
2 0.40589735234375 0.39043942500000006 0.026911614062500044 0.03952236944444449
2 0.31591894453125 0.3987599215277778 0.05382322656249996 0.05200312083333335
2 0.087648555859375 0.38669890416666663 0.17496825546875 0.21731112777777778
2 0.9532293460937501 0.648998917361111 0.09126547343749998 0.3661019569444445
9 0.349473139453125 0.37026220347222216 0.02574154296875002 0.0291217458333333