6 0.642403939453125 0.5234965736111111 0.019651103906250002 0.04990756666666667
6 0.49221335742187494 0.6420270430555555 0.00982555390625004 0.017467644444444454
6 0.41781989140625003 0.6501370222222222 0.0084219015625 0.013724580555555595
2 0.510437423046875 0.6987059270833333 0.013334678906250019 0.034935295833333414
2 0.504822820703125 0.6918436354166666 0.009123727343749976 0.023706095833333288
2 0.5009627828125 0.6824859680555556 0.0070182515625000445 0.017467649999999994
2 0.49885730781250004 0.6762475236111112 0.0084219015625 0.017467649999999994
2 0.4953481828125 0.6643944743055556 0.0070182515625000445 0.01621995972222226
2 0.442009470703125 0.6856051902777778 0.018247453906250044 0.02370609444444448
2 0.445518596484375 0.6625229409722222 0.014036502343750002 0.022458404166666668
2 0.45815144882812503 0.65628449375 0.009825552343750044 0.01746764861111111
2 0.462713312890625 0.6949628618055556 0.020352930468749975 0.03743067638888888
2 0.41955106601562503 0.6849813458333333 0.023862055468750042 0.027449161111111113
2 0.3820034203125 0.7012013048611111 0.03579308281250002 0.029944540277777855
2 0.20584530703124998 0.7136781986111111 0.08070989218749999 0.07486135000000008
6 0.46762608828124996 0.6358223958333333 0.0077200765625000225 0.014972269444444445
4 0.676419070703125 0.7106837451388889 0.026669355468750044 0.10480589027777777
4 0.9659453332031251 0.6613662256944444 0.015440153906249953 0.10106282361111106
4 0.9220812621093749 0.6707238944444445 0.02175658046875011 0.08983361944444444
4 0.896815556640625 0.69255845625 0.03158213046874998 0.13100735972222227
4 0.762766952734375 0.6950538326388889 0.018949278906250023 0.1210258458333333
4 0.7283775203125 0.6794577180555555 0.018949278125000024 0.08733823888888897