7 0.422077642578125 0.30481046597222217 0.03509126328125003 0.01621995972222222
7 0.63894161171875 0.3185350451388889 0.0084219015625 0.0187153375
7 0.66841826875 0.3154158222222222 0.009825553125000042 0.042421430555555556
7 0.34557869921875 0.2536552041666667 0.018247454687499998 0.046164497222222226
6 0.261359685546875 0.3029389284722222 0.01684380390625 0.03493529583333333
6 0.35575516953125 0.3834148770833333 0.01193102812500002 0.018715340277777808
6 0.45751981640625 0.3079296770833333 0.006316426562499977 0.01497227083333337
6 0.5996394031250001 0.2873428097222222 0.005614600000000003 0.026201472222222223
6 0.6547326785156249 0.4058732833333333 0.010527378906250018 0.016219961111111146
6 0.335753152734375 0.34847958055555556 0.009825552343749999 0.036182983333333335
6 0.589462939453125 0.2923335729166666 0.007720077343749932 0.03618298472222222
6 0.5838483378906251 0.2917097298611111 0.007720077343749932 0.0349352986111111
6 0.624203284375 0.3023150861111111 0.011229201562500003 0.03618298611111111
6 0.659294541015625 0.37468105625 0.007018250781249957 0.0386783625
4 0.37645900625 0.44642318541666665 0.011229201562500003 0.05240294583333333
4 0.29153816757812495 0.4223427798611111 0.02105475546875 0.11853046805555552
4 0.335402239453125 0.4161043326388889 0.011931028906249974 0.04616449861111107
2 0.6687692015625 0.4841033909722222 0.06246243749999998 0.13475042916666666
2 0.8340095300781251 0.510720775 0.33126147109375 0.44667271944444437
2 0.52473858046875 0.5498150277777777 0.28915196093749995 0.40924204444444445
7 0.9624404054687499 0.2576478194444445 0.028073006249999997 0.021210716666666664
7 0.9119089941406251 0.24454708402777778 0.014036503906249997 0.03493529583333333
6 0.8522538562499999 0.2470424625 0.012632853124999954 0.039926052777777776