7 0.630780828515625 0.30730263194444446 0.04496299296875002 0.028421052777777768
7 0.657758626171875 0.35082236944444445 0.06694490390625 0.04796052777777777
6 0.60979809921875 0.4094407916666667 0.0369695734375 0.05861842222222222
6 0.637775073828125 0.41921052777777784 0.016986019531250028 0.05328947222222216
6 0.9545143843750001 0.5559868458333332 0.01099095312499987 0.0319736861111111
2 0.903056735546875 0.6394736881944444 0.029975330468750096 0.042631579166666635
2 0.9700016378906249 0.6439144763888889 0.023980263281250025 0.05151315555555556
2 0.990984367578125 0.653684213888889 0.017985196093750135 0.04263157777777775
2 0.93952671875 0.6430263194444444 0.05495477031250005 0.08526315833333327
2 0.7751619988281251 0.6723355298611111 0.16586348828125005 0.17230263194444448
9 0.8406081332031249 0.5799671083333333 0.08692845390625 0.15809210555555558