2 0.21062663242187502 0.38812500208333334 0.03397203828125002 0.02664473750000001
2 0.25658880546875 0.3907894756944444 0.021981909374999997 0.0213157902777778
2 0.28506536875 0.3916776340277778 0.008992598437500022 0.01953947361111111
2 0.30404974179687494 0.3934539493055556 0.02497944140624999 0.015986843055555512
9 0.30904563046875 0.3827960548611111 0.03896792812499998 0.051513159722222215
5 0.337022605859375 0.39878289722222227 0.016986019531250028 0.015986841666666626
5 0.357505745703125 0.40322368680555554 0.015986841406250018 0.010657895833333302
2 0.438439134375 0.3890131590277778 0.003996710937500048 0.017763156944444504
2 0.475408707421875 0.41565789722222224 0.013988486718749993 0.028421052777777806
2 0.388979842578125 0.39967105416666665 0.008992599218750019 0.010657897222222266
2 0.39847202890625 0.40322368680555554 0.00799342031250001 0.010657895833333302
2 0.44743173359375 0.42986842430555555 0.041965460937499977 0.06750000138888891
7 0.47990500703125 0.3303947375 0.0369695734375 0.0319736861111111