6 0.457423509375 0.38546052847222223 0.009991775000000036 0.02486842083333332
6 0.599306734375 0.4121052652777778 0.009991776562499943 0.03907894722222222
6 0.5513462078125 0.4600657923611111 0.009991776562500032 0.010657893055555532
6 0.5013873249999999 0.46361842361111116 0.009991775000000036 0.014210527777777789
6 0.4694136421874999 0.4449671090277778 0.005995067187499981 0.015986843055555512
6 0.44743173281250004 0.44052631805555553 0.007993421875000007 0.01776315833333331
6 0.5518457964843749 0.4414144756944444 0.008992599218750019 0.01953947361111111
6 0.58931495859375 0.4280921076388889 0.005995068749999976 0.06750000416666668
2 0.30205138828125 0.50802631875 0.04096628281250001 0.04263157916666671
2 0.321535351171875 0.49914474027777783 0.015986841406250018 0.021315788888888913
7 0.34601520234375 0.4618421076388889 0.012989309375000025 0.02486842083333332
7 0.37848847656249995 0.47338816041666665 0.009991776562499988 0.01598684305555559
7 0.5343601875 0.3872368458333333 0.019983553125000064 0.01776315833333331
7 0.631280418359375 0.3446052652777778 0.015986841406250018 0.028421052777777806
7 0.632279596484375 0.3810197381944445 0.01798519765624995 0.030197368055555528
7 0.789150486328125 0.3712500027777778 0.03796875234375001 0.08171052777777782
2 0.445433377734375 0.48582237152777774 0.02398026171874994 0.012434209722222218
7 0.017059137109375 0.30240705625 0.03411827421875 0.02946085972222221
7 0.141834541796875 0.2963415854166667 0.014622117968750015 0.0554557347222222
6 0.1247754046875 0.40465356736111113 0.007798464062499999 0.025994873611111143
6 0.1325738671875 0.40378707222222215 0.005848846875000003 0.024261883333333303