7 0.6278417300781249 0.49078546944444446 0.021412385156250036 0.008157099999999988
7 0.62822409375 0.5104984590277777 0.022177112500000006 0.036706948611111144
7 0.941635172265625 0.5037008756944444 0.04129531484374986 0.06661630972222225
2 0.14873960546875 0.5567220201388889 0.08029644531249999 0.03126888194444446
2 0.571251854296875 0.5707703722222222 0.01682401796874995 0.02039274722222228
2 0.667097799609375 0.5789274701388889 0.01835347265624998 0.04214501249999998
2 0.748923701953125 0.5637462166666667 0.010706192968750017 0.019033227777777738
2 0.711069663671875 0.5608005902777778 0.07111970859375001 0.13821749999999997
2 0.9003398554687501 0.5977341312500001 0.13306267968750002 0.14682778472222222
2 0.4646997609375 0.5592144812500001 0.02294184218749997 0.010876134722222177
2 0.5102010796875 0.5592144819444445 0.011470921874999984 0.008157099999999988
9 0.44239517734374995 0.5487915368055556 0.02217711249999992 0.032628395833333296
9 0.49146524218749993 0.5535498437499999 0.01988292812500001 0.020392745833333316
2 0.378412937890625 0.5848187229166667 0.14606305859375004 0.17537763194444442
2 0.5432118332031249 0.5705438 0.030589122656250023 0.04350453055555555
2 0.620704284375 0.6179002631944445 0.10553247187500006 0.1536253680555556
2 0.7900915472656249 0.6267371229166667 0.13688632109375004 0.1441087513888889
9 0.67041160546875 0.5075528527777778 0.06423715625000001 0.08700905833333333