1 0.12287105234375 0.6549372763888889 0.03691404999999999 0.16687493888888885
1 0.173496033203125 0.6802497659722222 0.06433591484375001 0.05249998194444443
1 0.054843730859374995 0.6237497868055556 0.10968746171874999 0.5412498069444445
9 0.24416007031250003 0.6813747520833333 0.028476553125000015 0.033749990277777815
1 0.285820212890625 0.6663747555555555 0.021093739843750025 0.04124998611111113
2 0.297949113671875 0.6117185368055555 0.07277341171874996 0.08249997083333338
2 0.36703112226562495 0.66234351875 0.044296861718750025 0.09374996527777779
2 0.41396469960937504 0.6808122743055555 0.05589841953125001 0.06937497638888877
2 0.5774412050781249 0.6276560291666666 0.08753903359375004 0.14624994444444445
2 0.6570700820312501 0.6091404118055556 0.06328122656250006 0.16546869027777783
7 0.82768754453125 0.5518629229166666 0.015671226562499994 0.03872621805555557
6 0.8411129871093749 0.564374801388889 0.007382811718750127 0.02249999166666667
2 0.865603771484375 0.6553673486111111 0.0620542195312499 0.04861498333333335