4 0.8529559390625 0.5338982034722222 0.027993764062500048 0.16627115416666668
4 0.660993145703125 0.5203727347222222 0.018178275781249996 0.08125412500000001
7 0.08768404765625 0.15506243958333335 0.05062498125 0.02437499027777778
7 0.14991058906250002 0.2028749236111111 0.01687499375000001 0.02249999166666667
7 0.171004331640625 0.34724987361111115 0.025312491406250005 0.04124998611111113
2 0.487438296875 0.5178441368055555 0.020033175000000014 0.05193863749999995
2 0.526992005078125 0.52374980625 0.044296860156249986 0.08624996805555558
2 0.532265440234375 0.5349998034722222 0.033749988281249976 0.07874997361111108
2 0.557577930859375 0.5424998006944445 0.046406233593749936 0.10874996250000003
2 0.41150376328125005 0.5218748083333333 0.015820306250000016 0.04499998611111111
2 0.39621080078125 0.5246873069444444 0.02320311718750001 0.05437498055555557
2 0.37353502734375 0.5209373083333333 0.02425780468750003 0.07687497222222217
2 0.3431606625 0.5285856611111112 0.05632154218749998 0.08842168055555556
2 0.44940404609374995 0.523982951388889 0.056631345312499984 0.09152540555555559
2 0.60680267421875 0.5556247958333334 0.11251198437500003 0.1349999527777778
2 0.2984764578125 0.5481247993055556 0.0928124671875 0.10499996527777775