9 0.017931847265625002 0.43937354930555556 0.03430440078125 0.4130388569444444
4 0.8618980894531252 0.39779245486111103 0.02105042890625004 0.05821352916666669
4 0.843186596875 0.41234583611111114 0.022609718750000063 0.0762320027777778
4 0.78432336171875 0.42412714652777783 0.024948656249999958 0.12751535138888884
4 0.734815875 0.40264358263888894 0.01949113593749994 0.08177615138888897
4 0.7250703054687501 0.4421456215277778 0.02494865468750005 0.10533876527777776
4 0.6845287398437501 0.42482016319444443 0.014033618749999999 0.07900407638888886
4 0.663088487890625 0.4282852583333333 0.011694682031249926 0.07761803888888892
4 0.640088946875 0.4289782763888889 0.018711492187500057 0.07900407500000005
4 0.568751383984375 0.4324433638888889 0.014813264843749962 0.07761803888888892
4 0.5593956378906251 0.4442246736111111 0.019491136718750024 0.08177614722222223
4 0.532108047265625 0.42482016319444443 0.013253974218749942 0.0623716375
4 0.521193008984375 0.4275922381944445 0.010135389843749999 0.05959956527777774
5 0.42927281132812495 0.4555901680555556 0.026507946093750068 0.07900407499999997
3 0.4315337785156251 0.48234067916666673 0.016372555468749984 0.04712523888888893
2 0.39099221328125 0.4331363833333334 0.011694682812500013 0.026334691666666684
2 0.346942243359375 0.4310573291666666 0.0077964554687500074 0.011088291666666725
2 0.341484723828125 0.4372944916666667 0.010915036718750003 0.023562616666666734
2 0.31263784101562503 0.4352154388888889 0.010915036718750003 0.016632438888888934
2 0.285350249609375 0.4414526 0.012474328906250021 0.015246400000000035
2 0.272096276171875 0.4449176923611112 0.017152202343750034 0.02217658472222226
2 0.260791416015625 0.44838278263888887 0.007016808593750002 0.02079054305555559
2 0.326494275 0.4427953236111111 0.02572830156250001 0.03880901944444446
2 0.37093406679687496 0.43032099375 0.036643336718750016 0.05821352916666669
2 0.15614173515625 0.5509061659722222 0.265079465625 0.36868569027777776
7 0.5159481292968751 0.2147923298611111 0.05847341328124998 0.026334693055555566
7 0.5763706539062501 0.2605315340277778 0.026507946874999976 0.0180184736111111
7 0.896415126953125 0.11499770972222222 0.05691411953125005 0.03742298333333333
7 0.58806533671875 0.28894528194444447 0.017152201562500035 0.011088291666666647
6 0.596641437109375 0.34854485069444446 0.014033619531249996 0.02217658472222218
6 0.45045790742187497 0.19746687569444446 0.011694682031250014 0.04989731250000001
6 0.466050817578125 0.20023894791666666 0.01325397421875003 0.05544145694444445
6 0.945532791796875 0.21687138680555557 0.04132121015625003 0.06930182083333333
2 0.8722079031250001 0.5497381493055555 0.2533083562500001 0.4273352597222222