7 0.5832392957031249 0.6781986027777778 0.017994655468749964 0.01706160277777779
7 0.575441612109375 0.6995256034722223 0.03359002578124999 0.04265400138888885
7 0.9557286800781251 0.6909948013888889 0.011996436718749948 0.017061600000000017
7 0.81716982734375 0.6941938534722222 0.010796793749999978 0.019194301388888845
7 0.77878122734375 0.6899284534722222 0.008397506250000042 0.019194301388888845
2 0.525656394921875 0.7464450041666667 0.015595367968750029 0.017061600000000017
2 0.5106608480468751 0.7475113527777779 0.014395725781249969 0.023459700000000003
2 0.466274029296875 0.7357815027777779 0.011996436718749948 0.012796199999999973
2 0.47251596054687506 0.7453786534722222 0.013908302343749934 0.019194301388888845
2 0.49386583554687497 0.7496440541666668 0.021593586718749957 0.023459700000000003
2 0.6180289644531249 0.7485777020833333 0.05638325703125 0.09810420138888887
2 0.7691840769531251 0.7656393041666667 0.10436900703125004 0.106635