2 0.405526483203125 0.5643078465277778 0.014354919531249965 0.0165879069444445
2 0.378611008203125 0.5853617270833333 0.05239545703124997 0.07655957083333331
2 0.42992984726562505 0.5911036972222222 0.057419678906250035 0.08293953611111114
2 0.591063821875 0.5585658777777778 0.04378250625 0.07655957222222227
2 0.601830010546875 0.5783437673611111 0.03516955234374999 0.07528357916666661
2 0.72851217734375 0.5757917805555556 0.05670193281249993 0.09059549444444441
4 0.311501758984375 0.5918054972222222 0.02440336328124997 0.08166354444444444
4 0.7646865941406251 0.5624576812500001 0.02296787109374998 0.08421552916666665
4 0.08325853515625001 0.6268953208333333 0.031580823437499995 0.1288752805555555
2 0.516155075 0.6686202631944445 0.17589562812500006 0.2883743902777777
2 0.5204376203125 0.5305578381944445 0.06531488437500003 0.025519856944444384
2 0.65566096015625 0.5634784576388889 0.095460215625 0.15822311527777774
2 0.90618693046875 0.5966172895833334 0.1837429734375 0.4899812597222223
6 0.174771148046875 0.4300095965277778 0.023685617968750017 0.06890361527777782
6 0.8067464902343751 0.4012997569444445 0.015072664843749983 0.07273159444444441
6 0.14713792734375 0.5318763736111111 0.012919428124999998 0.029347836111111133
6 0.29398876171875 0.44851149375 0.015790412499999996 0.05741967916666668
6 0.8185892988281249 0.3987477708333333 0.01650815859375001 0.06762762222222223
6 0.8182304265625 0.46382340625 0.017225903125000032 0.026795848611111082
6 0.8300732359375 0.4650993993055555 0.017943649999999957 0.02679584861111116
6 0.1708235453125 0.5410209756944444 0.021532379687500013 0.0408317708333333
7 0.13924272265624998 0.31708422708333334 0.044500251562499996 0.0357278013888889
7 0.805669871484375 0.3426040847222222 0.06100840859375003 0.025519855555555537