2 0.872827847265625 0.652710475 0.2505155054687499 0.6320776916666666
2 0.6862055835937501 0.5234371277777777 0.21225571406250002 0.25312482499999994
2 0.5728267554687501 0.5386714909722221 0.05668941406250001 0.1429686513888889
2 0.516137340625 0.4976558951388889 0.05405269687500001 0.07031245138888893
2 0.432421576953125 0.5392521694444444 0.12392569609375 0.13711979999999996
2 0.373754625390625 0.4882809013888889 0.05405269765625 0.08906243888888889
2 0.068076731640625 0.5296871375 0.13579092265625 0.16874988611111116
2 0.291357222265625 0.5058590145833334 0.03427731953125002 0.0398437236111111
2 0.32629372109375004 0.5023433923611111 0.035595678125000016 0.04218747083333333
6 0.39287082343749996 0.42656220625 0.018457018749999988 0.023437484722222183
6 0.478994924609375 0.4261169034722222 0.011597939843750016 0.016494848611111165
7 0.529445963671875 0.43667164513888884 0.012757733593749964 0.01855670416666671