4 0.87751536484375 0.6127063465277778 0.06316426406249995 0.23082249027777782
4 0.8164565769531251 0.5927433229166666 0.05614601328125 0.21335484583333336
4 0.66626599453125 0.6052202118055555 0.049127759375000045 0.22084097916666662
4 0.38904506015624996 0.56716569375 0.014036503125000044 0.06238445416666667
7 0.4216799296875 0.3625446749999999 0.018949278124999934 0.04741218888888889
7 0.24201269101562498 0.4941758805555556 0.025967528906250027 0.013724580555555517
7 0.28692950078125 0.5041573944444445 0.016141978124999977 0.011229205555555587
6 0.217214905859375 0.49217437986111107 0.006316427343749975 0.024953779166666676
6 0.21160030429687499 0.4921743819444444 0.006316427343749975 0.02744916388888888
7 0.26599175312499995 0.5233666104166667 0.012632851562500002 0.012476890277777701
4 0.5997096113281251 0.5607972840277777 0.030178480468750025 0.14473194027777778
4 0.37688012773437496 0.5570542166666667 0.009825552343749999 0.039926055555555624
2 0.329156016015625 0.6063379409722223 0.09264091953125 0.12352122638888885
2 0.26669357773437496 0.5969802694444444 0.04070585703125 0.07486134722222222
1 0.0421095296875 0.6094571625 0.08421901875 0.10979664444444445
2 0.087026339453125 0.6050902493055555 0.0070182507812500015 0.033687606944444407
2 0.09544824179687501 0.6044664055555556 0.012632852343750011 0.03243991944444444
2 0.11053748203125 0.6019710284722223 0.02175657968749999 0.03243991805555556
2 0.13510136250000002 0.5988518048611111 0.0231602296875 0.028696851388888847
2 0.14913786640625 0.5832556895833333 0.011931028124999998 0.019963023611111116
2 0.16106889375 0.5801364673611111 0.010527378124999997 0.01871533750000004
2 0.19335285 0.567659575 0.006316428125000018 0.013724580555555517
2 0.17615813515625 0.5845033791666667 0.018247454687499998 0.0349352972222223
2 0.19931836328125002 0.5801364659722221 0.015440153125 0.021210718055555588
2 0.18808916171875 0.58138415625 0.005614601562499999 0.02121071527777774
2 0.216162168359375 0.5738980194444444 0.01824745390625 0.03119222777777774
2 0.1919492 0.54956808125 0.0077200765625 0.019963023611111116
6 0.9632687253906251 0.33066199444444444 0.031582132031249974 0.04990756666666667
4 0.241271694140625 0.5696374270833333 0.011470921093749985 0.05302114583333335