7 0.27809885820312497 0.3837830166666666 0.02574154296875002 0.04368261944444443
7 0.3553234890625 0.3754625152777778 0.014040842187500013 0.018721119444444413
6 0.26990836875 0.23193390763888888 0.021061265624999992 0.039522370833333334
6 0.455949523828125 0.3442606458333333 0.009360561718749948 0.02288137500000001
6 0.49105162890625 0.3692221423611111 0.009360562499999947 0.01456087083333336
6 0.640820609765625 0.21633297083333333 0.01404084140625006 0.03328199444444443
6 0.6612968382812501 0.26833609166666667 0.024571473437500036 0.037442244444444446
6 0.656031521875 0.3296997715277778 0.016380979687499943 0.031201870833333346
6 0.400956226171875 0.388983325 0.011700702343749958 0.02080124444444446
2 0.49105162968750005 0.39626376319444445 0.01872112187499999 0.02704162083333333
2 0.3328849625 0.40770445000000005 0.022231332812500025 0.03328199444444443
6 0.37968776914062496 0.03328199513888889 0.022231333593750024 0.06656399027777778
2 0.945038853515625 0.3536212055555556 0.032761964843749956 0.03328199444444447
2 0.9766307476562499 0.3515410798611111 0.03510210468749993 0.033281995833333314