2 0.25857953046875004 0.7129682527777779 0.06328120781249998 0.1031249277777778
2 0.23946333242187498 0.7293744923611112 0.05141598046875 0.09843743472222231
2 0.19991257812500002 0.7340619888888889 0.048779264062499994 0.12656241388888886
2 0.382505226171875 0.7129682534722223 0.010546867968750017 0.028124981944444412
2 0.373935896875 0.7106245034722223 0.014501943750000024 0.028124981944444412
2 0.36734410390625005 0.7129682534722223 0.011865226562499975 0.028124981944444412
2 0.427329413671875 0.7117963791666666 0.013183583593749937 0.025781233333333296
2 0.4358987441406249 0.7082807548611112 0.011865225781250021 0.023437484722222183
2 0.441172178125 0.7141401256944445 0.014501943750000024 0.03515622638888887
2 0.4477639703125 0.7094526291666666 0.019775376562500037 0.05390621111111113
2 0.4497415078125 0.7176557506944445 0.015820301562500028 0.056249962500000014
2 0.47149442265624997 0.7211713722222222 0.040869112499999985 0.08203119444444451
2 0.5202736867187501 0.7199994979166667 0.08305658281249997 0.13124990972222214
2 0.5433449593749999 0.7516401013888889 0.07910150781249996 0.12421866388888887
2 0.6000343734375 0.7715619618055556 0.11601554531250002 0.19687486249999994
2 0.80899419140625 0.7176557493055556 0.38100559843750004 0.5624996124999999
2 0.09962669960937501 0.7926556993055556 0.19925339921875002 0.4124997152777778
9 0.32581581171875 0.67078078125 0.08701165781249998 0.18749987083333342
2 0.4029397828125 0.7164838756944445 0.014501943750000024 0.02578123194444441