7 0.649636472265625 0.3670694638888889 0.020647657031249978 0.016314199999999977
7 0.552133645703125 0.3640105520833333 0.022941841406250062 0.014274923611111094
7 0.54008918046875 0.39459967569444443 0.051619143749999985 0.05098187083333335
7 0.6335771839843749 0.39629905972222224 0.059648788281249934 0.04894259444444447
7 0.40932068359375 0.3650301888888889 0.01950056562500002 0.012235649999999983
7 0.42136515039062494 0.39154076250000003 0.05506042109374998 0.04486404444444447
7 0.5492659156249999 0.47617066666666674 0.02179475000000002 0.018353472222222205
2 0.18506418203125002 0.4629153798611111 0.02982439374999999 0.02447129861111116
2 0.273963818359375 0.4894259513888889 0.040148222656250045 0.0407854944444444
2 0.33131842265625 0.4955437756944444 0.02179475000000002 0.028549845833333306
2 0.309523673046875 0.49350449930555557 0.03555985546875 0.028549845833333306
2 0.21832985312500003 0.4955437770833334 0.10782665625000001 0.06525679305555557
9 0.0594576 0.4445619069444444 0.1158563 0.1672205333333334
2 0.02141238203125 0.49894256944444443 0.0428247640625 0.07749244444444443
2 0.11853284140625 0.45713743472222224 0.009176737499999987 0.02651057222222219
2 0.16499007109375002 0.4969032916666666 0.04932495937500001 0.04894259444444447
2 0.146063051171875 0.46223562152777775 0.029824394531249986 0.028549845833333306
2 0.3542602640625 0.49078546874999995 0.04703077500000004 0.036706948611111144
2 0.4792932992187501 0.4999622055555556 0.017206381250000024 0.0224320222222222
2 0.5301477203125 0.5030211166666667 0.01261801250000003 0.0203927472222222
2 0.523265167578125 0.5152567673611111 0.017206380468750025 0.020392748611111088
2 0.5771784953125 0.5213745923611111 0.01261801250000003 0.01631419861111109
2 0.7280211023437501 0.5548364812500001 0.2753020984375 0.32795095416666675
2 0.5943848761718751 0.5111782166666666 0.026383116406250018 0.05302114444444438
2 0.5031910570312499 0.5138972500000001 0.025236024999999974 0.03670694722222226
2 0.42060042656249996 0.5414274590277779 0.12388594374999995 0.1651812569444444
2 0.54995036875 0.5136797 0.03581960781250002 0.05094344166666668