4 0.27347907578125 0.46061066180555554 0.015609885937500012 0.053869412500000005
4 0.10636147265625 0.47094923750000006 0.028465087500000007 0.09413543611111111
6 0.0935062734375 0.3857920409722223 0.013773429687500005 0.026118501388888878
6 0.082640573046875 0.3836154979166666 0.01193697265625 0.026118501388888878
7 0.13152476875 0.3232164597222222 0.01560988593749999 0.029383311111111136
7 0.067707884375 0.2758766791666667 0.0110187453125 0.016324063888888872
7 0.287711619140625 0.3716445145833333 0.014691658593750035 0.016324065277777796
7 0.293220988671875 0.40184403124999996 0.0073458273437500225 0.017956470833333307
6 0.48053962109375004 0.33409916458333333 0.0073458281250000645 0.03264812638888889
6 0.42772757851562504 0.33214368680555556 0.007345827343749977 0.032648129166666665
6 0.51400402109375 0.2994955597222222 0.009256376562500002 0.035912938888888885
7 0.927002756640625 0.060518063194444444 0.029383314843749987 0.07998791250000001
6 0.5433502906250001 0.40402058125000007 0.007345828124999976 0.02122128472222226
6 0.534168003515625 0.40483678124999994 0.007345825781249982 0.01958887916666667
2 0.614127981640625 0.48477368125 0.09733222890624997 0.16160822916666662
7 0.641674840625 0.3566297784722222 0.009182285937500012 0.013059251388888842
7 0.643052183984375 0.3754024555555555 0.00826405859374999 0.017956472222222193
2 0.70595084140625 0.5212802243055555 0.19650091874999998 0.23016930138888891
2 0.8591744289062501 0.5804394951388888 0.277063859375 0.4733978513888889
2 0.43782809375 0.5719590201388889 0.26261337500000004 0.38851271805555554