6 0.39978615624999997 0.4898693770833333 0.007020420312499986 0.022881373611111085
6 0.46179987499999997 0.5002699986111111 0.007020420312499986 0.0228813722222222
6 0.420262383984375 0.5491529298611111 0.005850350781249958 0.016640995833333328
6 0.4278678402343751 0.5616336770833333 0.007020421093749984 0.0166409986111111
6 0.5191333121093751 0.5699541798611111 0.00468028046875002 0.016640995833333328
6 0.5249836640625001 0.57099424375 0.009360562499999947 0.018721123611111067
7 0.4770107875000001 0.5782746777777777 0.004680279687500022 0.016640997222222214
7 0.414997068359375 0.5637138048611111 0.007020421093749984 0.0166409986111111
4 0.38984055976562504 0.6011560493055556 0.005850352343749999 0.020801245833333346
4 0.35941873515625 0.6001159868055556 0.0058503515625 0.02704162083333333
4 0.354153419140625 0.6001159881944444 0.007020421093749984 0.031201870833333346
4 0.364684051171875 0.6032361756944444 0.00468028046875002 0.024961498611111133
4 0.38399020859375 0.599075926388889 0.005850350000000004 0.02080124722222223
9 0.40037119140625005 0.5897153645833334 0.01755105156250001 0.039522370833333376
2 0.4571195949218749 0.5990759256944445 0.007020421093749984 0.024961498611111133
2 0.46296994570312505 0.6042762375 0.009360561718750039 0.027041622222222214
2 0.469990365234375 0.605316298611111 0.009360561718750039 0.029121744444444413
2 0.442493716015625 0.5886753020833333 0.019891192968749926 0.008320498611111067
2 0.45185427890624996 0.6063563625 0.01287077187500003 0.03120187222222223
2 0.5249836640625001 0.6198771756944444 0.03510210468750001 0.049922993055555524
2 0.53258911953125 0.6271576097222222 0.029251754687500055 0.06032361666666664
2 0.562425909375 0.6261175472222222 0.049142945312499985 0.07488448888888889
2 0.579976962109375 0.6406784187500001 0.05382322890625 0.07904473750000002
2 0.640235575390625 0.6448386680555556 0.09945596484375 0.11648698333333335
2 0.7841542050781249 0.6760405416666667 0.22816368203124995 0.22049322500000004
2 0.295649910546875 0.5907554270833333 0.09594575390625 0.13312798194444436
2 0.42435762890625 0.5855551173611111 0.016380981250000027 0.010400623611111114
2 0.484031208203125 0.607396425 0.023401403906250007 0.0332819972222222
2 0.42669777070312503 0.6250774840277777 0.05616336796875001 0.07696461527777781
2 0.93626332734375 0.7686060902777778 0.12519750781250014 0.22257334722222225
2 0.06416493906250001 0.6635597930555556 0.12832987812500002 0.1955317277777779
6 0.412071892578125 0.5533131798611111 0.00819049140625001 0.0166409986111111
6 0.385745313671875 0.5751544881944445 0.009360560156249998 0.014560873611111053
2 0.21550010468750003 0.5928355513888889 0.012870771874999987 0.016640997222222214
2 0.19911912265625 0.5928355486111111 0.019891192187500017 0.02080124722222223
2 0.18332317539062498 0.5886753 0.025741544531249994 0.029121744444444413
2 0.2277858421875 0.5907554270833333 0.01638098437500002 0.024961498611111053
2 0.14997617421874998 0.5917954888888889 0.019891192187499997 0.03120187222222223
2 0.125989737109375 0.5886753 0.02340140234375001 0.029121744444444413