2 0.64388649296875 0.28928561041666667 0.007382809375000044 0.01499999583333336
2 0.652851333984375 0.29866060694444446 0.01898436796874998 0.02999999166666668
2 0.6697263281250001 0.30522310555555554 0.02742186562500004 0.0393749861111111
2 0.54527324609375 0.27589275347222225 0.006328123437500022 0.018749995833333345
2 0.53841778046875 0.27589275347222225 0.009492184375000079 0.018749995833333345
2 0.52998028203125 0.2749552534722222 0.007382809374999954 0.020624990277777755
2 0.709352444921875 0.31526773888888887 0.05906248046874998 0.08624996944444444
2 0.163737183203125 0.23783194722222223 0.07382809921875 0.06749997777777779
2 0.615012936328125 0.32501941666666667 0.06302054921874997 0.09562496666666666
2 0.775983062890625 0.3550194076388889 0.11285152421875004 0.14812494861111114
2 0.501237065625 0.2743944333333333 0.016874993749999945 0.024374991666666665
2 0.0580077921875 0.3140623895833333 0.116015584375 0.37687486805555553
2 0.86167938515625 0.3234373847222222 0.018984368750000157 0.031874986111111094
7 0.129237240625 0.36160742083333336 0.1584308828125 0.18696058333333335