7 0.42386187109374995 0.28514556527777773 0.052588321874999976 0.04113575277777777
7 0.16880851328125002 0.36180765277777777 0.2366474484375 0.13462610555555554
7 0.37916179765624997 0.3580680375 0.14619553437500002 0.1159280333333333
7 0.21049790078125002 0.5936637194444444 0.029449460937500005 0.02804710555555556
7 0.25722919921875 0.5922613631944444 0.013817579687500015 0.025242393055555586
2 0.22297448359375 0.646018313888889 0.014724731249999979 0.014958461111111158
2 0.328151124609375 0.6422787013888889 0.010517664843749986 0.018698074999999963
2 0.33130642578125 0.6469532166666666 0.010517664062500032 0.016828266666666675
2 0.31447816171875004 0.6441485069444445 0.01893179531249998 0.022437686111111077
2 0.3586523515625 0.6478881208333334 0.010517664062499987 0.029916913888888844
2 0.281873402734375 0.6591069611111111 0.042070657031250035 0.05983382222222223
2 0.384946512890625 0.6497579277777779 0.02524239453124997 0.04113575555555558
2 0.418077155859375 0.6553673472222222 0.03260476015625002 0.04861498333333335
2 0.308167563671875 0.6675210930555555 0.04417418828124999 0.050484786111111096
2 0.22981096601562498 0.6806097423611112 0.051536553906250004 0.05796401527777783
2 0.136203751953125 0.7021125243055555 0.13778140078124998 0.13836572083333332
7 0.24050392031249998 0.5933520847222222 0.012621196874999985 0.01869807222222227