2 0.4398045328125001 0.3815623659722222 0.03585936250000001 0.041249987500000015
2 0.40025376562500004 0.3665623715277778 0.04113279687500002 0.05999998194444443
2 0.355956905859375 0.33562488333333335 0.04324217265625001 0.14062495277777778
2 0.29214833515625005 0.32718738680555554 0.10124996406249998 0.17249994027777776
2 0.143437449609375 0.4546873416666667 0.28687489921875 0.36749987222222225
2 0.523124816796875 0.4096873555555556 0.13710932578125004 0.25874990833333333
6 0.44613265703125 0.3224998888888889 0.010546871875000008 0.024374991666666665
7 0.8474411097656249 0.30281239652777775 0.025312491406250005 0.041249987500000015
4 0.7667575441406249 0.39374986111111115 0.02003905546875 0.07312497499999995
7 0.667616953515625 0.2681249076388889 0.013710932031249979 0.02437499027777778
7 0.663398206640625 0.29531239791666664 0.009492185156249989 0.022499993055555556
7 0.15503900937499998 0.11156245833333332 0.02953124062500001 0.1312499527777778