2 0.42374896757812497 0.6172916722222223 0.00877327109374999 0.010397944444444423
2 0.4349592578125 0.6172916749999999 0.007798464062499999 0.01386393611111111
2 0.45006877929687494 0.6233571451388888 0.016571733593749992 0.012130943055555576
2 0.45640503046875003 0.629422617361111 0.021445771874999943 0.013863937499999994
2 0.452505797265625 0.6476190291666667 0.021445769531250037 0.0329268416666667
2 0.436908874609375 0.6458860347222223 0.021445774218750026 0.03639281944444445
2 0.419849736328125 0.65455099375 0.03996712109375 0.050256754166666674
2 0.545989880078125 0.6372210798611111 0.02047096484375004 0.025994876388888914
2 0.626898931640625 0.6606164701388889 0.06726174140625005 0.10397950972222232
6 0.4299744890625 0.14553382430555556 0.024169012499999986 0.15523607916666665
6 0.6985623578125 0.30770008680555555 0.015592907812500023 0.09425047638888889
6 0.45687225703125006 0.1469198597222222 0.021830073437500007 0.1386036388888889
6 0.404636008984375 0.14830589722222223 0.024948655468750046 0.13583156944444444
6 0.6810203343750001 0.30770008680555555 0.016372553125000078 0.09425047638888889
6 0.14735299765624998 0.5434648909722222 0.015592907812500001 0.0180184736111111
6 0.123573809375 0.5448509270833333 0.016372553124999988 0.020790545833333358
6 0.910236109375 0.51518975625 0.013253973437500122 0.020790545833333358
6 0.884117984375 0.51518975625 0.009355743749999946 0.0180184736111111
7 0.3452529953125 0.5531295958333333 0.019491137500000023 0.03465091111111115
7 0.647261694140625 0.6061137555555556 0.012474325781249984 0.020790550000000015
6 0.7141552687500001 0.3132442326388889 0.014033618749999999 0.09147840416666667