2 0.332165773046875 0.5467588902777777 0.018521347656249975 0.03465983611111112
2 0.320468079296875 0.5562903430555556 0.022420580468750017 0.04679077499999996
2 0.31072000117187504 0.5658217986111111 0.022420580468749972 0.05198975277777775
2 0.29853490312500003 0.5779527416666668 0.027294620312500007 0.0623877027777778
2 0.28147576406249997 0.5892171875 0.03411827343749998 0.07798462777777779
2 0.244433067578125 0.600481636111111 0.06921135703125003 0.10397950555555559
2 0.20641556093749996 0.6334084763888889 0.11015328593749998 0.1282413861111111
2 0.365382351171875 0.5607094743055556 0.012526282031249992 0.027901168055555557
2 0.374716135546875 0.5685945854166666 0.015596924218750008 0.04332479305555555
2 0.38982565742187497 0.5772595430555556 0.03606788984375 0.06412069444444445
2 0.416632873046875 0.5893904854166667 0.06043808515625 0.0779846263888889
2 0.44538970546875 0.624050320138889 0.08090905156249999 0.11264445972222224
2 0.866289388671875 0.6360079638888889 0.22810503671875004 0.17676515555555558
7 0.397894219140625 0.5320284590277778 0.010722888281249964 0.024261881944444418
7 0.38765873515625 0.5302954680555555 0.007798462499999959 0.027727866666666597
7 0.10788888398437502 0.4271824618055555 0.03314346640625001 0.02252889305555562
7 0.258984098828125 0.5051670895833333 0.011697692968750006 0.01906291249999994
6 0.34574199882812506 0.5259629888888889 0.011697694531250002 0.015596924999999985