6 0.398358164453125 0.33137849444444445 0.008264057031249994 0.02285368888888889
6 0.466984823828125 0.33266109930555554 0.005509372656250022 0.017956473611111117
6 0.40454527890624997 0.3327777 0.007345828124999976 0.02285368888888889
6 0.472035080859375 0.33277769791666667 0.008264057031250082 0.016324059722222253
7 0.4325512515625 0.36869064097222226 0.0064276000000000446 0.016324062500000024
6 0.46928039453125 0.36950684375 0.006427599999999955 0.014691656944444513
7 0.65491506328125 0.26635430416666667 0.019282800000000044 0.05822250277777776
7 0.6531665984374999 0.30770860347222223 0.014691660937500028 0.031015720833333343
7 0.87721438515625 0.15344619861111114 0.04223851562499999 0.11753325833333333
7 0.86581304296875 0.32852178125000003 0.02280268749999994 0.08570133472222226
2 0.42697629296875006 0.42034464097222224 0.009182284374999928 0.022853690277777776
2 0.38198309140625 0.4268742673611111 0.014691657812500036 0.029383315277777752
2 0.362700291015625 0.4431983284722222 0.031219772656250023 0.08814994305555557
7 0.262875726171875 0.37469556458333336 0.014166955468749975 0.02949991805555554
2 0.316788862109375 0.45544137847222227 0.09916868671874997 0.14854897916666665
7 0.5405305796875 0.36565902638888886 0.0128552 0.009794438888888932
6 0.5478764078125 0.36974004236111113 0.0128552 0.017956470833333387
2 0.516656634765625 0.4056529861111111 0.009182283593749929 0.02448609444444448
2 0.529511836328125 0.41463122013888887 0.022037483593750018 0.05223700416666672
4 0.61773828203125 0.41055020277777776 0.013773429687500015 0.058766627777777816
2 0.183365482421875 0.4800440784722222 0.22565764765625002 0.25302298749999996
7 0.025010253906250002 0.3243824659722222 0.032138 0.08255312638888886
2 0.050732130468750004 0.5256348513888889 0.10146426093750001 0.44401453333333335
2 0.405983288671875 0.42769047222222223 0.044074972656249975 0.06856106666666667
2 0.480359803125 0.45054416319444446 0.09365931562499999 0.1371221375
2 0.553479494921875 0.42034464097222224 0.054669032031249995 0.07672309305555558
2 0.708872468359375 0.4372128402777778 0.17262697421875 0.21058041944444442
2 0.9638556625 0.39561560972222226 0.04735333750000006 0.09795922777777777
2 0.877758684765625 0.3703604951388889 0.049075277343749946 0.06275512361111109
7 0.8984219609374999 0.3229114979166667 0.009470668750000045 0.04438777638888887