7 0.36077639296874997 0.4339411284722222 0.05712372187499999 0.07278565416666664
7 0.143394234375 0.47691932291666667 0.02670973593749999 0.037432620833333395
7 0.144174080859375 0.4278756583333333 0.03411827578125 0.04332479444444443
7 0.14222446523437499 0.3906163354166667 0.028269428906249994 0.02426188472222227
7 0.112492825390625 0.3880168465277778 0.025345003906250007 0.02252889027777777
7 0.11298022929687501 0.42700916180555554 0.028269427343750007 0.045057784722222195
7 0.111518017578125 0.46340198680555555 0.02729461953125001 0.03119384861111109
7 0.3033602015625 0.43186153680555556 0.02885431249999999 0.06862647083333329
7 0.43476429921875004 0.4583763111111111 0.009748078124999981 0.015596924999999985
7 0.8867502238281251 0.2605264277777778 0.04289154609375014 0.0623877027777778
7 0.778546552734375 0.5196086902777778 0.00974807890624998 0.012130941666666612
2 0.25783667460937504 0.4583763104166667 0.043866352343750005 0.0779846263888889
7 0.34020793828125 0.4791722118055555 0.013647309375000027 0.032926843055555585
7 0.34215755390625 0.5051670881944444 0.011697693750000005 0.015596926388888871
2 0.7458904898437501 0.537805117361111 0.039967121875 0.02426188472222219
2 0.8243625214843749 0.537805117361111 0.03119385078124992 0.020795901388888892
2 0.894061282421875 0.5421375958333333 0.022420580468750017 0.02599487500000003
2 0.869691086328125 0.5490695631944444 0.028269427343749952 0.03639282638888888
2 0.9755389511718751 0.56148931875 0.04386635234375014 0.03639282638888888
2 0.516648157421875 0.5008346097222222 0.03899231171875002 0.05198975277777775