2 0.49763940507812504 0.47431982847222226 0.016571733593749992 0.03985880972222217
2 0.511774119140625 0.4682543576388889 0.017546541406249984 0.027727868055555563
2 0.546867201171875 0.4760528208333333 0.025345003906249986 0.0329268416666667
2 0.439150934375 0.46912085486111105 0.014622117187500016 0.019062909722222247
2 0.421116989453125 0.4708538479166667 0.025345003906249986 0.03639282638888896
2 0.39967121601562494 0.4795188048611111 0.03704269765624999 0.04332479305555555
2 0.37968765625 0.4838512840277778 0.039967121875 0.045057784722222195
2 0.308039278515625 0.46912085347222227 0.031193849218750014 0.02946085972222221
2 0.344107170703125 0.4925162430555555 0.07213578046875 0.062387702777777714
2 0.27002177265625005 0.5063801756944445 0.10332963124999997 0.10397950416666661
2 0.1135651140625 0.4873172701388889 0.227130228125 0.30154056250000005
2 0.469369977734375 0.5063801756944445 0.07311058828124999 0.10397950416666661
2 0.749139829296875 0.5037806874999999 0.14719598515624996 0.15770224722222229
2 0.5244466203125 0.4803853006944444 0.029244234374999945 0.0415918013888889
7 0.56782556953125 0.37727229375 0.012672501562500039 0.025994876388888914
7 0.39772160156249997 0.4431259777777778 0.011697695312499956 0.022528891666666735
7 0.240777537890625 0.3928692194444444 0.02144577265625003 0.04332479444444443
7 0.5122615234375 0.4387935006944444 0.008773270312500081 0.020795898611111124