9 0.1920371453125 0.4575098159722222 0.3216865890625 0.22875490694444445
2 0.556127875390625 0.46530827847222217 0.09845559296875006 0.11957642916666668
2 0.350930824609375 0.4627087916666667 0.11307771015624998 0.11784343611111107
2 0.41283112265625005 0.4592428076388889 0.03216865937500004 0.07278565416666673
2 0.4347643 0.4523108416666667 0.03899231406250001 0.05198975277777775
2 0.46010930312500004 0.44364588194444443 0.04289154531249997 0.03465983333333335
2 0.4825298828125 0.4349809229166667 0.01169769374999996 0.027727868055555563
2 0.51177411875 0.43411442638888886 0.027294620312500052 0.036392827777777845
2 0.9665219792968749 0.4835046923611111 0.0653121257812499 0.19062908749999993
2 0.89048696796875 0.4575098159722222 0.21738215 0.21142499027777775
2 0.822737821484375 0.4565405965277778 0.1286746351562499 0.18522467083333333
2 0.7223326140624999 0.4410463958333333 0.12867463437499999 0.10571249444444437
2 0.689189147265625 0.43411442777777776 0.08188386015624997 0.07105266111111111
2 0.680903280859375 0.42544946944444445 0.10040520859374995 0.08491659444444445
2 0.6238770214843751 0.44364588194444443 0.015596925781250003 0.03465983333333335
2 0.622414809765625 0.42458297222222224 0.03021904296875002 0.05892171666666665