7 0.664005145703125 0.4821521409722222 0.011597941406250012 0.02061855972222225
7 0.67618298125 0.40998718125 0.03131443750000003 0.02061855972222225
7 0.657626278125 0.36565727777777773 0.02435567343750007 0.03505155277777775
7 0.924958797265625 0.5244201895833334 0.01855670546874997 0.039175262499999995
2 0.498363480078125 0.5785567930555555 0.008118557031249996 0.02886598333333339
2 0.487345437109375 0.5806186486111111 0.020876292968750043 0.03711340555555556
2 0.4653093515625001 0.5857732902777777 0.037113407812500034 0.05154639999999999
2 0.46414955781249995 0.5960825694444444 0.03479382031249996 0.05567011111111108
2 0.4473325453125 0.6043299930555556 0.040592792187500046 0.0639175361111111
2 0.421817077734375 0.6177320569444444 0.06378867109375004 0.08247423888888893
2 0.532345448828125 0.5728523173611111 0.016237114843750077 0.01855670416666663
9 0.5143686421875 0.5666667493055556 0.015077321874999949 0.03092784027777774
9 0.22096383515625 0.6120490701388889 0.440721721875 0.30103097638888887
2 0.949640103515625 0.6120490694444445 0.09807396171874991 0.13195878611111114
2 0.0174023375 0.8512497027777777 0.034804675 0.1724999416666667