2 0.35434265195312503 0.30587303958333334 0.008773271093750035 0.04332479305555555
2 0.013159905859375001 0.4193839979166667 0.026319811718750002 0.3812581791666667
2 0.343619765625 0.30240705625 0.016571732812499997 0.05372274305555559
2 0.338258322265625 0.30847252708333334 0.019496157031250006 0.04852376805555557
2 0.30901408750000003 0.3119385104166667 0.04484116093749999 0.0554557347222222
2 0.38017506015625 0.30673953541666665 0.03899231406250001 0.06585368472222221
2 0.42452881679687504 0.31453799791666665 0.03606788984374996 0.05025675972222222
2 0.40405785234374997 0.30500654375 0.006823654687500014 0.024261884722222227
2 0.44597458945312496 0.31367150208333333 0.010722886718749968 0.0415918013888889
2 0.45231084062499993 0.31540449374999996 0.007798462500000003 0.04505778472222224
2 0.47668103671874995 0.3145379986111111 0.033143467187500074 0.06758667777777777
2 0.48009286445312505 0.32060346944444446 0.02242058046874993 0.05198975277777775
2 0.5078748875000001 0.3162709902777777 0.04289154531249997 0.07451864444444445
2 0.545892393359375 0.32926842777777776 0.06628693359374997 0.08318360277777777
2 0.653121256640625 0.3500643284722222 0.14622117734375006 0.13863933750000001
2 0.8490576339843748 0.40378707222222227 0.30024081640624994 0.29114261111111106
4 0.585859515234375 0.3197369729166667 0.01949615703124996 0.12650839583333334
7 0.6336250996093751 0.1455713048611111 0.025345003906249986 0.020795901388888892
7 0.623389617578125 0.17936464375 0.014622117968750015 0.019062909722222226
7 0.47521882499999996 0.26601422986111106 0.012672501562499949 0.025994876388888876
7 0.31729995390625 0.23915285833333333 0.016571732812499997 0.027727866666666677