2 0.373612127734375 0.5874102715277778 0.022941841406249976 0.028549848611111154
2 0.39770106054687504 0.6037244687500001 0.022177113281250004 0.05030211249999997
2 0.42217235781249995 0.6112018090277778 0.028294937500000027 0.05438066249999996
2 0.4642324015625 0.6112018097222222 0.07111970781250002 0.09244712500000002
2 0.5510290351562499 0.6504012069444444 0.11317975156250001 0.15634440277777778
2 0.7133797171875 0.6870090159722223 0.2928908437500001 0.2882175041666667
2 0.22143124414062498 0.5846912375 0.024471297656250002 0.023111780555555583
2 0.1862537546875 0.5894495451388888 0.032118578124999984 0.03262839583333338
2 0.029484503515625 0.611201811111111 0.05658987578125 0.10060422222222225
2 0.08033891953125 0.607123261111111 0.04053058750000001 0.0842900277777778
2 0.132340426953125 0.6084827770833333 0.07417861953124999 0.10604229027777781
2 0.260050011328125 0.5792531729166667 0.028294938281250025 0.03670694583333337
2 0.309374970703125 0.607123261111111 0.05811933203124999 0.07341389166666666
6 0.346846645703125 0.4902048395833333 0.01529456171875001 0.027190331944444385
6 0.20231304414062498 0.48680604583333337 0.013765105468749983 0.025830813888888887
7 0.58811834453125 0.5065190368055555 0.020647657812499977 0.029909362499999995
7 0.40458361328125003 0.5296308180555556 0.013000376562500016 0.01903323055555551
2 0.34455246171875 0.57789365625 0.010706193750000014 0.02311178194444447
2 0.359847022265625 0.5826519618055557 0.01223564921875 0.021752262500000008
2 0.8894937277343751 0.8143516972222222 0.21851404453124995 0.36344668611111114