6 0.510863906640625 0.4593746840277778 0.011865225781250021 0.02343748472222226
6 0.44362762460937494 0.44531219375 0.011865225781250021 0.02343748472222226
6 0.444945983203125 0.4980465326388889 0.009228508593750018 0.02109373472222226
6 0.5446703886718749 0.5072541020833333 0.007910150781250014 0.018749984722222182
2 0.34384715468750005 0.5198101868055556 0.03476613125000001 0.04520028472222219
2 0.183545425390625 0.4779814208333333 0.07060415859374998 0.06256320555555553
2 0.276758855859375 0.5100047402777778 0.11318598359375001 0.09992086944444449
2 0.41594209609374994 0.52014471875 0.03823239374999998 0.05390621527777779
2 0.44998852421875 0.5424824069444445 0.03869418437499998 0.056394116666666605
2 0.5477779437500001 0.54592595 0.02768552812499996 0.03984371944444444
2 0.61256585 0.5295197111111111 0.025048810937500044 0.03984371944444444
2 0.59213129375 0.5154572208333333 0.021093735937500035 0.035156222222222214
2 0.5840328015624999 0.5576446930555556 0.050097621875 0.07265619722222227
2 0.49965785937499996 0.5857696722222222 0.10019524375 0.1523436416666666
2 0.355658597265625 0.5094549479166667 0.036317657031250006 0.06428574305555554
2 0.106127856640625 0.49436348680555553 0.21225571328125 0.19921861250000003
7 0.590662833203125 0.4447863020833333 0.03420083828124998 0.03443929027777778
7 0.396825898828125 0.4767853722222223 0.010546867968749974 0.023437480555555525
7 0.56491660390625 0.4838166194444445 0.009228510937500012 0.028124980555555526
1 0.807023724609375 0.49854875833333334 0.38496067421875 0.9970975166666667
2 0.46292779882812496 0.5056284159722222 0.031855882031250005 0.019897968055555597
7 0.529652955859375 0.47501615763888894 0.008609697656250059 0.019897968055555517