2 0.36691388125 0.43897349513888884 0.064370859375 0.023245031944444446
2 0.332716864453125 0.45059600833333335 0.06034768046875003 0.035761588888888855
2 0.379486315625 0.4577483277777778 0.033191225000000026 0.02860927222222224
2 0.41519202539062494 0.4783112395833333 0.05230132265625 0.09119205138888889
2 0.589194502734375 0.4657946861111111 0.014081124218749963 0.059006619444444415
2 0.610316189453125 0.4899337555555555 0.04827814453125008 0.07152317500000002
2 0.677704432421875 0.52569534375 0.12471853984374999 0.1430463513888889
9 0.509736724609375 0.4228807763888889 0.14885761015625007 0.33437084722222227
2 0.1331672078125 0.5829138847222222 0.266334415625 0.47205296111111117
2 0.88436436875 0.6830463319444444 0.2302652421875 0.44344369166666664
6 0.58919450078125 0.3450993236111111 0.006034767187500023 0.028609266666666657
6 0.593720578515625 0.3406291270833333 0.009052152343750031 0.026821190277777796
2 0.22006786093750003 0.4568542875 0.02816225000000001 0.03754966666666664
2 0.18587084101562498 0.4613244868055555 0.030173839843749994 0.0321854291666667
6 0.65557695 0.42466885763888895 0.012069537500000038 0.01609271249999998
7 0.7234680906250001 0.36119203958333335 0.023133276562499992 0.014304634722222234