7 0.92435055703125 0.3754684847222222 0.03955075468749989 0.08437494166666666
6 0.90391600078125 0.2981247888888889 0.009228509375000016 0.051562466666666674
6 0.948740188671875 0.2864060451388889 0.03559567890624997 0.05624995972222221
6 0.6224464675781249 0.040312465972222225 0.04482418828124999 0.07968744583333334
2 0.34738745625 0.5170308944444445 0.009228509374999971 0.018749986111111148
2 0.324316183203125 0.5158590229166666 0.015820300781249984 0.02578123194444449
2 0.526420540625 0.5252340125 0.025048810937499954 0.025781233333333296
2 0.5455367375 0.5182027694444444 0.015820301562500028 0.016406236111111146
2 0.5521285304687501 0.5439840006944444 0.0527343390625 0.04453121805555556
2 0.587065030078125 0.5170308965277778 0.014501942968749936 0.014062490277777803
2 0.5995894355468749 0.5228902645833333 0.021093735156250036 0.016406237499999952
2 0.621342350390625 0.5146871472222222 0.01713866015625003 0.014062491666666687
2 0.64177690625 0.5111715270833334 0.02109373437499995 0.011718743055555573
9 0.622660708984375 0.5486714979166667 0.08569330078124997 0.06796870416666663
2 0.660233925 0.5099996527777778 0.01054686718750002 0.014062491666666687
2 0.67078079296875 0.5346090090277777 0.015820301562500028 0.03515622638888887
2 0.712572751953125 0.5064840263888889 0.01713866015625003 0.016406238888888917
2 0.7297114121093751 0.5088277777777778 0.014501942968750025 0.011718741666666688
2 0.71257275234375 0.5322652583333334 0.019775376562500037 0.035156224999999985
2 0.7270746953125 0.5228902659722222 0.009228509375000016 0.03046872916666664
2 0.744872533984375 0.5322652611111112 0.03164060390624997 0.025781230555555527
2 0.777831496484375 0.5228902645833333 0.026367169531250047 0.016406237499999952
2 0.780468213671875 0.5404683791666667 0.02373045234375004 0.028124983333333298
2 0.73893992109375 0.5580464916666666 0.05405269687500001 0.03984372222222221
2 0.854955466796875 0.5167965201388889 0.013183585156250111 0.018749987499999954
2 0.87077576875 0.5132808972222223 0.018457018749999853 0.011718741666666688
2 0.886596069921875 0.5144527715277778 0.010546867968750106 0.018749987499999954
2 0.897802116796875 0.5074215263888889 0.01713866015624994 0.014062491666666687
2 0.895824579296875 0.5238277631944445 0.02109373515624995 0.018749987499999954
2 0.8951654003906249 0.5437496263888889 0.019775377343749945 0.039843722222222294
2 0.8720941269531248 0.5578121159722221 0.047460905468749995 0.049218718055555555
2 0.8628656175781249 0.5261715131944444 0.02373045234374995 0.018749987499999954
2 0.939989587890625 0.5320308847222222 0.025048810156249955 0.021093736111111067
2 0.9413079464843751 0.5144527715277778 0.019775377343749945 0.018749987499999954
2 0.97097101171875 0.5191402680555555 0.03427732031249988 0.023437483333333297
2 0.742235817578125 0.5917964694444444 0.06723628203125002 0.09843743333333334
2 0.8266107593750001 0.5953120909722223 0.16743152500000003 0.10546867638888892
2 0.9803807914062499 0.5032027715277778 0.027685526562500052 0.02578123194444449
2 0.9784032542968749 0.5219527590277778 0.042187471093749984 0.02109373472222218
9 0.9632421320312499 0.5676558527777777 0.07250971718750013 0.08906243888888889
6 0.43721710273437503 0.4680465458333333 0.00659179296875001 0.021093736111111146
6 0.41678254648437496 0.4551559298611111 0.00527343359375001 0.01874998750000003
6 0.36470738750000004 0.4539840548611111 0.006591792187499968 0.021093737500000032
6 0.325156633203125 0.4551559298611111 0.00659179296875001 0.01874998750000003
6 0.4510598671875 0.48679653263888883 0.0052734328125000115 0.02578123194444441
6 0.30933633125000004 0.49148402986111106 0.009228509374999971 0.02578123194444441
1 0.37262742382812497 0.5137496402777778 0.014482171093750029 0.014062491666666687
7 0.468857705859375 0.48679653263888883 0.022412094531249947 0.02578123194444441
2 0.576963100390625 0.5099996506944444 0.01713866015624994 0.014062490277777803
2 0.560483619140625 0.5135152736111112 0.013183585156250021 0.011718744444444458
2 0.41826060351562494 0.5165452020833333 0.00906416015625 0.008952256944444454
2 0.4368924874999999 0.5174404277777778 0.010071289062500011 0.010742708333333361
2 0.40567149296875 0.5120690743055556 0.010071289062500011 0.01432360972222221