7 0.670695455078125 0.43010222986111113 0.08609697734375006 0.09336738749999998
7 0.55015968359375 0.4385206055555555 0.14119904062500002 0.07346941944444446
7 0.49850149726562504 0.5418369763888888 0.04649236484374999 0.019897966666666635
7 0.566948597265625 0.5563777979166666 0.007748727343749984 0.01836735416666673
2 0.529783408203125 0.5711737319444444 0.012053578906250006 0.013775513888888863
2 0.508689651171875 0.5704084270833333 0.01119260859375002 0.015306131944444464
2 0.53839310703125 0.5857145590277778 0.022385215624999955 0.024489804166666733
2 0.5198822578125 0.5887757784722223 0.018080365625000018 0.02142857916666669
2 0.48773937578125004 0.6010206861111111 0.050797217187499924 0.06734696944444446
2 0.564939683984375 0.5892859819444445 0.019802307031250077 0.024489808333333307
2 0.5992349628906251 0.5946431263888889 0.03788266953125001 0.04744900555555552
2 0.6487407218750001 0.59540843125 0.031855878125000014 0.024489804166666653
2 0.9373090972656251 0.6030614965277777 0.12053576484374987 0.12857148472222218
2 0.4475321031249999 0.5736737527777778 0.03271685 0.03367348055555557
2 0.40362264609375 0.5621941590277777 0.04649236875000003 0.059693906944444486
2 0.34335476132812504 0.5813268222222222 0.056824005468750015 0.033673483333333344
2 0.292127047265625 0.5882145750000001 0.04046558046874997 0.02908164166666667
2 0.250972689453125 0.5908165909722223 0.024968121093750018 0.024489804166666653
2 0.186830440625 0.5693880104166666 0.105038309375 0.055102065277777806
2 0.11364801015624999 0.5892859777777777 0.0413265484375 0.03061225833333331
2 0.046922851953125 0.5869900604166667 0.09384570390625 0.044387779166666676
2 0.7926661749999999 0.6579084784722222 0.2823980843749999 0.25867358194444445