6 0.344711069140625 0.3676189381944444 0.02677898203125002 0.018702776388888905
6 0.45565256171875 0.43392879930555556 0.00956392187499997 0.011901768055555569
6 0.418353266796875 0.4483809479166666 0.013389489843750014 0.010201515277777733
7 0.6918814328125 0.35547428125 0.02677898125000002 0.04250631805555558
7 0.6904468464843749 0.3894793361111111 0.01625866796875002 0.025503791666666664
7 0.6894904531250001 0.42433451875 0.03156094218750001 0.03740555972222223
7 0.6909250421875 0.4673266305555556 0.017215059375000053 0.044206572222222226
7 0.2404643203125 0.44157993888888886 0.019127842187500032 0.01360202222222229
6 0.50490676015625 0.4022312263888889 0.008607531250000022 0.02380353888888883
4 0.07835584414062499 0.5635123479166667 0.03156094140625 0.10881617638888888
2 0.015029019140624999 0.5297501854166667 0.030058038281249998 0.027204045833333388
2 0.120027219921875 0.5177269701388889 0.016258667968749994 0.025503790277777702
2 0.059296316015624996 0.5296287395833333 0.03825568828125 0.03230480416666666
2 0.08703168828124999 0.5279284888888889 0.034430118749999995 0.039105813888888875
2 0.11141968984374999 0.5262282368055556 0.021997018749999996 0.03570530972222225
9 0.048776001953125 0.5100758326388889 0.059296316406249994 0.03060454861111113
9 0.18649647734375 0.5058252013888889 0.08416251562499999 0.05270783611111117
2 0.18840926171875 0.5406803826388888 0.08990086562499999 0.051007584722222214
2 0.5427525671875 0.5449310166666667 0.04303764843750004 0.07651137777777776
2 0.619263957421875 0.5619335430555555 0.15015357265625004 0.19892957499999997
6 0.287874062890625 0.4684196423611111 0.011476707031249988 0.02550379583333332
2 0.42839538476562494 0.6750003541666667 0.29552518671875 0.40806067222222225
2 0.808962105078125 0.6520195361111111 0.37710992421875006 0.35189751388888885
2 0.24955004609375 0.5338793736111112 0.027735373437499967 0.054408091666666616