6 0.738586634765625 0.22190143958333333 0.028315672656249992 0.039661006944444445
6 0.43054643906249995 0.2554607569444444 0.009438557812500026 0.02135592777777779
6 0.39107610781249996 0.26079973819444446 0.00943855781249998 0.019830504166666665
7 0.732580280078125 0.10368112499999999 0.028315672656249992 0.019830505555555572
7 0.7042646078124999 0.09376587222222221 0.01973516562500004 0.021355925
7 0.7042646078124999 0.17308789375 0.023167368749999983 0.08542371527777778
7 0.588632523828125 0.23946764513888885 0.009029038281249947 0.02597986805555554
7 0.0028081734375 0.1685116201388889 0.005148304687499999 0.021355926388888908
2 0.60558877890625 0.3912234423611111 0.10725633593749997 0.11593218194444448
2 0.434688482421875 0.2966948597222222 0.006864405468749979 0.022881352777777763
2 0.44455606406250003 0.3035592645833334 0.011154659374999997 0.02745762083333333
2 0.4539946222656249 0.3088982472222222 0.01287076015625006 0.03508473888888888
2 0.46214610390625 0.31805078819444443 0.008580506250000041 0.028983048611111114
2 0.46815245859375 0.3233897694444444 0.013728809374999961 0.03355931666666668
2 0.480165168359375 0.32949146180555555 0.020593216406250024 0.04271185694444443
2 0.49131982734374996 0.3378812902777778 0.01716101406249999 0.05338981944444446
2 0.52049355 0.3355931569444444 0.05663134531250007 0.08237286666666664
7 0.47587491328125003 0.2791524895833334 0.008580506249999953 0.018305081944444426
2 0.378057136328125 0.2951694361111111 0.010296607031250016 0.01983050555555555
2 0.24986435624999997 0.33406773333333334 0.06006354687499997 0.08847455833333334
2 0.307353753515625 0.30050841875 0.030889824218749994 0.021355929166666638
2 0.33052112109375004 0.29974570694444447 0.013728810937500002 0.01677965833333334
2 0.348969211328125 0.30889824652777775 0.016302963281250006 0.028983045833333342
2 0.17941839648437502 0.34932196944444444 0.10382413359375002 0.12508472500000004
2 0.310271126953125 0.35999993125 0.08752117109375002 0.10677964027777781
2 0.3925581875 0.2959321472222222 0.016302962499999962 0.01830508055555558
6 0.703816075390625 0.2288135173611111 0.006864405468749979 0.019830504166666665
7 0.80506605390625 0.3828812833333334 0.016302962500000007 0.028983044444444456