2 0.147675316796875 0.586202925 0.29364344609375 0.3593528083333334
2 0.460439732421875 0.6092694923611112 0.34554321796875004 0.46861548472222225
2 0.66120990390625 0.5303575569444444 0.09697062656250006 0.16996416666666664
1 0.14041604453124998 0.41067523958333335 0.24361453125 0.14912488749999997
2 0.83876175546875 0.4502315923611111 0.15706510000000007 0.1165468569444444
7 0.73018196953125 0.3688915993055556 0.019120968750000068 0.01699641805555553
7 0.7199385933593749 0.38710204583333335 0.02321831953125004 0.01942447499999997
7 0.663941470703125 0.36646353958333333 0.015023617968750003 0.041277009722222265
7 0.663941470703125 0.4004563729166667 0.017755185156249985 0.01699641805555553
6 0.584726028515625 0.36316832430555557 0.0068289179687500475 0.03399283194444445
6 0.5724339781250001 0.36681041319444446 0.00682891718750005 0.03642089305555554
6 0.7131096757812501 0.3376736993055556 0.006828917187499961 0.031564773611111124
4 0.9712427523437501 0.4708700993055555 0.028681453125000013 0.09469432083333335
6 0.73223064453125 0.4259509979166667 0.02048675156250006 0.019424476388888855