6 0.662415128515625 0.2257626680555556 0.010296608593750011 0.01830508055555554
6 0.733633334765625 0.27228808402777777 0.012012710156249985 0.019830504166666665
7 0.5697456546874999 0.2829660493055556 0.013728810937500047 0.035084743055555534
2 0.543146084375 0.3146185847222222 0.025741520312499943 0.030508469444444467
6 0.630667251953125 0.22080504027777775 0.008580503906249958 0.028983041666666647
2 0.700169358203125 0.3035592645833333 0.01372881015624996 0.018305081944444464
2 0.718617448046875 0.3039406215277778 0.01801906328124998 0.021355931944444448
2 0.6800051675781249 0.31233045000000004 0.01287076015625006 0.03203389444444444
2 0.704030587109375 0.34283891805555555 0.03861228203125 0.04118643333333331
2 0.6379606851562499 0.3489406118055555 0.0883792234375 0.12661014583333333
2 0.22995758359375001 0.31118638263888887 0.02402541874999997 0.030508468055555543
2 0.32520120859375 0.37601687638888887 0.1819067453125 0.18457623611111112
2 0.532772862890625 0.5713800416666667 0.37067789609375 0.4942371888888889