4 0.020010930859375 0.5753866208333334 0.026507964843750002 0.09702261666666662
6 0.39632007031249994 0.40822212013888887 0.011954571874999997 0.03788502083333335
7 0.395800305859375 0.3823494229166667 0.005717403906249974 0.010164273611111064
7 0.5977286062499999 0.37882133125000006 0.007276695312499993 0.012012323611111164
6 0.5964292125 0.4049040270833333 0.014033628125000063 0.04250514305555555
6 0.503013432421875 0.45249130833333334 0.008835988281250007 0.024948672222222176
6 0.44194116250000004 0.4829841319444444 0.006237167187499981 0.017556472222222178
7 0.44050001132812505 0.4668136951388889 0.005717403906249974 0.011088298611111075
7 0.502871691015625 0.4344728243055556 0.004677875781250051 0.007392198611111114
7 0.285610336328125 0.4802960618055555 0.015073155468749988 0.03234087083333329
7 0.27937316875 0.516333032638889 0.012994100000000008 0.013860373611111183
7 0.621779501171875 0.5084788201388889 0.009355752343750013 0.011088298611111153
1 0.5704410109375 0.5366615791666667 0.014033628125000063 0.017556469444444407
2 0.393981132421875 0.5616102534722222 0.04781828828124999 0.04158112083333331
2 0.25546402539062496 0.5565281173611111 0.020270796093749998 0.025872698611111074
2 0.276254584765625 0.5556040916666667 0.01819173984375002 0.011088297222222189
2 0.274955175 0.5671544020833333 0.013513864062500014 0.02494867083333337
2 0.176459894921875 0.5726985520833333 0.044179939843749995 0.039733070833333294
2 0.303542194140625 0.5828628256944444 0.06652979296874997 0.08778236527777779
2 0.10889057499999999 0.5824008138888889 0.10759114843749999 0.09979468888888895
2 0.23604374609374998 0.5703884902777777 0.06185191562500001 0.04435319444444445
2 0.48760952421875 0.6041153993055556 0.15852802187499995 0.2855236930555556
5 0.6342774656250001 0.5500599416666667 0.021310325000000054 0.053593444444444395
3 0.63522248515625 0.5601402104166666 0.03690324374999996 0.03696099583333334
7 0.162436403515625 0.5197820513888889 0.009875516406249996 0.026796722222222277