6 0.440437489453125 0.45118421458333335 0.005995064843749986 0.02486842361111117
6 0.58781619140625 0.44940789861111113 0.008992598437500022 0.024868422222222207
2 0.5008877375 0.5302302659722222 0.006994243749999995 0.02664473750000001
2 0.48440130585937496 0.5346710569444445 0.007993421093750008 0.024868422222222207
2 0.5323618324218751 0.5320065819444445 0.007993421093750008 0.019539472222222225
2 0.542353608203125 0.5355592131944444 0.01998355078124998 0.026644734722222157
2 0.554343740234375 0.5373355291666666 0.02597861796874996 0.026644736111111123
2 0.56233716171875 0.5435526354166667 0.01199013124999997 0.02486842083333332
2 0.572328937890625 0.5515460548611111 0.023980263281250025 0.04796052638888884
2 0.741189958984375 0.5826315819444444 0.12389802734375 0.17763158055555558
2 0.8560953871093749 0.5906250027777777 0.12189967109374997 0.12256578888888889
1 0.32902918359375005 0.508914475 0.0549547703125 0.02664473333333335
9 0.282567423046875 0.508026317361111 0.03597039453124999 0.04618420972222223
2 0.254590449609375 0.5391118458333334 0.02198190859375 0.030197369444444493
2 0.2121254 0.5373355298611112 0.05695312499999998 0.055065790277777735
2 0.09821914921875 0.5471052666666667 0.05495477031249999 0.056842105555555536
2 0.45292721093750005 0.5648684243055555 0.06494654687499998 0.12789473749999997
2 0.51487622421875 0.5506578986111111 0.03497121718749998 0.056842105555555536
2 0.637275484765625 0.6181578993055555 0.16186677734375002 0.20960526527777773
2 0.9440230187499999 0.6261513187500001 0.11190789531249994 0.11190789583333335
2 0.04776067890625 0.5462171083333334 0.0659457234375 0.11901315833333335