6 0.19312448671875 0.3180466486111111 0.011472628124999985 0.04453121666666667
6 0.319224019921875 0.2969529138888889 0.013183583593750025 0.03984372222222221
6 0.456992480078125 0.33562476180555556 0.014501942968750025 0.03281247638888891
6 0.5683937703125 0.30515603333333335 0.013183584375000024 0.037499974999999984
6 0.5828957140625001 0.30515603333333335 0.010546868749999928 0.037499974999999984
6 0.6481544578125 0.4082809625 0.009228509375000016 0.023437483333333377
6 0.790537173046875 0.38249973125000003 0.02768552734374996 0.02812498194444449
6 0.505112563671875 0.4270309493055556 0.013183585156250021 0.01874998750000003
6 0.661997221875 0.40710908888888897 0.010546868750000016 0.025781233333333296
7 0.19925339921875002 0.4246872013888889 0.015820301562500028 0.028124980555555606
7 0.645517741015625 0.3801559826388889 0.019775377343750032 0.01874998750000003
7 0.654087071875 0.36726536527777776 0.015820303125000025 0.021093736111111146
7 0.774716870703125 0.3426560083333334 0.02768552734374996 0.018749988888888878
7 0.531479733203125 0.32273414652777777 0.02109373515624995 0.02578123194444445
7 0.524228761328125 0.2969529138888889 0.03559567734374998 0.021093736111111108
2 0.171567870703125 0.45984342777777776 0.05273433828125 0.04687496944444444
2 0.45105986679687504 0.464530925 0.042187471093750074 0.042187475000000065
2 0.50049830859375 0.45984342638888887 0.035595678125000065 0.028124980555555606
2 0.7575782109375 0.4657027979166667 0.07250971718749995 0.03984372361111118
2 0.708798947265625 0.45632780416666663 0.05141598046875 0.035156224999999985
2 0.816904341015625 0.47390591736111115 0.12260733671875004 0.07499994861111109
2 0.5723488453125001 0.4551559298611111 0.031640603124999965 0.01874998750000003
2 0.05752986328125 0.462187175 0.05405269687499999 0.028124980555555606
2 0.118833532421875 0.45867155277777777 0.05273433828125 0.03984372222222221
2 0.300107821875 0.45632780416666663 0.061962848437500016 0.03984372222222221
2 0.5387307046875 0.462187175 0.035595678124999974 0.032812477777777835
2 0.40623567890625 0.45867155277777777 0.03691403750000002 0.04453121944444444
2 0.59344258125 0.46101530069444446 0.026367168749999958 0.02578123194444449
2 0.012615041015625 0.4692184208333333 0.02523008203125 0.06093745833333328
2 0.8650244265625 0.628593311111111 0.26894512812500004 0.4968746583333333