6 0.52018182265625 0.4399323375 0.007798464062499999 0.013863933333333339
6 0.555762308203125 0.4347333597222222 0.00877327109374999 0.017329916666666632
6 0.5767206765624999 0.4321338722222222 0.007798464062499999 0.015596924999999985
6 0.5079967226562501 0.4278013944444444 0.006823656250000009 0.01386393611111111
7 0.51579518671875 0.37209808125 0.012672501562500039 0.02426188472222227
7 0.755458669921875 0.37556406527777775 0.008773269531249994 0.024261883333333303
7 0.74424838046875 0.3634331215277778 0.007798462500000003 0.01732991805555556
7 0.588975416015625 0.4275538152777778 0.015596924218749919 0.010397952777777815
2 0.752046844140625 0.4748397465277778 0.027294621093750047 0.020795901388888892
2 0.718903375390625 0.4791722256944444 0.027294619531250053 0.008664962499999974
2 0.7452231875 0.4956356458333333 0.023395389062500004 0.03119384999999997
2 0.680885869921875 0.49476914791666665 0.040941928906249994 0.03292684027777774
2 0.65115423046875 0.48263820902777776 0.016571732812499997 0.025994873611111143
2 0.625321823046875 0.49043667083333337 0.013647310156250026 0.017329916666666712
2 0.598027203125 0.4826382083333333 0.011697693750000049 0.015596927777777757
2 0.48815242890625 0.45689088749999995 0.02952276562500007 0.013121202777777796
2 0.572194794140625 0.48932260069444444 0.022420580468750017 0.02946085694444444
2 0.536126905078125 0.48499012013888887 0.02242058046874993 0.031193851388888857
5 0.482164316796875 0.4726115993055556 0.01754654140625007 0.017329918055555518
3 0.48167691171874993 0.4911793597222222 0.018521348437500064 0.024261883333333383
4 0.49727383750000004 0.48338089652777777 0.008773271874999988 0.039858809722222256
4 0.601090872265625 0.47904841805555554 0.007798464843749997 0.0623877027777778
7 0.784720316015625 0.4011875847222222 0.011697694531250047 0.022528891666666655
6 0.5904187679687499 0.4566433180555555 0.007798462500000003 0.015596924999999985
2 0.917294183984375 0.47137375 0.02144577265625003 0.02079590000000001
2 0.9358155312499999 0.47224024513888896 0.019496156249999962 0.019062909722222247
2 0.9577487093750001 0.47310674236111117 0.024370196875000083 0.02426188472222219
2 0.985836520703125 0.47397323611111114 0.025956578906249916 0.029460858333333326
9 0.96213534375 0.4211169888888889 0.0721357812499999 0.0831836027777778