6 0.65496070859375 0.27562490347222224 0.008437498437499968 0.03749998749999999
6 0.5616208968749999 0.38531236597222224 0.009492182812499994 0.016874995833333392
6 0.31376942109375 0.2006249298611111 0.01371093124999998 0.05249998194444445
6 0.204081959375 0.3215623888888889 0.007382810937499995 0.0393749861111111
6 0.477245926171875 0.3759373680555555 0.009492185156249989 0.024374991666666703
6 0.4049998578125001 0.3946873611111111 0.0063281218750000255 0.016874991666666655
6 0.419238134765625 0.39562486180555556 0.009492185156249989 0.018749993055555574
6 0.020039054687500002 0.11999995972222222 0.027421865624999996 0.08624996944444445
6 0.8184372140625001 0.4012498611111111 0.006328121875000115 0.02249999166666667
6 0.45509749609375005 0.39562486041666667 0.007382807812499959 0.01499999305555551
7 0.24867919921874998 0.23784912916666667 0.05649917812499998 0.030551563888888862
7 0.20935539531250003 0.22874992013888887 0.02425780312500001 0.022499993055555556
7 0.213046800390625 0.2821874006944445 0.01054687109375001 0.01687499583333335
7 0.195644462109375 0.24937491319444444 0.015820307031250015 0.041249987500000015
7 0.749355205859375 0.2962498972222222 0.026367177343750027 0.03374998611111108
7 0.8142184652343751 0.3234373875 0.02109374296874993 0.013124997222222214
7 0.577968546875 0.3871873645833333 0.008437496875000061 0.009374995833333344
7 0.619101345703125 0.35343737569444444 0.04218748515624995 0.028124990277777723
7 0.447187342578125 0.3768748694444445 0.01687499453125003 0.011249999999999953
6 0.3269530109375 0.2006249298611111 0.012656246874999999 0.05249998194444445
2 0.5558201179687501 0.43593734652777777 0.014765620312499995 0.028124990277777803
2 0.6106638492187499 0.43874984652777776 0.014765620312499995 0.018749993055555494
2 0.587541874609375 0.4668748361111112 0.05257207109374997 0.07499997222222221
2 0.47172287265624996 0.4406248472222222 0.02686641718749998 0.04499998333333334
2 0.381035166796875 0.43874984513888887 0.037382511718749976 0.06374997916666661
2 0.449824062109375 0.44343734375 0.015820307031250015 0.04687498194444441
2 0.7235153730468751 0.4668748375 0.050624983593750006 0.0637499777777778
2 0.41976547890625 0.4509373402777778 0.05906247968749998 0.08812496944444442
2 0.5157420066406251 0.4603123381944444 0.06539060078125 0.1256249541666666
2 0.6575974265625 0.5024998243055555 0.12339839531249996 0.14999994861111107
2 0.869589539453125 0.5296873138888889 0.19300774453124997 0.16312494166666672
2 0.159785100390625 0.5399998118055556 0.31957020078125 0.4349998486111111