4 0.142285301953125 0.5537215527777778 0.04288050234374998 0.20097528333333334
2 0.7164942050781249 0.44561071111111106 0.08732029453125004 0.07345993055555552
2 0.558615992578125 0.4553129673611111 0.02572830078125001 0.03187883750000001
2 0.19997906796875 0.4816476576388889 0.05379553906250001 0.02910676527777775
2 0.34772188867187503 0.46709427569444445 0.042100857031249994 0.030492801388888876
2 0.16333573007812502 0.48026162152777785 0.028846883593750004 0.026334693055555566
2 0.09394728085937501 0.48649878611111114 0.04755837421874999 0.03326487500000002
2 0.079523840234375 0.4809546402777778 0.031185819531250002 0.024948655555555553
2 0.26313035351562497 0.46709427569444445 0.02260971953124997 0.027720729166666697
2 0.28651971718749997 0.4657082388888889 0.021050428125 0.022176583333333295
2 0.30211262734375 0.46224314791666665 0.013253973437500033 0.02633469305555549
9 0.430754133203125 0.44699674652777777 0.06471057578125006 0.05959956527777774
9 0.3816364671875 0.4525408930555555 0.035084046875 0.042967130555555615
9 0.527430173046875 0.44283863888888897 0.02572830078125001 0.026334694444444452
9 0.030016351171875 0.4871918041666667 0.028846883593750004 0.026334691666666604
7 0.192962258984375 0.42620620138888893 0.016372553906249986 0.020790544444444472