7 0.015596925000000001 0.37692570000000003 0.029244234375 0.07105266111111111
7 0.9762700582031251 0.06758667847222222 0.04581596953124993 0.1282413875
2 0.9265548582031251 0.5424264104166667 0.12185098046874998 0.11784343750000004
2 0.560027106640625 0.5112325583333334 0.028269427343750042 0.03812581944444449
9 0.547842008984375 0.48610417847222226 0.035093082031250056 0.06412069583333332
9 0.5088496953125 0.49216964930555557 0.02339538750000001 0.051989754166666714
2 0.5293206609375 0.5103660631944444 0.009748078124999981 0.015596926388888871
2 0.5239592171874999 0.5043005923611111 0.008773270312499993 0.013863934722222224
2 0.372376597265625 0.4999681145833333 0.025345003906249986 0.025994876388888914
2 0.48935353867187503 0.5017011055555555 0.007798463281250001 0.015596925000000065
2 0.464008534765625 0.5008346090277779 0.007798463281250001 0.01039795138888885
2 0.45182343671874997 0.5017011055555555 0.008773270312499993 0.015596925000000065
2 0.4791180562499999 0.5025676006944445 0.006823654687500014 0.013863934722222224
6 0.39138535039062494 0.20102704027777776 0.018521349218750018 0.034659833333333306
6 0.42355400859375003 0.3015405611111111 0.010722887500000056 0.027727866666666677
6 0.44061314648437494 0.36219527083333336 0.011697694531250047 0.024261883333333383
6 0.450361225 0.3942556180555556 0.007798462500000003 0.019062911111111133