2 0.3850690046875 0.35997819444444445 0.026309062500000025 0.04709894722222224
2 0.308547137109375 0.3699259770833333 0.04068663359375 0.04933207083333334
2 0.414965666015625 0.3824646763888888 0.05500985703124996 0.07866143888888888
7 0.219441498046875 0.21578746180555552 0.027504928906249983 0.0403937125
7 0.22243116484375003 0.27425204375 0.021525596874999976 0.03826772916666666
7 0.22003943124999997 0.3263386743055555 0.011958665625000009 0.0233858347222222
7 0.551451140234375 0.2232284083333333 0.02324618359374995 0.04251969722222222
7 0.55189237734375 0.28381897708333337 0.02032972968750002 0.02763780416666665
7 0.56983037421875 0.3486615138888889 0.013154531250000013 0.012755908333333347
7 0.6206546992187499 0.32952765069444445 0.02630906093749994 0.012755909722222233
6 0.21704976523437497 0.24874022569444446 0.010762797656249967 0.012755906944444461
6 0.215853898046875 0.3082678020833333 0.010762797656249967 0.012755909722222233
6 0.5548820437499999 0.25618117291666664 0.011958665625000009 0.01488189305555557
6 0.5546428921875 0.31209457638888893 0.009566931250000011 0.017007877777777757
6 0.52992689609375 0.3065052395833333 0.0025829093749999642 0.012244904166666654
6 0.6151629039062501 0.298852175 0.002582909375000053 0.01224490277777777
6 0.6362566632812501 0.2973215618055556 0.00344387968750004 0.012244904166666654