6 0.36470738671875 0.5664839777777778 0.009228509374999971 0.021093736111111067
6 0.336362679296875 0.5746870979166666 0.007910150781249969 0.023437484722222183
5 0.317905661328125 0.6063277006944444 0.013183585156250021 0.02578123194444449
5 0.46688016875000005 0.6297651854166666 0.02373045312500004 0.07734369583333331
0 0.317905662109375 0.6227339402777777 0.010546867968750017 0.030468730555555525
0 0.46819852734374995 0.6590620395833333 0.02373045312499995 0.05156246527777779
7 0.57564474140625 0.5477339916666667 0.01713866093749994 0.021093736111111146
4 0.5591652605468751 0.6039839534722222 0.01582030078125003 0.04453122083333333
4 0.606626165625 0.6028120791666666 0.018457018750000033 0.042187472222222216
2 0.8887548781250001 0.6110151986111111 0.03427732031250006 0.03984372222222221
2 0.41744172578125005 0.6121870729166667 0.01713866093750003 0.03281247916666664
2 0.441831356640625 0.6215620659722223 0.034277319531249975 0.05156246527777779
2 0.470835243359375 0.6344526812500001 0.05009762109375 0.05859370972222225
2 0.502475846875 0.6449995493055556 0.06855464062499994 0.07031245138888885
2 0.574985562890625 0.6660932847222223 0.08964837578125007 0.1031249305555555
2 0.344272830859375 0.6285933104166668 0.03955075390624998 0.05156246250000002
2 0.22825728554687502 0.6192183166666666 0.018457019531249987 0.03749997222222221
2 0.14783741953125001 0.6227339402777777 0.04482418749999999 0.0539062138888889
2 0.30735879296875 0.6145308201388889 0.015820301562499983 0.02343748194444441
2 0.197935041015625 0.6321089333333333 0.06328120703125002 0.07265619999999996
2 0.3884378390625 0.6496870458333334 0.06196284687500002 0.08906243888888889
2 0.6666114757812499 0.6907026423611111 0.16215809062500003 0.13828115416666675
9 0.25396527617187503 0.6074995743055556 0.038232396093749975 0.060937456944444475
2 0.058848221874999995 0.6485151722222222 0.117333903125 0.15703114166666662