6 0.20665926250000002 0.2729461972222222 0.013647309374999982 0.060654708333333335
6 0.1364730984375 0.28940961875000004 0.011697693750000005 0.027727865277777753
6 0.37188919296875 0.2781451715277778 0.010722885937499971 0.025994873611111104
6 0.402595640625 0.39252262638888896 0.005848846875000024 0.01906290833333336
6 0.127699828515625 0.37865869305555555 0.013647310156250004 0.0259948777777778
7 0.13744790664062498 0.22788841180555555 0.025345005468750004 0.05025675972222222
7 0.54053095 0.29980757013888887 0.014622118749999923 0.04505778472222224
7 0.519572581640625 0.3024070576388889 0.021445772656249938 0.05372274305555555
7 0.4474368015625 0.3985880972222222 0.011697695312500044 0.02772786944444445
6 0.323148801171875 0.3864571534722222 0.010722886718750014 0.017329918055555518
6 0.387973522265625 0.41245203055555557 0.005848846093750026 0.013863933333333339
6 0.41770516210937503 0.4020540819444444 0.0068236554687500115 0.017329916666666712
2 0.39772160234375 0.4271824604166667 0.011697695312499956 0.015596926388888871
2 0.38602390781249996 0.4237164791666667 0.011697693750000005 0.022528894444444426
2 0.4152681421875 0.4211169888888889 0.021445771874999943 0.02426188611111115
2 0.347518997265625 0.4306484430555555 0.014622117968750015 0.01906290833333336
2 0.33143466718750003 0.42544946875 0.013647310937500023 0.015596926388888871
2 0.239315325390625 0.4315149402777777 0.016571733593749992 0.031193852777777822
2 0.2544248484375 0.4419128888888889 0.029244235937499984 0.034659833333333265
2 0.29877860507812504 0.4531773375 0.03411827578125002 0.046790777777777806
6 0.49179055859375004 0.37259322152777785 0.010722885937499971 0.017329918055555598
7 0.47375661289062504 0.32840193194444445 0.017546541406249984 0.015596924999999985
7 0.4571848796875001 0.30154055902777777 0.009748078124999981 0.01732991805555556
7 0.12672501953124998 0.33013492291666663 0.02339538750000001 0.012130943055555538