2 0.006063200390625001 0.4610217701388889 0.012126400781250001 0.022432020833333392
2 0.020729591796875002 0.4589824965277778 0.01491219609375 0.018353473611111167
2 0.010078022656250001 0.48039487986111107 0.020156045312500002 0.028549845833333382
2 0.085458358984375 0.45781719305555557 0.014912196093749996 0.0203927472222222
2 0.101517648828125 0.4527190069444444 0.02179474921875001 0.018353474999999973
2 0.11126793125000001 0.46597429166666665 0.0183534734375 0.01631419722222221
2 0.093488005078125 0.47719030069444446 0.01950056484374999 0.022432020833333313
2 0.10954729218749999 0.4935045013888889 0.033265670312499995 0.04282476944444448
2 0.159445798046875 0.46189574166666664 0.013765102343749992 0.01631419722222221
2 0.21909458515624997 0.4588368298611111 0.013765103125000034 0.01835347361111109
2 0.173210903515625 0.46393501805555554 0.013765107031250001 0.01631419722222221
2 0.055060420312500004 0.49962232638888887 0.087178996875 0.11216011388888884
2 0.18066700234375 0.5465256458333333 0.12044466875 0.16110271111111116
7 0.15026906171875 0.3956193104166666 0.02982439374999999 0.026510573611111077
7 0.202461751171875 0.39663894513888887 0.02867730078124997 0.02447129305555554
2 0.9701953613281251 0.47218831666666666 0.052653155468749976 0.05408324444444443