7 0.590767896875 0.053389820138888884 0.024883470312500044 0.030508468055555554
7 0.5590200210937499 0.08771184791666667 0.023167368749999983 0.04728812638888888
7 0.23038660625000001 0.4164406027777777 0.023167364062499994 0.03355932222222222
7 0.934989244921875 0.37067789375 0.025741516406250043 0.03966100416666667
7 0.277865416015625 0.3747456993055555 0.011154660156249996 0.021355929166666718
6 0.5344225769531249 0.05186439722222222 0.028315672656249992 0.10067794722222223
6 0.6554077230468749 0.07322032152777778 0.028315672656249992 0.10372878750000002
6 0.969740299609375 0.31677961111111114 0.016302963281249916 0.06711863611111113
6 0.9688822484374999 0.3828812791666667 0.021451267187500102 0.03661015555555554
7 0.45991516679687494 0.38466094999999995 0.006864405468750068 0.013728805555555586
2 0.47679018125 0.42686432708333333 0.012012709374999986 0.01067795972222222
2 0.48665776406249994 0.4245761951388889 0.009438557812500026 0.012203387499999963
2 0.5821873906249999 0.4540677166666667 0.03346397968749999 0.03050846944444443
2 0.53856983046875 0.4385592381944444 0.013728810937499957 0.02288135138888884
6 0.569745655859375 0.4263558555555556 0.006864408593749971 0.01372881944444444
6 0.556874894140625 0.4255931409722223 0.010296608593750011 0.012203390277777813
6 0.5568748921875001 0.43881348472222215 0.020593212499999947 0.021355930555555604
6 0.57317785703125 0.4411016208333333 0.012012709374999986 0.013728813888888898
6 0.560736122265625 0.45330500555555553 0.009438557031250027 0.010677961111111184
2 0.593771073828125 0.45559314305555554 0.02402541953124997 0.027457625000000027
2 0.86162591328125 0.5005931340277777 0.14672666718749997 0.08694913750000002
2 0.433744623046875 0.4273728048611111 0.021451271093750002 0.035084731944444454
2 0.388267933203125 0.4365253486111111 0.04204448046875005 0.05949151388888888
2 0.362955441015625 0.4342372125 0.02059321953125002 0.0396610111111111
2 0.27843744687500005 0.4403389083333333 0.07121820624999997 0.06406778611111111
2 0.208077290234375 0.47237280138888893 0.06435379921875002 0.10677964444444438
2 0.44890352109375 0.4250846763888889 0.009438557812500026 0.018305088888888894
2 0.46863868671875003 0.42661009652777776 0.007722456249999965 0.018305081944444464
2 0.527844183984375 0.4388134854166667 0.009438558593750025 0.015254237499999984
2 0.51969270234375 0.4304236513888889 0.008580506249999953 0.010677958333333334
2 0.5029607128906249 0.43728806388888886 0.04547668359374999 0.03355932222222222
2 0.32820438828125004 0.45533889652777776 0.06263770312500001 0.07779659583333334
2 0.409719201953125 0.45533889652777776 0.055773294531249996 0.06864405416666668
2 0.45991516718750003 0.43550839513888884 0.022309318749999994 0.03203389861111113
2 0.508538055859375 0.5565253368055555 0.13728810859375 0.2089830180555555
2 0.1038241328125 0.5844914222222222 0.207648265625 0.4967795499999999
9 0.6556937503906249 0.4421185763888889 0.10897243984374994 0.14186438055555556
4 0.76380813203125 0.4794914486111111 0.014586854687499961 0.07932201666666666
4 0.8024204179687502 0.4703389090277778 0.01287076406250005 0.051864395833333375
2 0.9598727171875 0.6701693694444445 0.07722456250000001 0.3132202722222222