2 0.10284222773437499 0.4323814347222222 0.20568445546874997 0.13344036111111113
7 0.062875105859375 0.3639282638888889 0.018521349218749993 0.010397950000000043
7 0.729643673046875 0.07538513958333333 0.09065712890624997 0.10224651250000001
7 0.728668864453125 0.16636720555555554 0.07700981953125004 0.11091146944444444
7 0.73354290390625 0.008664958333333334 0.028269426562499957 0.017329916666666667
6 0.36652775000000004 0.11524395 0.013647309374999982 0.06065471111111112
6 0.10625405507812499 0.06152120625 0.019496157031250006 0.09184856249999998
6 0.103329631640625 0.32493595000000003 0.013647310156250004 0.02599487499999999
4 0.21494513007812496 0.42198348680555553 0.018521349218750018 0.0953145458333333
4 0.23785311484375 0.4185175013888889 0.015596926562500002 0.08145061111111115
4 0.22615542070312503 0.41765100625 0.011697692968750006 0.08664958472222221
4 0.26222331015625 0.4055200638888889 0.019496156250000007 0.055455736111111126
4 0.2797698515625 0.40205408125000003 0.009748078124999981 0.020795898611111124
4 0.792808609375 0.4757062284722222 0.07661467343749999 0.22355593194444448
4 0.9684715945312501 0.4349809236111112 0.032168659375 0.06585368611111109
4 0.9952788101562501 0.4202504930555556 0.005848846875000114 0.036392825
2 0.33923313125 0.4592428076388889 0.16766695 0.14210532083333333
2 0.593657978125 0.4540438326388888 0.13062425156249996 0.13517335416666668
2 0.49763940546874996 0.4523108402777778 0.07895943593750002 0.10397950277777782
1 0.750114637109375 0.3933891215277778 0.25052561640625004 0.2218229402777778
9 0.9557990925781251 0.4367139145833333 0.08285866640625006 0.11784343750000004
6 0.054589239453124994 0.14210532152777777 0.017546541406249994 0.05545573472222222