2 0.10185576796875 0.4684196430555556 0.2037115359375 0.14792199722222227
2 0.142980631640625 0.45141711250000005 0.19606039765625 0.10711592500000001
2 0.17454157343749999 0.4114611715277778 0.13102572968749998 0.09521415416666668
2 0.21088447773437496 0.39530877013888893 0.12337459296874997 0.10371542083333331
2 0.260138675390625 0.37660598958333336 0.09181365234375001 0.0799118791666667
2 0.28787405 0.36300396805555557 0.0535579640625 0.04250632222222224
2 0.2964815796875 0.35280245208333333 0.059296318749999966 0.056108343055555565
2 0.34669216953125004 0.3494019458333334 0.03347372656250003 0.04590682500000002
2 0.327564324609375 0.3272986611111111 0.05068878515624999 0.02890429722222222
2 0.32804252109375 0.3136966375 0.036342901562499995 0.025503791666666664
2 0.336650050390625 0.30094474236111113 0.028691764843750002 0.023803540277777795
2 0.34621397265625 0.28479233958333333 0.01912784375000003 0.02550379305555555
2 0.39212079765625 0.2652394326388889 0.019127843749999984 0.013602020833333365
2 0.3916426015625 0.2779913284722222 0.021997020312499994 0.018702781944444406
2 0.393555385546875 0.28904297291666664 0.023909803906250016 0.017002526388888918
4 0.3973809546875 0.32644853194444445 0.00669474531250005 0.03740556111111112
2 0.40837946484375004 0.3315492930555555 0.02104062812500005 0.030604549999999973
2 0.37060197265625006 0.25673816944444444 0.008607529687499981 0.017002527777777804
4 0.85501461640625 0.48372191736111114 0.04208125625000001 0.18532755416666666
4 0.8904011289062501 0.49222318125 0.05738353281249999 0.19892957916666662
7 0.9391771300781251 0.2592885472222222 0.03443011953124984 0.11731744166666667
7 0.939655325 0.17937666666666668 0.05833992343750012 0.04590682500000002
7 0.6369571984375 0.2720404444444445 0.040168471875000035 0.11561718888888892
7 0.64891210078125 0.18532755138888887 0.020084235937500063 0.04760707777777778
7 0.70725202421875 0.45821812361111114 0.018171451562499996 0.039105813888888875