6 0.33402507226562494 0.3232894763888889 0.01099095390625 0.042631577777777784
6 0.452927210546875 0.2779934229166666 0.010990953906249957 0.05151315972222225
6 0.348513147265625 0.4955921090277778 0.007993421093750008 0.010657893055555532
6 0.322534529296875 0.3241776340277778 0.011990132031249967 0.04440789305555555
6 0.46941364179687495 0.28421052916666667 0.009991775781249945 0.05328947777777778
6 0.538356898046875 0.4574013166666666 0.011990132031250055 0.015986841666666626
7 0.52386882265625 0.42453947569444445 0.022981085937500013 0.017763159722222196
7 0.5348597769531249 0.4094407902777778 0.020982730468749988 0.015986841666666703
7 0.49938897070312505 0.33217105555555554 0.07194078984374999 0.0319736861111111
7 0.41645722773437505 0.32988886458333333 0.047960527343750003 0.027409304166666634
7 0.421453114453125 0.42986842291666666 0.019983553906249972 0.014210526388888903
2 0.3764901203125 0.5595394763888889 0.041965460937499977 0.04973684166666664
1 0.42694859179687494 0.52756579375 0.06294819140624996 0.09592105416666664
7 0.4469321445312501 0.46894737152777777 0.018984375000000053 0.017763159722222276
4 0.598307557421875 0.5328947409722222 0.02198190859375 0.10657894861111114
4 0.5628367507812501 0.5275657916666667 0.016986020312500027 0.06394736666666666
4 0.53725666875 0.5293421076388889 0.014190587500000084 0.05684210416666665
4 0.499388969921875 0.5435526340277779 0.015986841406250018 0.07105263194444444
4 0.48639966171874993 0.5417763194444444 0.011990131250000058 0.06750000277777772
4 0.639273839453125 0.49203947638888884 0.017985196093749954 0.07460526388888893
4 0.9385275414062499 0.46184210694444444 0.03497121562499998 0.12078947500000005
2 0.08023395312500001 0.6057236875 0.0329728625 0.04973684166666664
2 0.9729991714843749 0.44674342291666663 0.053955592968750035 0.11901315694444448
2 0.03886800390625 0.6252631631944444 0.0777360078125 0.16697368749999997
2 0.8001414390624999 0.44940789722222224 0.3357236859374999 0.7353947416666666
1 0.215622521484375 0.47960526527777775 0.26178453984375 0.41210526666666664
4 0.5202736863281251 0.5439840034722222 0.014501942968750025 0.07734369583333331