2 0.07349621328125 0.6711850083333333 0.1469924265625 0.12140297499999993
2 0.8210065703125 0.6031993430555556 0.13248099687499995 0.14568356944444447
2 0.55467879296875 0.5728485999999999 0.025949885937499938 0.026708655555555558
2 0.47273178476562505 0.5764906888888889 0.058728689843750015 0.04856118888888885
2 0.34776259609375 0.6092694909722222 0.06282603906249999 0.06555760694444446
2 0.39215055898437495 0.5959151631944445 0.03687615390625001 0.058273426388888876
2 0.42697803789062494 0.5922730743055555 0.030047236718750002 0.05098924861111106
2 0.73701088671875 0.5898450152777778 0.07102074062500004 0.08498208333333339
2 0.701500516015625 0.5801327777777778 0.04643663828125 0.08498208333333332
2 0.681696655859375 0.5704205381944445 0.028681452343750014 0.060701490277777735
2 0.575165544921875 0.5667784506944444 0.017755185156249985 0.029136712499999995
2 0.5908720546874999 0.5594942701388889 0.016389401562499996 0.024280593055555577
2 0.6058956726562499 0.5607083013888888 0.01638940312499999 0.021852536111111064
2 0.661892795703125 0.5449259152777778 0.021852535156249964 0.02913671388888888