2 0.43787628203124995 0.5235933951388888 0.013183584375000024 0.014062490277777723
2 0.424692697265625 0.5249996395833334 0.010546867968749929 0.014062490277777723
9 0.4115091125 0.5214840159722223 0.013183584375000024 0.02578123194444441
2 0.400303065625 0.5238277645833334 0.006591792187500012 0.02109373472222218
2 0.39239291484375 0.5249996388888889 0.009228509374999971 0.018749986111111068
2 0.385141943359375 0.5273433875 0.010546867968749974 0.023437483333333297
2 0.377890971484375 0.5343746326388888 0.011865225781250021 0.01874998750000003
2 0.36668492460937496 0.5320308847222222 0.007910150781250014 0.028124980555555526
2 0.36009313242187496 0.5320308847222222 0.013183585156249978 0.028124980555555526
2 0.34625036835937506 0.5390621291666666 0.022412094531249992 0.032812477777777835
2 0.33108924609374996 0.5449215 0.013183584374999979 0.04453121944444452
2 0.314609765234375 0.5437496263888889 0.027685527343750006 0.05156246388888882
2 0.30208535937500003 0.5531246201388889 0.018457018749999988 0.046874968055555556
2 0.28033244492187503 0.5578121159722222 0.04877926328125 0.07499994861111109
2 0.250010200390625 0.5707027326388888 0.05141598046875 0.07734369583333339
2 0.1933207859375 0.5707027333333333 0.07778315000000002 0.10078118333333326
2 0.10696830625 0.5976558388888888 0.1476561484375 0.12187491666666672
2 0.4477639703125 0.5285152618055556 0.01186522656250002 0.02109373472222218
9 0.46819852656250005 0.5285152618055556 0.031640603124999965 0.03515622638888887
2 0.471494423046875 0.5449215006944444 0.03295896171874997 0.03515622638888895
2 0.71604991875 0.5285152618055556 0.02900388593750005 0.02109373472222218
2 0.7648291828125 0.5496089972222222 0.08964837656249998 0.1289061611111111
2 0.886777340625 0.5578121166666666 0.22543929843749994 0.14999989722222223
2 0.626401542578125 0.5894527201388888 0.17402331640625004 0.20390610972222226
4 0.5492775722656249 0.5414058777777778 0.014501942968750025 0.0515624638888889
7 0.6132179582031251 0.4757809229166666 0.018457017968750034 0.014062490277777723
7 0.16036182421874998 0.3832028611111111 0.011865226562499998 0.011718741666666609
7 0.151792494140625 0.39843722569444445 0.02373045234375002 0.01874998750000003