6 0.358306090625 0.3163504902777778 0.007197862499999985 0.025592399999999987
6 0.474071712890625 0.3270139902777778 0.00599821796875002 0.02132699999999998
7 0.33731232499999997 0.36007083958333336 0.010796793749999978 0.010663498611111067
7 0.349308762109375 0.3909949888888889 0.00839750546875 0.017061600000000017
7 0.445280262890625 0.3856632395833333 0.01319608203125 0.01492889861111111
7 0.6300254019531251 0.058293788194444446 0.027591805468749973 0.02985780138888889
7 0.6132303886718751 0.08601888958333333 0.02759180703124997 0.0597156013888889
7 0.5988346636718751 0.13613734097222224 0.01799465703124996 0.019194304166666676
7 0.6288257582031249 0.14360178958333333 0.02519251796874995 0.03838860138888889
7 0.76473543046875 0.18838849166666666 0.03408981718750006 0.02132699999999998
7 0.7697838996093751 0.2363742402777778 0.03359002734374998 0.07037909999999997
7 0.691207232421875 0.28969173958333333 0.020393944531249986 0.019194301388888887
7 0.69060741171875 0.3184831902777778 0.01439572499999997 0.02985779999999999
6 0.36310466640625 0.3163504888888889 0.007197862499999985 0.034123202777777764
9 0.4212873878906249 0.41658739097222225 0.02279323203125001 0.04265400138888885
2 0.4098907734375 0.4251181902777778 0.014395725000000059 0.02132699999999998
2 0.4014932671875 0.4283172402777778 0.01679501250000004 0.027725099999999968
2 0.38109932226562504 0.4283172416666667 0.026392163281250002 0.03625589999999998
2 0.32471606640625 0.43364899027777776 0.03359002499999999 0.051184799999999975
2 0.305521765234375 0.4379143902777778 0.026392163281250002 0.06398100000000002
9 0.24673922187499997 0.4144546909722222 0.10556864999999997 0.12796200138888889
2 0.159765050390625 0.4624404409722222 0.09477185546875 0.0831752986111111
2 0.057389204687499994 0.4773693409722223 0.11477840937499999 0.11303309861111117
2 0.49446565859374997 0.4165873902777777 0.029991095312500084 0.07251180000000003
4 0.5142597796875 0.4315162909722222 0.014395726562499966 0.08957339861111109
4 0.5250565742187501 0.43684804166666663 0.016795012499999994 0.08744069999999995
2 0.49986405468750006 0.4251181895833333 0.035989314062500014 0.07251179861111115
7 0.524456751953125 0.36007083958333336 0.01559536796874994 0.010663498611111067
7 0.613830211328125 0.3664689395833334 0.016795013281249993 0.06611369861111112
4 0.659416673046875 0.4208527909722222 0.03359002578124999 0.21753540138888888
2 0.7679844328125001 0.40699024027777775 0.10916758125 0.0917061
2 0.8483605640625 0.4027248395833333 0.05158468124999995 0.0831752986111111
2 0.859757180078125 0.41872008888888895 0.04078788828125006 0.08530800000000001