2 0.5171184921875 0.4101109958333333 0.023138864062500007 0.029916911111111076
2 0.493453746484375 0.4035666743055556 0.024190627343750038 0.020567879166666674
2 0.48241019960937503 0.41759022361111114 0.02524239765624996 0.029916911111111076
2 0.459271336328125 0.4325486798611111 0.04627771796875004 0.07479227916666666
9 0.38966827304687496 0.48385129097222224 0.14829063515624993 0.20449302361111105
2 0.210192941796875 0.6095798375 0.37505731796874997 0.3838576666666666
2 0.58122917734375 0.6022146256944445 0.30901408906249994 0.4124520291666667
4 0.65731293359375 0.39529541250000005 0.008773270312499993 0.029460858333333402
4 0.6426908164062499 0.39356242013888887 0.006823654687500014 0.02252889305555554
4 0.636354565625 0.39442891666666663 0.007798462500000003 0.027727866666666677
4 0.66364918359375 0.4074263534722222 0.00974807812500007 0.04332479305555555
2 0.7182384242187501 0.39876139513888886 0.013647309375000027 0.05372274305555559
4 0.7240872703125 0.40915934583333335 0.015596924999999918 0.07451864444444449
4 0.7660040085937501 0.3952954104166666 0.013647310937500023 0.07798462916666667
4 0.70361630625 0.40742635416666667 0.01754654218749998 0.0745186444444444
7 0.55836993671875 0.3355071965277778 0.017546540624999985 0.006931965277777784
6 0.6007740789062501 0.3389731805555556 0.006823656250000009 0.017329916666666674
6 0.5344871445312499 0.3337742041666667 0.006823656250000009 0.02426188333333334
4 0.04776558515625 0.4686009666666667 0.0097480796875 0.027727866666666677
7 0.6235622359375 0.33966637777777775 0.011697695312500044 0.020795902777777778