6 0.829347570703125 0.062197881249999996 0.06079588203125006 0.12439576249999999
7 0.734138929296875 0.026510573611111112 0.08373772109375004 0.04894259166666667
6 0.64581283828125 0.06933534305555555 0.060795881249999975 0.1305135888888889
6 0.47757266249999997 0.57915404375 0.02064765937500006 0.016314201388888862
6 0.386952387109375 0.5852718680555556 0.022941841406249976 0.012235650000000061
6 0.347377712109375 0.6097431673611111 0.010323828906249988 0.020392748611111088
2 0.74637457734375 0.6311555486111111 0.08717899843749999 0.05506041666666661
2 0.63644491484375 0.6821374194444445 0.1135621171875 0.11623866666666668
2 0.584825769921875 0.6515482986111111 0.044736589843749994 0.07137461666666667
2 0.539515634765625 0.6321751868055555 0.043589499218750036 0.06933534027777771
2 0.49879386328124997 0.6291162763888889 0.02179474999999993 0.030589119444444417
2 0.48044039179687503 0.6250377263888889 0.01491219609375003 0.022432019444444427
2 0.366878276171875 0.6352341020833333 0.028677300781250015 0.04690332083333336
2 0.40186458593749996 0.6515482979166667 0.04358949999999999 0.09584591527777775
2 0.436277345703125 0.6851963326388888 0.09406154921875003 0.13051358749999992
2 0.325582959765625 0.6444108381944444 0.040148222656249996 0.06525679305555557
2 0.212020846875 0.6576661208333333 0.01950056562500002 0.04690331944444447
2 0.23610977929687502 0.6566464833333334 0.04473659140625004 0.06525679444444445
2 0.08412007890625 0.6739803243055555 0.09176736562500001 0.0876888208333333
2 0.28600828671875 0.6597054006944444 0.0734138953125 0.0876888208333333
2 0.04225121875 0.7290407381944445 0.083737721875 0.17741690416666664
4 0.8050674484375 0.6240180909722223 0.014912195312499942 0.0570996930555555
7 0.15200103476562501 0.49223387152777776 0.03658116171874999 0.05157803472222216
7 0.122357680078125 0.4888700875 0.027751227343749997 0.049335513888888884
7 0.625033301953125 0.4464863944444445 0.03153548515624997 0.013006641666666654
7 0.951993219921875 0.4283219569444444 0.03153548515624997 0.026910277777777717
7 0.62541175078125 0.48034849166666665 0.03279690312500003 0.04036541944444447