6 0.3811222875 0.5647673062499999 0.0028691765625000086 0.015302273611111082
6 0.350995933984375 0.5690179381944445 0.003825567968749999 0.013602020833333405
7 0.43420205273437507 0.56675094375 0.009563921093749973 0.023803540277777795
7 0.630262452734375 0.4273302180555556 0.01721506015624996 0.034005055555555525
2 0.35625609062499997 0.6010393583333333 0.006694745312500005 0.015302275000000047
2 0.3490831484375 0.6069902423611111 0.009563921875000015 0.017002526388888918
2 0.339997423046875 0.6103907493055556 0.008607528906249984 0.027204045833333308
2 0.32995530546875 0.611240875 0.022953412500000027 0.03230480277777777
2 0.31752220625 0.6188920125 0.022953412499999982 0.034005055555555525
2 0.31274024570312503 0.6256930236111111 0.013389491406249964 0.03740556111111112
2 0.29552518671875 0.6282434020833334 0.022953414062499976 0.04930732916666669
2 0.28596126328125 0.6350444131944444 0.022953412499999982 0.0527078347222222
2 0.26252965546875 0.6375947930555556 0.04303764843750004 0.06801011111111113
2 0.249140165234375 0.6477963090277777 0.054514355468749984 0.06801011249999994
2 0.3878170328125 0.6044398645833333 0.012433098437499979 0.022103287500000037
2 0.40596329999999997 0.6067364055555555 0.02768500312499995 0.04584909722222221
2 0.4318110734375001 0.6265431506944444 0.02582258906249999 0.05950884861111108
2 0.46098103593750006 0.62909353125 0.057383531249999994 0.09181365138888885
2 0.4738923296875 0.6392950458333333 0.023909804687500015 0.08501263888888885
1 0.359603462890625 0.5925380965277778 0.009563921093750016 0.018702781944444444
2 0.170907285546875 0.6676892875 0.10998510078125001 0.13772047499999995
2 0.523816013671875 0.6447358736111112 0.10998510078125001 0.1462217388888889
2 0.040168471875 0.6787409298611111 0.08033694375 0.3026449930555556
4 0.379209503125 0.6048649270833334 0.004781960937499985 0.02550379305555555