7 0.49192897890625 0.12656241319444445 0.050097621875 0.02812497916666668
7 0.4418313578125 0.2824216798611111 0.01054686718750002 0.011718743055555534
7 0.40359896171875 0.28593730208333334 0.01054686718750002 0.018749987499999992
7 0.50115748828125 0.28476542986111114 0.015820301562500028 0.03046872916666668
6 0.712754022265625 0.23554671319444445 0.014501942968750025 0.02578123194444445
6 0.537412346484375 0.10078117916666667 0.014501942968750025 0.06562495555555554
6 0.44051299843749997 0.10312492916666667 0.01318358593750002 0.08437494166666666
2 0.9348974238281251 0.33749976666666665 0.12919913046875015 0.14062490277777778
2 0.8913915953125 0.32929664722222224 0.08964837656249998 0.09140618611111115
2 0.47017606523437505 0.32109352916666667 0.014501942968750025 0.023437483333333335
2 0.45435576289062496 0.325781025 0.014501942968750025 0.023437483333333335
2 0.42337433828125004 0.32929664722222224 0.02109373437499995 0.025781233333333337
2 0.39568881054687505 0.3363278923611111 0.03691403671875002 0.05859370972222225
2 0.30801797265625 0.35156225763888893 0.061962848437499975 0.0703124541666667
2 0.5222512238281249 0.37382786875 0.16874988359375004 0.10546867638888892
2 0.188047352734375 0.3421872645833333 0.02768552890625 0.03281247638888887
2 0.06412165625 0.34921850972222224 0.0250488109375 0.06093745833333336
6 0.01366300078125 0.27353640347222224 0.0140408421875 0.02704162083333333