2 0.5428867921875 0.5204296159722221 0.024190628125000037 0.05609420972222223
2 0.6233469234375 0.5307135548611112 0.02524239374999997 0.057964015277777746
2 0.639123420703125 0.5428672986111112 0.03365652578124996 0.02617729722222219
2 0.57917273515625 0.5307135548611112 0.06941658437499995 0.11031861249999998
7 0.566025655859375 0.4147855215277777 0.013672963281250006 0.028047104166666673
7 0.640175187109375 0.24587961805555555 0.031552992968750006 0.0504847888888889
6 0.6754093625 0.2617729756944444 0.034708292187499976 0.041135754166666656
7 0.38301829609375 0.3639890958333333 0.022087095312499992 0.041135755555555535
2 0.46061923828125 0.604072025 0.18570311093750003 0.2807197861111112
2 0.0464633046875 0.4973728333333333 0.090823075 0.23259563333333336
4 0.3865964703125 0.5020431756944443 0.015921110937499972 0.07666208750000002
4 0.375480613671875 0.5048478861111111 0.012621196093749986 0.0860111222222222
9 0.597228047265625 0.4721262645833333 0.055743619531250045 0.06544324583333329
7 0.786546005859375 0.4593492576388889 0.022087094531249997 0.03739614027777781
2 0.746929459375 0.6242039 0.2513721765625 0.28608046944444454