6 0.5034688914062501 0.4064076291666667 0.012914546874999999 0.03826532499999994
6 0.41651094414062495 0.44696886944444447 0.009470667968750046 0.027551033333333346
6 0.407901247265625 0.4293668236111111 0.009470667968749957 0.013775516666666635
7 0.55082222890625 0.41023416111111116 0.019802304687499994 0.05204084166666666
7 0.376906333984375 0.4477341777777778 0.01463648515624998 0.04438777777777779
1 0.46859961601562505 0.5648260687500001 0.043048489843750024 0.07346942083333335
4 0.657582481640625 0.549519938888889 0.01808036484375002 0.04285716111111115
4 0.579234230859375 0.5747750513888888 0.014636486718749975 0.059693905555555524
4 0.570624534375 0.5724791326388889 0.011192606250000025 0.0642857458333334
2 0.27771057265625 0.602577861111111 0.106760253125 0.1867347777777778
2 0.19979280585937498 0.6240064409722222 0.12139673828125 0.1928572291666667
2 0.08571431328125 0.6155030368055555 0.17047201562499997 0.371768873611111
2 0.6233899375 0.6301288916666667 0.10073346406250003 0.14693883611111108
2 0.7783644957031249 0.6697890826388888 0.29359069140624994 0.27884304027777773
2 0.37069530742187495 0.5727309076388889 0.03099491328124997 0.044387773611111056
2 0.40513409921875 0.5719656027777779 0.03960460937499999 0.058163291666666735
4 0.439142404296875 0.5771526763888889 0.009470666406249962 0.04744900000000006
2 0.92878045 0.7311923284722222 0.1381086203125001 0.2541677069444444