7 0.522251223828125 0.4293746979166667 0.013183585156250021 0.023437484722222183
7 0.500498308984375 0.3953903465277777 0.01713866015625003 0.03046872916666664
7 0.46819852695312497 0.3989059694444445 0.04746090390625 0.04687496944444444
7 0.30340371796875 0.25242169375 0.04482418749999999 0.049218718055555555
2 0.25330609609375 0.4891402819444444 0.06328120625000003 0.08671869166666665
2 0.51368189375 0.48562465902777774 0.040869112499999985 0.05156246527777779
2 0.46951688515624995 0.5067183944444444 0.058007771875000017 0.1406249027777777
1 0.476108678515625 0.4504684333333333 0.03955075390624998 0.0515624638888889
2 0.570371308203125 0.49734340000000005 0.09624016796874998 0.13593740555555556
2 0.36734410351562496 0.541874620138889 0.20170884453125004 0.3140622847222222
2 0.027116983984375 0.5324996263888888 0.05423396796875 0.09843743333333327
2 0.90984861328125 0.5676558527777777 0.17929675156250013 0.22499984444444443