2 0.44884028046874996 0.48494852777777775 0.006958764062499956 0.01649485277777782
2 0.47029646875 0.48247430763888893 0.008118556249999997 0.01731957916666668
2 0.48154647656250005 0.49113410347222225 0.005103104687499993 0.016494831944444458
9 0.482206108984375 0.4880413284722222 0.010742607031250007 0.018556706944444477
2 0.665301330859375 0.5814433958333333 0.15657218984375004 0.1814433305555556
2 0.4585825609375 0.48907225416666666 0.009278353124999939 0.020618558333333366
2 0.47423978007812495 0.49525782291666665 0.010438147656249975 0.016494848611111085
2 0.482938234375 0.5065980312499999 0.013917528125 0.022680415277777793
2 0.49569596874999994 0.5158763826388889 0.020876292187500044 0.04123711805555562
2 0.50682998984375 0.5226805069444445 0.014845367187500003 0.05072165277777777
2 0.43573460273437503 0.49628874930555555 0.010438146093749979 0.01443299027777777
2 0.452783582421875 0.5154640111111112 0.02505153984374999 0.03628866111111111
2 0.37936862578124997 0.5315464854166666 0.03131443906250002 0.045360831944444395
2 0.188046098046875 0.5536083388888889 0.03711340859375001 0.06391753333333333
2 0.04771102109375 0.6185568027777777 0.0951031078125 0.2309278722222222
2 0.8475049765625 0.5845361784722222 0.30154644218749993 0.6453609319444443
2 0.53130164140625 0.5232990625 0.04059278906249997 0.05773196666666662
2 0.42923976953125004 0.5057732861111112 0.00811855937499999 0.02268041388888883