2 0.17280930625000002 0.45326467083333327 0.046391759374999994 0.026804127777777766
2 0.09568300546875 0.4604811659722223 0.0614690828125 0.041237118055555536
2 0.3699742875 0.4584193083333334 0.030154645312499985 0.04536083055555551
2 0.30038664765625 0.47285230000000006 0.07190722812499999 0.09484537777777773
2 0.4041882105468749 0.45532652361111114 0.031314436718750026 0.05567011111111108
2 0.45774536093750007 0.4691726854166666 0.05873624062500005 0.10810470972222225
2 0.552061946484375 0.4618557465277778 0.032474232031250064 0.0701031041666667
2 0.59613411875 0.4639176013888889 0.09278352031250003 0.13608249444444445
7 0.28762891328125 0.19793817569444447 0.097422696875 0.09896908750000001
7 0.385631505859375 0.21443302499999997 0.09626290234375001 0.12783507222222223
7 0.49523204101562507 0.21237116944444445 0.07190722890624998 0.09896908888888889
7 0.34271912929687504 0.39931277499999995 0.012757735156250005 0.037113408333333334
7 0.3676547 0.41168391111111113 0.009278353124999982 0.020618561111111135
7 0.39490985859374994 0.4075602006944444 0.01971649687499997 0.016494848611111085
7 0.41404646054687505 0.4065292715277778 0.016237116406249984 0.01443299027777777
7 0.440141825390625 0.40618563333333335 0.01275773515624996 0.020618558333333287
7 0.480734614453125 0.41993133472222216 0.010438146093749979 0.037113408333333334
7 0.5103093624999999 0.4147766965277777 0.013917528125 0.03092784027777774
7 0.7817011597656249 0.3017182527777778 0.03943299609374993 0.10309279999999998