7 0.3824140796875 0.5043369618055555 0.011192607812500022 0.010714290277777788
7 0.46549766249999996 0.49438797777777777 0.018941334375000007 0.01224490555555554
7 0.44827826640624996 0.49515328541666664 0.008609696874999972 0.010714290277777788
7 0.52418710625 0.48137776805555554 0.009470667187499959 0.019897969444444483
7 0.540115046875 0.46760225138888895 0.015497456249999963 0.02602041944444448
7 0.6223376609375 0.4622451069444444 0.009470668749999956 0.027551036111111118
7 0.51041158984375 0.4890308319444445 0.006026789062500005 0.019897969444444403
7 0.3215722109375 0.49438797777777777 0.011192607812499977 0.024489808333333307
2 0.25441656757812503 0.5594390270833333 0.08867988671875002 0.09030616249999994
2 0.3504146984375 0.5334186069444444 0.03960460937499999 0.05663267777777779
2 0.427041008203125 0.5198982006944445 0.018941335156250006 0.01836735416666665
1 0.4564574796875 0.5166460986111111 0.03185588125000001 0.02385116944444445