7 0.336097978515625 0.2620468111111111 0.006882550781249996 0.03262839722222222
7 0.53053008515625 0.31812686875 0.01491219687499994 0.022432026388888894
4 0.589605325390625 0.3742069277777778 0.011470921093749985 0.0652567944444444
4 0.5202062558593751 0.3619712777777778 0.010323828906250032 0.040785494444444445
2 0.259816355859375 0.3266238486111111 0.010323827343749991 0.010196374999999987
2 0.25006607265624997 0.3470165986111111 0.013765106250000025 0.01427492500000002
2 0.17321090234374997 0.35211478472222224 0.016059289062500003 0.01631420000000002
2 0.22196231640625 0.35313442152777774 0.024088934375000016 0.026510570833333347
2 0.29537621015625 0.3510951458333333 0.01032382968750003 0.014274922222222248
2 0.287346564453125 0.35721296874999997 0.014912196093749986 0.022432026388888894
2 0.45654264609375 0.3945996763888889 0.087178996875 0.1325528638888889