2 0.631512846875 0.30700706736111116 0.2681980484375 0.2841374652777778
2 0.307180323046875 0.2834444493055555 0.15281051640625 0.22037979305555552
2 0.21401268671875 0.19265906319444445 0.0693884484375 0.0942504763888889
2 0.25572372109375 0.1787987 0.02494865625 0.033264875
2 0.3691621390625 0.17394757291666668 0.031965464062500004 0.03187883750000001
2 0.32316305546875 0.16216626180555554 0.03820262968749999 0.01940450972222223
2 0.34967100234375004 0.15870117083333332 0.030406175000000025 0.0291067638888889
2 0.27989273046875 0.16078022361111113 0.018711492187500012 0.013860363888888887
2 0.304061741015625 0.1517709888888889 0.01403361796875 0.018018475000000006
2 0.2919772359375 0.14761287916666666 0.011694682812500013 0.015246399999999995
7 0.2978245765625 0.047818257638888896 0.021830073437500007 0.012474329166666671
7 0.341874547265625 0.04920429444444445 0.02260971953124997 0.009702255555555558
7 0.29860422265625003 0.07138087569444444 0.04210085625 0.03187883750000001
7 0.34148472460937496 0.0734599298611111 0.03898227421875 0.027720729166666666
7 0.38046699921875 0.09702254930555555 0.006237164062500034 0.02217658472222222
7 0.3816364671875 0.11850611458333332 0.00857610000000002 0.02079054583333334
2 0.068608803515625 0.15385004375 0.07796454921875 0.06652974861111113
2 0.137997251171875 0.15731513402777778 0.048338019531249984 0.04019505694444443
2 0.205046763671875 0.13167346041666667 0.029626528906250015 0.02494865694444444
2 0.23311400156250003 0.1351385513888889 0.02494865625 0.020790547222222205
2 0.16957289296875 0.15454306111111113 0.013253973437499988 0.03742298333333333
2 0.008186277734375 0.1406826972222222 0.01637255546875 0.03187883888888887