7 0.8345646609374999 0.18909940416666665 0.10077007499999997 0.05118480277777778
7 0.88195058984375 0.2772510020833333 0.03239038124999993 0.02559240138888891
7 0.8489603875 0.2655211513888889 0.0167950140624999 0.03199050000000001
6 0.7925771316406249 0.0917061 0.031190736718750056 0.08957340000000001
6 0.766784791015625 0.08850704930555556 0.020393944531249986 0.10023689861111112
6 0.11117947890624999 0.018127950694444443 0.0263921640625 0.036255901388888886
6 0.076389808984375 0.018127950694444443 0.02399287578125 0.03199049861111111
7 0.14716879023437499 0.2751183020833333 0.021593586718750002 0.038388598611111074
9 0.8882393765625001 0.4649286013888889 0.22251522656249997 0.3753552
9 0.11146380859375 0.4521324013888889 0.22256507656249996 0.2900471972222222
2 0.9851199515625 0.7270629680555555 0.027591806250000062 0.32806033333333323
9 0.6828097261718751 0.50438355 0.20513908203125003 0.2537913
0 0.667214357421875 0.5971560020833333 0.16435119453125005 0.18341220138888886
5 0.660616316796875 0.52144515 0.07917648671875002 0.2537913
4 0.6150298546874999 0.516113401388889 0.05998218906249999 0.26445480000000005
9 0.400293623046875 0.5246442013888889 0.37668813828125 0.6142176027777778