6 0.447970904296875 0.4574603090277778 0.008057030468749993 0.019694965277777813
6 0.329633263671875 0.44134624722222227 0.007049902343750025 0.023275866666666662
7 0.42631763398437494 0.3777852263888889 0.007049902343749981 0.025066319444444454
7 0.417253473828125 0.37599477499999995 0.007049902343749981 0.02864722222222227
6 0.33920098828125 0.44045102152777776 0.008057031250000036 0.01432360972222221
6 0.609111522265625 0.3956897388888889 0.00805703203124999 0.025066319444444454
6 0.670546383203125 0.42165128263888885 0.00805703203124999 0.02685676805555559
6 0.590479638671875 0.4494032798611111 0.009064158593750005 0.010742706944444395
6 0.6106222167968751 0.4502985048611111 0.007049902343749981 0.019694962500000045
6 0.615657860546875 0.4708886951388889 0.007049902343749981 0.017904512499999945
6 0.6368075671875 0.4762600465277778 0.007049901562499983 0.01432360972222221
7 0.551705178125 0.45119372916666667 0.014099804687499962 0.032228125
7 0.551705178125 0.3885279354166667 0.0181283203125 0.05371354305555561
2 0.34876871171875 0.4968502361111111 0.03524951093749999 0.03401857500000002
2 0.314526330859375 0.5031168159722222 0.041292283593749965 0.0751989541666667
2 0.23546671640624997 0.5084881715277777 0.07452753593749999 0.0751989541666667
2 0.13676808671875001 0.5031168187499999 0.13092675156249997 0.12533159027777777
2 0.037565894921874995 0.5156499777777778 0.07352040703125 0.10742707777777774
2 0.545158840625 0.5013263673611111 0.007049901562499983 0.014323612500000058
2 0.5330732933593749 0.4977454652777778 0.009064158593750005 0.017904513888888907
2 0.520987746484375 0.4986406881944444 0.007049902343749981 0.023275865277777776
2 0.5109164589843751 0.4977454638888889 0.005035644531249961 0.014323611111111094
2 0.500341605859375 0.49685023888888885 0.016114061718750072 0.023275869444444434
2 0.6222041972656249 0.4968502361111111 0.022156835156250044 0.03401857500000002
2 0.652921628125 0.4977454638888889 0.025178221874999983 0.025066319444444377
6 0.676589156640625 0.4619364375 0.008057030468749993 0.017904513888888827
2 0.73651332421875 0.5013263645833334 0.05136357187499998 0.03580902638888885
2 0.7747842203124999 0.5102786236111112 0.03927802499999995 0.06445624444444438
2 0.79492679765625 0.5147547513888889 0.04129228281249997 0.06624670000000002
2 0.83067987109375 0.5102786236111111 0.0725132765625001 0.11100798055555557
2 0.8805327511718751 0.5147547513888889 0.09769149921875009 0.12712204444444444
2 0.9473165546875 0.5272879111111111 0.1043608703124999 0.23454911944444443
6 0.8875826531250001 0.43507966944444443 0.015106932812500062 0.014323611111111094
7 0.6312683574218749 0.39479451249999997 0.028199607031250018 0.012533158333333303
7 0.28783741484375003 0.13607429861111112 0.060427731249999984 0.16830242222222222
7 0.815585983203125 0.4267965819444445 0.019775377343749945 0.03984372222222221