7 0.35726707539062497 0.35526330347222224 0.03411827421875002 0.045057784722222195
7 0.356779671484375 0.4115855354166667 0.02924423515625003 0.04332479305555555
7 0.46985738164062496 0.4358474194444445 0.025345003906249986 0.01906290833333336
7 0.640936158203125 0.4540438319444445 0.014622116406250019 0.02079590000000001
2 0.46205891875000005 0.5043005916666666 0.05458923906250002 0.07278565
2 0.52103479375 0.4791722118055555 0.032168659375 0.05025675972222222
2 0.566850762109375 0.48350469166666665 0.018521349218749972 0.024261883333333383
2 0.598044613671875 0.48350469166666665 0.022420580468750017 0.024261883333333383
2 0.13744790624999997 0.48523768402777784 0.04484116093750001 0.04852377083333334
2 0.3158377421875 0.4791722118055555 0.03509308281249997 0.05025675972222222
9 0.196911184765625 0.46530827777777783 0.06238770234375 0.07798462500000002
2 0.5502790285156249 0.47743922083333334 0.014622116406250019 0.01906290833333328
9 0.501538636328125 0.46790776597222217 0.020470963281250042 0.038125818055555524
9 0.2719713890625 0.4566433194444444 0.056538854687499994 0.09184856111111112
9 0.24272715351562502 0.46530827847222217 0.021445772656249983 0.06065470972222226
2 0.372864001171875 0.4757062284722222 0.020470964843749995 0.019062909722222247
2 0.38894833046875 0.476572725 0.013647309375000027 0.017329916666666632
2 0.404057851953125 0.476572725 0.01462211796874997 0.017329916666666632
2 0.420142181640625 0.4731067409722223 0.00974807890624998 0.017329918055555598