2 0.071630601953125 0.39340266388888884 0.14254039140625 0.08970093611111112
2 0.24759860273437498 0.3797873402777778 0.11352774296874998 0.09386561944444449
7 0.46393202617187496 0.3221224465277778 0.01135277421874994 0.02466775972222225
7 0.47717693085937507 0.31651614166666664 0.007568516406249959 0.017940186111111107
7 0.358603509375 0.29521217083333334 0.012614193749999992 0.020182708333333306
7 0.309408152734375 0.29857595486111116 0.015137032031250008 0.017940187499999993
7 0.27156557109375 0.3008184756944444 0.015137032812500006 0.01794018194444441
7 0.554123511328125 0.26942314930555555 0.03027406328125002 0.03139532638888885
7 0.52195731875 0.2694231513888889 0.018921290625000076 0.02691028055555557
7 0.4891604140625 0.27166567291666666 0.034058323437499996 0.026910276388888873
2 0.42482802578124995 0.3608860763888889 0.0214441296875 0.03363785000000002
2 0.40149176679687504 0.3631285972222222 0.022705547656250012 0.024667755555555598
2 0.372479121484375 0.3631285993055555 0.042888258593750006 0.0381228958333333
2 0.49735963984375003 0.35527976527777777 0.017659871874999934 0.026910280555555527
2 0.5440321570312501 0.3597648145833333 0.010091354687499976 0.031395326388888894
2 0.48096118867187504 0.3642498576388889 0.025228386718749985 0.04485046527777779
2 0.5225880281249999 0.3650507604166667 0.03531974374999995 0.06054812916666666
2 0.45131783359375 0.3695358069444445 0.04414967812500006 0.06054812500000004
2 0.9600302500000002 0.4214342041666667 0.034058321875 0.04260794444444439