7 0.5752996183593749 0.45030602777777773 0.011364792968749971 0.01653061111111111
7 0.55515293828125 0.4484692951388889 0.008265303124999956 0.023877545833333298
6 0.50477394453125 0.4301894152777779 0.008265303124999956 0.01653061111111111
7 0.538868325390625 0.42927104652777776 0.014464282031249987 0.011020404166666727
6 0.529053276953125 0.4301894152777779 0.00929846640625005 0.01653061111111111
2 0.278860103125 0.5005100993055556 0.032873379687499996 0.05510202916666663
2 0.407066240234375 0.48765295624999994 0.016530608593749996 0.018367343055555572
2 0.538277947265625 0.4784692868055556 0.00826530546875004 0.018367343055555572
2 0.20541160859375002 0.5116609506944444 0.13637752187500002 0.13959180416666667
2 0.325775103515625 0.4942119743055556 0.05269131640625 0.06428569861111112
2 0.38148254296875 0.4878366333333334 0.03202805312499999 0.04040815555555552
2 0.42642513476562505 0.48048969375 0.03099489140624998 0.03306121527777779
2 0.4507044667968749 0.4769998993055555 0.015497446093749988 0.020204076388888915
2 0.468268239453125 0.4769999020833333 0.027895402343749966 0.023877545833333298
2 0.49564706015625004 0.4769998993055555 0.024795912500000038 0.020204076388888915
2 0.524059044140625 0.4797549993055556 0.02376275078125003 0.033061215277777715
2 0.55247102734375 0.48251010555555557 0.02686223906249996 0.03489795277777771
1 0.666980543359375 0.4485567590277778 0.13431119765624996 0.1965305708333334
4 0.8883323828125 0.4982193986111111 0.03306121718749999 0.12306119722222222