2 0.035795616796875 0.4880328409722222 0.07159123359375 0.10450230138888893
2 0.106380903125 0.49229823888888885 0.0743779125 0.08317529999999998
2 0.37150217265625 0.5253550909722222 0.11516580156249998 0.11090040138888885
7 0.468073494921875 0.44431249166666664 0.01559536796874994 0.012796199999999973
7 0.75178924375 0.4315162909722222 0.033590026562500076 0.02559240138888883
2 0.7799808710937499 0.5018953902777779 0.03718895625000007 0.0383886
2 0.75118942109375 0.5189569916666668 0.05878254375000003 0.05971560000000006
2 0.73019565390625 0.5232223916666666 0.05998218749999999 0.06824639999999998
2 0.6996047390625 0.5274877902777777 0.08757399374999997 0.06824639999999998
2 0.51066084765625 0.5157579416666667 0.08397506249999998 0.0533175
2 0.8987456019531251 0.5264214416666667 0.15235475703125 0.10876769999999994
2 0.5442508734375 0.5637436902777777 0.29751165156250003 0.1748814
2 0.267133166015625 0.5402839909722222 0.26152233828125004 0.14928900138888893