7 0.84368622109375 0.3364803416666667 0.05964878750000011 0.11827793611111113
7 0.86261325078125 0.43655048055555556 0.041295315624999954 0.08361026666666665
6 0.354357319921875 0.5222000222222222 0.00767751328124997 0.02651057222222227
6 0.44795358515625 0.5404284125 0.006746942187499982 0.03142191944444445
6 0.441138838671875 0.5406823618055556 0.006882552343749992 0.026835473611111067
7 0.293163959765625 0.5956139159722222 0.013765105468749983 0.0101963736111111
7 0.26448665859375 0.5680837055555555 0.018353473437500024 0.012235649999999983
7 0.256457013671875 0.5405534965277777 0.013765103906249987 0.01019637638888887
7 0.5128320921875 0.5660444305555555 0.012618012499999942 0.008157099999999988
7 0.51053790703125 0.5803193548611111 0.01720637968749994 0.012235648611111098
2 0.28111949375 0.6527136034722223 0.05161914375000003 0.055060418055555574
2 0.342488919140625 0.6465957798611112 0.02982439453125001 0.04282477083333328
2 0.44343302187500006 0.6476154152777778 0.032118578125000054 0.04894259444444439
2 0.3826371421875 0.6428085527777778 0.006882553125000035 0.030589119444444497
2 0.36141593906249997 0.6438281895833333 0.019500565624999976 0.03670694583333337
2 0.37346040664062496 0.6428085527777778 0.009176735156249994 0.03466767222222226
2 0.417623450390625 0.6468871034722222 0.028677300781249925 0.03874622083333337
2 0.4600658578125 0.6428085527777778 0.01491219687499994 0.030589119444444497
2 0.476698692578125 0.6448478291666666 0.022941841406250062 0.03466767222222226
2 0.48300769882812505 0.6519852902777777 0.024088933593750018 0.03670694722222226
2 0.5386416656249999 0.639458325 0.06653133906250001 0.11419938888888892
2 0.5684660578124999 0.6598510736111112 0.07341389375 0.11419938888888892
2 0.629295909765625 0.6866393125 0.13528892421874997 0.1473831194444444
2 0.20426432343749998 0.6649492569444444 0.04932495937499999 0.09176736388888887
2 0.8482745988281251 0.7077740305555555 0.29939103046875 0.40989423611111114
2 0.091849300390625 0.7138918548611112 0.18009345546875002 0.4302869847222222
2 0.6522037804687499 0.6129477493055556 0.022941840624999977 0.028549845833333306
2 0.69349909453125 0.6211048506944444 0.061942971875000016 0.032628395833333296