9 0.43137805039062493 0.45034700625 0.10530631484375 0.16849010416666663
2 0.27692878828125 0.4243454479166667 0.10764645625 0.1414484847222222
2 0.56769122578125 0.43370600833333334 0.09711582343750003 0.1352081083333333
2 0.48812645429687507 0.4035442 0.03627217734375003 0.0665639944444444
2 0.337772437109375 0.41602494791666667 0.044462666406250004 0.08320499027777781
2 0.35590852460937505 0.40770444861111116 0.03159189453124998 0.07488449166666666
2 0.37111943671875 0.40458426249999996 0.015210912499999996 0.06032361944444449
2 0.38574531484375 0.39002339027777777 0.0210612625 0.05616336666666671
9 0.637310398828125 0.4222653222222222 0.04914294609374999 0.06240373888888884
2 0.744371821875 0.4305858229166667 0.16263975312499995 0.13728823194444445
2 0.9064265378906249 0.4815488763888889 0.13338799921874997 0.13520810555555554
2 0.9912566253906249 0.510670625 0.012870772656250118 0.09776586388888886
7 0.70692957578125 0.2558553430555556 0.03627217500000004 0.037442244444444446
4 0.13710540429687498 0.39522369930555556 0.02691161328124998 0.14976898194444443
4 0.220180386328125 0.40562432430555556 0.017551052343749964 0.12064723472222225