6 0.41819256601562504 0.4947691388888889 0.011697694531249959 0.03985881111111106
6 0.3002408171875 0.5138320458333333 0.015596926562500002 0.036392825
7 0.3002408171875 0.5467588895833333 0.015596926562500002 0.015596926388888871
2 0.38602390625 0.5874841944444444 0.011697693750000005 0.024261883333333303
2 0.3694521734375 0.5926831701388888 0.011697693750000005 0.020795901388888892
2 0.35726707539062497 0.5909501791666667 0.018521349218750018 0.01386393611111111
2 0.40649487265625 0.591816675 0.013647309375000027 0.022528891666666655
2 0.42209179726562496 0.5961491534722222 0.00974807890624998 0.020795901388888892
2 0.44402497421875003 0.5987486409722222 0.02047096406250004 0.02946085972222221
2 0.49951336132812507 0.6039476159722222 0.04371503515624999 0.05718872638888889
2 0.824721417578125 0.6697578770833333 0.34891324765625004 0.3518841708333333