2 0.47870316445312505 0.6477932791666666 0.10100514453124995 0.13548973055555552
2 0.40200047773437503 0.6100302840277778 0.02387394296874996 0.031015720833333343
2 0.4217423921875 0.6075816749999999 0.013773426562500024 0.026118502777777764
2 0.43276113515625003 0.629619161111111 0.028465085937500058 0.07019347499999995
2 0.29456773398437497 0.6190085166666667 0.029383314843749987 0.05876663055555558
2 0.27115290390625 0.6247219395833333 0.044993201562499995 0.07672309861111112
2 0.239474017578125 0.6279867555555556 0.051420802343749995 0.09957678888888889
2 0.18346207421875 0.6328839715277778 0.0973322296875 0.1354897291666667
2 0.12258351640625001 0.6549214569444445 0.1276337734375 0.1599758249999999
2 0.058919665234374995 0.6910520493055555 0.11783933046874999 0.2611850208333333
1 0.29917557734375 0.5873926798611111 0.07345828749999997 0.0848851291666667
7 0.3014850484375 0.5531137090277778 0.01652811249999999 0.021221281944444413
7 0.41167247734375 0.5433192708333334 0.01469165625000004 0.011426844444444445
7 0.4162636203125 0.5612757416666666 0.01469165625000004 0.027750908333333355
7 0.4643826328125 0.5465296548611112 0.011018742187500052 0.03917775416666668
7 0.5663060054687501 0.49102783749999995 0.016528115625000072 0.0848851305555555
7 0.36475483125 0.5636699215277777 0.008264057812499993 0.01142684305555556
7 0.337207972265625 0.5285731819444444 0.008264057031250039 0.026118499999999992
2 0.3509814015625 0.6020314715277777 0.02662862812500002 0.03264812638888886