7 0.6903582609375001 0.4160120576388889 0.012618014062500026 0.020392743055555544
7 0.6525042203125 0.4588368305555556 0.008029643750000037 0.016314200000000056
4 0.100944101953125 0.4471110013888889 0.016059288281249993 0.08768881666666664
4 0.119871121484375 0.44507172638888887 0.014912197656249982 0.09992446666666663
4 0.15026906210937502 0.453228825 0.011470921093750008 0.09584591666666663
4 0.13478331875 0.44201281458333336 0.019500565625 0.1305135875
4 0.184108278125 0.4593466493055555 0.019500565625 0.09992446527777782
4 0.22253586289062496 0.4675037493055555 0.01835347421875002 0.06729606805555548
4 0.25694862421875 0.4715822986111112 0.016059289062500027 0.06729606666666667
4 0.297096847265625 0.47566084861111113 0.014912197656249982 0.06729607222222221
4 0.313156136328125 0.47260193472222223 0.01261801328125003 0.05302114444444438
4 0.3928790359375 0.48789649791666667 0.012618012499999987 0.03874622083333337
4 0.386570028515625 0.4868768597222222 0.01147091953124999 0.04486404444444447
4 0.376819746484375 0.48279830902777776 0.01261801328125003 0.04078549583333329
4 0.3601869109375 0.48075903402777775 0.011470918749999993 0.036706945833333296
4 0.6460996121093749 0.5031910590277778 0.006882552343749992 0.036706951388888916
4 0.6415112437499999 0.5042106958333333 0.006882553124999991 0.03874622500000002
4 0.63806996640625 0.5042106958333333 0.006882553125000079 0.04282477222222225
2 0.0512033203125 0.45169936875 0.1020911953125 0.29569484583333333
2 0.8819273960937501 0.4975830506944444 0.23285969062500006 0.2202416763888889
2 0.625279897265625 0.5057401493055556 0.02179474921875002 0.03262839305555553
2 0.55186600546875 0.49350449930555557 0.017206381250000024 0.028549845833333306
2 0.520320973046875 0.4955437770833333 0.013765103906249987 0.020392748611111088
2 0.50483522890625 0.49452413888888885 0.019500564062499937 0.02651057222222219
2 0.53459705 0.5015978729166667 0.02179474999999993 0.04690331805555559
2 0.5862161921875 0.48528367638888886 0.05850169531249998 0.08768881666666664