2 0.30090890976562495 0.44016282222222225 0.042187519531249995 0.03061225833333331
2 0.38140958359375 0.43557098125 0.022385214062500002 0.02448980694444442
2 0.40680819296875 0.44092812708333334 0.01980230624999999 0.022959195833333328
7 0.43177631523437493 0.4156730131944444 0.011192607031250024 0.0244898069444445
7 0.432206799609375 0.38735667500000004 0.01894133359375001 0.022959194444444442
2 0.4623407421875 0.41949954652777777 0.02755103124999998 0.022959193055555556
2 0.509694079296875 0.4049587256944444 0.013775514843749993 0.015306129166666693
2 0.523469596484375 0.40648933680555555 0.010331636718749948 0.015306129166666614
2 0.5372451125 0.40801994999999996 0.010331637499999945 0.01224490277777777
7 0.551881598828125 0.3904179013888889 0.012053575781250015 0.022959194444444442
2 0.597943482421875 0.4332750638888889 0.018080366406249927 0.022959194444444442
2 0.61559336328125 0.4371015958333334 0.015497456250000052 0.018367355555555537
4 0.66811251875 0.44169343541666667 0.010331637500000036 0.03061225972222227
2 0.766693557421875 0.46388732083333334 0.04390945859374993 0.04132654999999998
9 0.851929565234375 0.43939751458333326 0.026690063281250075 0.0413265486111111
9 0.82050416875 0.4416934340277778 0.029272971874999953 0.0459183875
2 0.918224238671875 0.45393833680555556 0.0249681226562501 0.021428581944444462
2 0.9483581800781249 0.4470505791666667 0.018080363281250022 0.026020419444444404
2 0.9888237601562502 0.4332750611111111 0.01980230625000008 0.04132654444444444
2 0.266039633984375 0.41490770624999995 0.025829092968750002 0.02908164583333333
2 0.16459606835937501 0.4186064173611111 0.029896661718750005 0.03188977361111114