1 0.6325978671874999 0.530084645138889 0.025741520312500033 0.048813551388888814
2 0.6407493488281251 0.5453388791666667 0.014586861718750033 0.024406775000000006
2 0.5952726625 0.54305074375 0.048908889062499926 0.02898304305555557
2 0.5364961906250001 0.5438134555555556 0.024025418750000062 0.03355931388888891
2 0.55880550859375 0.5560168437499999 0.03947033124999999 0.042711856944444467
2 0.5154739488281249 0.5499151499999999 0.024883469531250046 0.04271185555555558
2 0.41765617109375003 0.5384744743055555 0.018019065625000063 0.028983045833333342
2 0.3816180421875 0.5506778611111112 0.01801906406249998 0.03508473888888888
2 0.3657441046875 0.5529659972222222 0.025741521874999986 0.03661016388888893
2 0.33785745703125 0.5552541319444444 0.04032838281250002 0.04728812777777773
2 0.13793164726562498 0.5705083659722222 0.026599571093749996 0.047288126388888845
2 0.207862778515625 0.5705083659722222 0.09095337265625 0.0991525236111111
9 0.06371026328125 0.5727965006944444 0.1269915015625 0.1159321791666667
2 0.46527798320312497 0.5583049777777779 0.08580506796874995 0.15101691944444448
2 0.81364656171875 0.5506778618055556 0.09181142343750004 0.07779659583333334
2 0.9831115714843751 0.6856778354166667 0.03088982421875013 0.1738982708333334
6 0.41501944843749994 0.4896609243055555 0.010296609374999922 0.018305081944444464
4 0.6492672855468751 0.5422880326388889 0.010296608593750011 0.04728812638888892