7 0.138720511328125 0.07759844513888889 0.019133864843749994 0.03826772638888889
7 0.11719491484375 0.10842522638888888 0.047834659375 0.023385833333333335
7 0.13931844375 0.18814965833333336 0.013154529687500017 0.038267727777777774
7 0.148885376171875 0.23173234652777777 0.05859745703124999 0.03188977083333333
7 0.14589570937500002 0.28275598194444446 0.023917328125000005 0.027637799999999994
6 0.425728465234375 0.19027564305555558 0.014350397656249925 0.06377954444444446
6 0.41675946562500005 0.19240162708333336 0.013154531250000013 0.05102363472222223
6 0.1201845796875 0.3571654527777778 0.0466387921875 0.05314961944444442
7 0.21764769843750004 0.4145670458333333 0.02630906249999998 0.014881894444444457
7 0.272657555859375 0.4315749208333334 0.009566932031250008 0.027637802777777803
7 0.221235296875 0.43423240208333336 0.016742129687500017 0.017007876388888912
6 0.418553266015625 0.4236024784722222 0.011958664843750012 0.017007876388888912
6 0.574015907421875 0.28647645833333335 0.014350397656250014 0.040393713888888884
6 0.559665509375 0.2896654333333334 0.016742131250000014 0.04251969722222222
6 0.631417498828125 0.40234263124999997 0.016742130468750015 0.021259848611111132
6 0.8547455613281251 0.3109252819444444 0.03707186015624995 0.04677166666666667
7 0.814684034765625 0.20994100486111114 0.01913386328124993 0.0403937125
7 0.627829898046875 0.3406890715277778 0.019133864843750015 0.012755909722222233
7 0.6188608999999999 0.3545079729166667 0.022721462499999935 0.010629926388888893
7 0.623046432421875 0.3768308131944445 0.011958664843750012 0.017007879166666604
2 0.308832516796875 0.47250012986111106 0.02630906171874998 0.008503937500000013
2 0.46578999140625 0.46399619236111106 0.008371065625000007 0.017007879166666604
2 0.45263546093749996 0.4756891076388889 0.025113195312500024 0.03188977083333329
2 0.38865660390625 0.47143713888888894 0.03109252812500003 0.03614174166666662
2 0.36653307382812506 0.4831300548611111 0.025113196093749977 0.03826772638888893
2 0.349193009765625 0.4863190319444444 0.028700794531249983 0.0361417416666667
2 0.327069480859375 0.5012009270833333 0.04185532734374999 0.048897651388888935
9 0.47774865585937504 0.4597442222222223 0.02032973046875002 0.04677166666666663
2 0.5680365746093751 0.4820670631944444 0.031092528906250028 0.05314962083333331
4 0.644572029296875 0.45442925972222226 0.014350397656250014 0.027637802777777724
4 0.595541503515625 0.4661221763888889 0.019133863281250017 0.06377954444444443
4 0.6379947640625 0.4884450180555555 0.02272146406250002 0.04039371388888892
2 0.41018220078124995 0.5352166854166667 0.09327758593749999 0.14669295416666664
2 0.523191581640625 0.4958859638888889 0.07773132109374999 0.11480318055555551
2 0.16349203125 0.6182060215277777 0.234389828125 0.2700000736111111
2 0.08111960781250001 0.7189372006944444 0.16223921562500002 0.46133870972222224
2 0.8776464339843748 0.43093713819444446 0.08968998515625 0.02763780416666669
2 0.9326562921875 0.47664579583333333 0.08012305468750007 0.0637795472222222
2 0.8262241753906249 0.5340473861111111 0.22841049609374994 0.19559060555555557
2 0.9366197070312501 0.5714343548611112 0.12317424687499993 0.27425204305555556