6 0.636948411328125 0.4012497159722222 0.01845701953124994 0.07499994861111109
6 0.8861181605468751 0.6239058145833334 0.026367169531250133 0.04218747083333333
6 0.31065468945312497 0.7387494861111111 0.03295896171875001 0.046874966666666754
6 0.157725107421875 0.21609359305555556 0.03823239609375002 0.13593740555555556
6 0.20386765273437502 0.22078109166666668 0.03559567890625 0.13124991111111112
6 0.20452683320312498 0.2934372916666667 0.018457019531249987 0.04218747222222225
6 0.6606788628906249 0.39890596874999995 0.02373045234375004 0.07499994861111116
7 0.33240760390624996 0.6895307715277778 0.03691403593750002 0.02812498194444449
7 0.347568726953125 0.6379683062500001 0.011865225781250021 0.04218747083333333
7 0.33768103789062504 0.6485151715277778 0.015820300781249984 0.03046872916666672
7 0.31724648203125005 0.6614057875 0.019775376562499992 0.023437483333333297
7 0.84797104375 0.5340683722222223 0.0446536312500001 0.029674986111111128
4 0.18811660000000002 0.8956647576388889 0.0301837484375 0.0939816736111112
2 0.634970872265625 0.7891400743055556 0.025048810156249955 0.04453121805555548
2 0.6086037035156251 0.8020306923611111 0.038232396093750065 0.09374993472222223
2 0.69891125859375 0.775077586111111 0.021093735937500035 0.039843722222222135
2 0.71868663671875 0.7785932083333332 0.03427732031249997 0.046874966666666594
2 0.67913588203125 0.7739057111111111 0.015820301562499937 0.028124980555555446
9 0.6593605050781249 0.7703900875 0.02636716796875005 0.04921871388888882
2 0.5683937703125 0.8184369305555556 0.07646479062500004 0.1078124277777778
2 0.7727393328125001 0.7774213340277778 0.08173822499999987 0.11953116805555561
0 0.8307471050781249 0.7832807048611111 0.026367169531250133 0.056249959722222166