6 0.273459271484375 0.29823421527777777 0.010517664843749986 0.04113575555555558
6 0.41492185664062503 0.3431095840277778 0.01156943203124996 0.0299169125
6 0.26136395820312497 0.2991691166666667 0.011569430468750008 0.04113575277777777
6 0.40808537500000003 0.34404448611111116 0.006310598437499948 0.029916911111111114
6 0.23191449648437504 0.4422093548611111 0.011569432031250004 0.020567879166666674
6 0.221922717578125 0.4403395444444444 0.010517663281249989 0.024307491666666674
6 0.6016103976562499 0.40294340486111113 0.023138862500000013 0.03178671805555556
7 0.21876741718749998 0.3879849486111111 0.016828264062499976 0.01308864722222225
7 0.496959637890625 0.40387831111111105 0.019983561718750043 0.014958455555555616
7 0.4969596375 0.34684919583333335 0.013672964062500004 0.028047105555555518
2 0.16775674609375 0.5263506687499999 0.036811825 0.09162054305555556
2 0.23875097968749998 0.4926941375 0.048381256249999983 0.043005561111111174
2 0.19510267382812502 0.4889545256944444 0.05574362265624997 0.05048479027777783
2 0.30133108203125 0.49362904305555555 0.022087093749999998 0.04113575555555558
2 0.385472396875 0.4852149125 0.007362364062500015 0.016828263888888903
2 0.378110030859375 0.48521491180555554 0.01156943203124996 0.020567876388888826
2 0.362859418359375 0.49362904305555555 0.027345925781250013 0.03365652500000004
2 0.409663025390625 0.48428000902777785 0.009465899218749917 0.018698070833333306
2 0.41492185703124995 0.4861498159722222 0.009465900000000005 0.018698070833333306
2 0.4249136386718749 0.4898894284722222 0.012621197656250072 0.03365652638888893
2 0.4322760011718749 0.4917592368055556 0.01893179609375002 0.033656526388888844
2 0.5285126292968749 0.5316484729166666 0.05784715234375 0.10844880416666661
2 0.5989809808593749 0.5356997027777778 0.13567787109375 0.16454301666666668
9 0.07700432734375 0.5112586458333334 0.1540086546875 0.16828263055555556
2 0.33078054218749997 0.4987710131944444 0.04522595625000001 0.050484787499999975
2 0.393886528515625 0.48381255833333336 0.01788002890625 0.02804710555555556
2 0.45436309765625005 0.5006408194444444 0.03786359062499996 0.04674517499999998
2 0.9188932703124999 0.7264200131944444 0.159868496875 0.34965390694444454
2 0.74850710546875 0.6030127541666667 0.2671486718750001 0.2337258722222223
2 0.27521221249999994 0.5011082743055556 0.037863590625 0.04113575416666669
7 0.22981096562499997 0.4137882875 0.013672962500000007 0.024307491666666674
4 0.930479821484375 0.54779271875 0.037828655468749875 0.1071033513888889
2 0.9108649621093751 0.5639827611111111 0.02662016640624998 0.06476016666666674
2 0.8856458589843751 0.5639827611111111 0.021015919531250128 0.04483396111111107