7 0.695021140625 0.12839704583333333 0.024571454687499994 0.05200308333333334
7 0.843034905859375 0.21576221874999998 0.022231316406249847 0.04160246527777775
7 0.50155020078125 0.16068951666666667 0.023986420312499934 0.01976116944444445
7 0.498625026953125 0.20177194722222222 0.009945585156249947 0.020801230555555526
7 0.9626160105468748 0.19397148680555557 0.0175510414062499 0.02184129305555555
7 0.5320305031249999 0.19241139444444444 0.01170069531250002 0.010400619444444459
6 0.42864147734374997 0.16848997708333333 0.005850346874999968 0.0124807375
6 0.476321800390625 0.16692988541666665 0.006435380468750029 0.01352080138888889
6 0.32001395234375 0.17525037777777777 0.0052653124999999966 0.007280433333333352
2 0.382466399609375 0.21685284375000002 0.008775519531249998 0.01456086250000001
2 0.3704731875 0.21425268819444443 0.02691159218750001 0.034322031944444435
2 0.35613984062500004 0.21841293472222223 0.028666698437500006 0.032241911111111084
2 0.33566362656250004 0.22153311805555556 0.03568711250000001 0.03432203333333336
2 0.304949308984375 0.22205314722222222 0.026911594531250006 0.04576270833333334
2 0.29471120234375 0.22829352013888887 0.021646282812500008 0.03952234583333332
2 0.28008533671875 0.22777348819444446 0.021646282812499962 0.0530431402777778
2 0.265459470703125 0.21269259444444444 0.014625864843750013 0.09152541944444445
2 0.475779425 0.22517333402777776 0.018721107812499936 0.03536209305555554
2 0.49303794726562505 0.23037364166666666 0.021646282031249964 0.043682588888888874
2 0.507663812890625 0.22569336597222223 0.011115658593750055 0.028081665277777765
2 0.528725061328125 0.26313558263888887 0.06493884609374997 0.10088597361111111
1 0.5816706953124999 0.23973419652777778 0.06084360312500001 0.10608628194444442
2 0.592337134765625 0.2759877798611111 0.05148305078124995 0.06760400694444443
2 0.64001745859375 0.24582598958333332 0.039197321874999955 0.019761170833333314
2 0.63124193828125 0.2848283006944445 0.06025856874999995 0.0728043125
2 0.68916036796875 0.2910686708333333 0.10121099375 0.10608628055555556
2 0.823342244921875 0.4098585631944444 0.34985071640625 0.3617928458333334
2 0.42347106484374997 0.3008749638888889 0.12812258906250001 0.17978207222222223
2 0.141066470703125 0.23594540625000002 0.03217690703125 0.08528504861111112
2 0.048448176953125 0.25451793125 0.09689635390625 0.12272727083333336
9 0.20542028046875002 0.20875522013888892 0.11525182812500001 0.17473034583333333
9 0.433082345703125 0.19991469583333332 0.05674836171875004 0.040562405555555535