7 0.10465075976562499 0.3234766083333333 0.019983561718749987 0.024307491666666674
7 0.09097779609375001 0.38003826944444447 0.022087095312500006 0.018698069444444423
7 0.106754292578125 0.4108900854166666 0.02839769296875 0.020567876388888903
6 0.08992602929687502 0.46698429513888884 0.024190627343750003 0.02804710694444444
6 0.267674556640625 0.3510562611111111 0.013672964843750001 0.0430055611111111
6 0.257682775390625 0.34918645416666666 0.014724730468750025 0.03926594722222221
6 0.476450192578125 0.4127598923611111 0.010517664843749941 0.03178671805555556
6 0.484864323828125 0.4127598916666667 0.008414132031249988 0.035526333333333326
6 0.44857838203125 0.5118596611111111 0.011569431249999962 0.01308864722222225
7 0.5505997261718749 0.42678344374999994 0.013672964843750001 0.011218840277777769
7 0.5500738425781251 0.46698429374999995 0.016828263281249978 0.009349034722222172
6 0.5542809082031249 0.5118596604166668 0.01051766484375003 0.020567876388888903
2 0.3912571125 0.5604746444444444 0.023138860937500016 0.024307491666666674
2 0.40493007499999994 0.5642142576388889 0.01893179531249998 0.03178671805555556
2 0.41912892187500006 0.5642142569444444 0.024190628125000037 0.03926594444444444
9 0.45699251328125 0.5427114784722222 0.026294160937499988 0.041135754166666615
2 0.4617254625 0.5698236784722223 0.01682826249999998 0.024307490277777788
2 0.4748725421875 0.5679538708333334 0.011569429687500054 0.035526330555555555
9 0.49590787109375006 0.5529954159722222 0.038915357812499975 0.06544324583333337
2 0.5064255355468751 0.5707585819444445 0.036811824218750025 0.05235459444444446
4 0.507477301953125 0.5726283888888889 0.013672963281250006 0.05983382222222215
4 0.48433844062500003 0.5688887743055555 0.009465898437500009 0.05609420972222223
2 0.43332776875 0.5707585819444445 0.035760059375 0.05235459444444446
2 0.5621691562500001 0.5899241034722221 0.031552992187500004 0.08601112083333338
9 0.669449331640625 0.5235459555555555 0.21876741640625 0.32721622222222224
0 0.882432033984375 0.6544324458333334 0.05574362109374995 0.12901668333333335
2 0.031027109765624998 0.5366346048611111 0.062054219531249996 0.04674517361111109
4 0.00894001484375 0.5310251833333333 0.0178800296875 0.05796401666666663
2 0.113064891015625 0.5693562263888888 0.05995068671875 0.11592803055555558
9 0.20404268750000001 0.5216761506944445 0.16407556406249998 0.23746549027777775
2 0.059424803125 0.5964684298611111 0.11884960625 0.1327562958333333
2 0.31710757890624997 0.5328949916666667 0.13147080312499998 0.2262466472222223
7 0.934159825390625 0.5401458145833333 0.025242394531250056 0.09536015694444444