6 0.4191673734375 0.4093326402777778 0.005848846875000024 0.017329916666666712
7 0.4060074679687499 0.3937357152777778 0.010722885937499971 0.010397950000000043
6 0.49520238554687507 0.40759964791666664 0.003899230468749959 0.01732991527777775
6 0.513723734765625 0.4041336652777777 0.005848847656250022 0.017329916666666712
2 0.518597774609375 0.4231965736111112 0.009748077343749984 0.02079590000000001
2 0.5293206597656249 0.43359452430555556 0.013647308593750029 0.0415918013888889
2 0.5468672015625 0.43272802777777775 0.03509308281250005 0.05372274166666663
2 0.5449175855468751 0.4448589708333333 0.017546541406249984 0.046790777777777806
2 0.821763014453125 0.4448589708333333 0.09748078515624999 0.07798462777777779
2 0.9285044734374999 0.4249295659722222 0.08870751406249991 0.058921718055555614
2 0.42745324062499995 0.4387935006944444 0.039967121875 0.038125818055555524
2 0.403083044140625 0.443992475 0.01657173359374995 0.027727866666666677
2 0.38212467578125003 0.44659196249999994 0.03509308281250001 0.036392825
2 0.34605678515625 0.443992475 0.03314346718750003 0.0623877027777778
2 0.32314880078124997 0.45352392847222217 0.036067890625 0.06412069305555555
2 0.283181679296875 0.45352392916666673 0.07116097265625002 0.09531454444444441
2 0.22956724765625003 0.46912085347222215 0.0848082828125 0.10571249583333334
2 0.16279291015625 0.46825435972222224 0.09163193750000001 0.15943523888888894
2 0.474731420703125 0.42926204513888894 0.027294619531249963 0.03639282638888888
2 0.5741618210937499 0.4517909375 0.04289154531249997 0.057188727777777774
2 0.080421647265625 0.4734533347222222 0.16084329453125 0.3951221138888889