7 0.40604088828125 0.6368248125 0.007808478125000029 0.013881741666666711
2 0.39335211093749994 0.66025025 0.01366483749999996 0.022557827777777737
2 0.382127423046875 0.6619854659722222 0.010736658593750014 0.01908739027777773
2 0.40164861875 0.6637206833333333 0.010736657812499972 0.026028261111111166
2 0.40848103789062495 0.6645882923611112 0.01073665703124993 0.024293043055555567
2 0.41531345820312493 0.6619854659722222 0.010736658593749926 0.032969131944444445
2 0.42800223476562493 0.6602502472222223 0.018545136718749956 0.06073261111111113
2 0.437762833984375 0.6689263368055556 0.012688778906250064 0.05379174305555555
2 0.447523430859375 0.66979394375 0.012688777343750068 0.06940869861111112
2 0.48461370546874993 0.6619854666666667 0.06734812812500009 0.10931870000000003
2 0.5451294136718751 0.6619854645833334 0.09467780390625 0.15790479027777782
2 0.684217941015625 0.6420304652777777 0.27524887109374996 0.20475566111111113
2 0.283545380078125 0.6706615541666667 0.030257855468749994 0.05379174166666666
2 0.33332443164062503 0.663720682638889 0.07125236796874997 0.06767348194444449
2 0.248895256640625 0.6776024236111111 0.060515708593749995 0.07114391666666664
2 0.154217453515625 0.6576474236111112 0.14055261640625 0.16311044444444447