2 0.5148578046875001 0.5392635409722222 0.007651137499999993 0.01190177083333334
2 0.5095976472656251 0.5426640465277777 0.006694746093749959 0.015302273611111082
2 0.504337491015625 0.5469146798611111 0.007651138281249992 0.01700252916666661
2 0.4971645484375 0.5494650576388889 0.00860752812500003 0.015302273611111082
2 0.48855701953124997 0.5503151847222223 0.010520314062500003 0.02380353888888883
2 0.4775585097656251 0.5503151847222223 0.015302275781249985 0.02380353888888883
2 0.463690823046875 0.552865563888889 0.014345882031249957 0.028904297222222177
2 0.452692312109375 0.5528655645833334 0.01912784296875003 0.03570530972222225
2 0.435477253125 0.5571161958333333 0.017215059375000053 0.044206572222222226
2 0.553368526953125 0.5449310166666667 0.007651138281249992 0.015302272222222198
2 0.5586286832031251 0.5474813958333333 0.006694746093749959 0.020403030555555545
2 0.5667580171875001 0.5474813937499999 0.011476706249999946 0.023803540277777795
2 0.5796693128906251 0.5491816486111112 0.020084236718750058 0.034005055555555525
2 0.5849294695312499 0.5551325333333333 0.017215059374999963 0.03230480277777777
2 0.5944933914062499 0.5551325333333333 0.01912784375000003 0.04250631944444447
2 0.603100919921875 0.5534322798611111 0.01721506015624996 0.056108343055555565
2 0.6360964507812501 0.5559826590277778 0.04877600156250006 0.07481112361111104
2 0.6762649507812499 0.5678844291666667 0.058339921875000034 0.09181365277777781
2 0.7130860511718751 0.5882874625000001 0.08607529765625 0.11561719166666665
2 0.80537789609375 0.6086904944444445 0.15780471093749995 0.1870278055555556
2 0.37426815312499995 0.5962219833333333 0.11094149375 0.13942072777777778
2 0.5279284890625 0.5375632631944445 0.007651137499999993 0.008501265277777748
2 0.077945962890625 0.6511968145833333 0.15589192578125 0.18532755416666666
2 0.905225206640625 0.6741502263888889 0.18554008515625 0.32304802777777786
6 0.512148016796875 0.5103592173611111 0.004781961718749983 0.015302273611111082
6 0.252646941015625 0.5310456229166667 0.021997021093749992 0.0306045513888889
6 0.27607854921874997 0.5310456208333333 0.01338949062500001 0.023803536111111138
7 0.2668334203125 0.4528340083333333 0.021040628125000006 0.04760707777777782
7 0.70071669609375 0.446883125 0.015302274999999987 0.028904297222222257