7 0.47267925976562497 0.2888010472222222 0.013334677343749934 0.007486133333333337
7 0.5235615828125001 0.2831864479166667 0.0084219015625 0.008733823611111111
7 0.48180298671875 0.30502100833333334 0.03158213124999998 0.027449161111111113
7 0.51584150703125 0.30314947361111116 0.0336876078125 0.03368760833333333
7 0.534088961328125 0.3231125013888889 0.005614602343749997 0.013724583333333326
7 0.4526772421875 0.33808477013888893 0.015440153125000045 0.01621995972222222
7 0.469521046875 0.33808477013888893 0.01544015468750004 0.011229201388888891
2 0.3028375734375 0.36797260555555555 0.01754562812499998 0.019963027777777774
2 0.22633863242187502 0.36547722638888885 0.03719673359375002 0.027449161111111113
2 0.351614421875 0.38107334027777773 0.0336876078125 0.03368760833333329
2 0.470924696484375 0.3567434013888888 0.00982555078124996 0.012476891666666667
2 0.491277626171875 0.3785779638888889 0.021054753906249956 0.03368760833333329
2 0.4596954953125 0.3960456131944445 0.0505314109375 0.06612752638888893
2 0.562863790625 0.39355023263888883 0.05754966249999995 0.07860441805555551
7 0.39302210546875 0.3355893902777778 0.015440153124999956 0.018715336111111112
7 0.24037513476562503 0.3293509458333333 0.02035293046875002 0.021210713888888892
2 0.6973350269531251 0.37411789930555556 0.03871326171874996 0.021176484722222236
2 0.940781884375 0.37411788888888886 0.06402577968749998 0.04235296944444444
2 0.753915948046875 0.3710296583333333 0.026801488281249952 0.029117666666666667