7 0.326073225 0.7252570375 0.02631981250000002 0.015596925000000143
7 0.51128671484375 0.708793617361111 0.02631981250000006 0.017329918055555518
7 0.5580774921874999 0.7417204590277777 0.008773271874999988 0.02079590138888897
7 0.45913449531250006 0.7651158486111111 0.009748078124999981 0.012130941666666692
7 0.378712848828125 0.772047813888889 0.012672502343749992 0.012130941666666692
7 0.232004267578125 0.6923301951388888 0.02144577265625003 0.012130943055555576
6 0.22907984335937498 0.727856525 0.009748077343749984 0.034659833333333265
6 0.287080910546875 0.7824457638888889 0.00877327109374999 0.029460858333333326
6 0.381149868359375 0.7035946409722222 0.007798463281250001 0.027727868055555483
6 0.47716844062499997 0.7087936145833333 0.008773270312499993 0.02426188472222227
7 0.28610610234375 0.7599168722222222 0.018521350000000013 0.012130941666666692
2 0.7647367546874999 0.8630298791666667 0.19788599375000002 0.16636720555555545
2 0.530782871484375 0.8517654319444444 0.12575021171875003 0.18889609722222217
2 0.257349271484375 0.8976897145833334 0.11307771015624998 0.13863933750000004
2 0.926067453515625 0.8500324430555556 0.13257386640624985 0.1507702805555556
2 0.6107171152343749 0.8275035506944445 0.06336251015625001 0.10571249583333342
2 0.6653063546875 0.8214380784722222 0.06141289531250003 0.08664958749999999
2 0.32851024375 0.8526319277777777 0.060438087500000036 0.0831836027777778
2 0.44889901367187496 0.808440638888889 0.026319811718750065 0.04332479166666666
2 0.357754479296875 0.8379014986111112 0.019496157031250006 0.0606547083333333
2 0.375788424609375 0.8249040618055555 0.022420580468750017 0.03465983472222215
2 0.395284581640625 0.8145061118055555 0.01657173359374995 0.027727868055555563
6 0.5840722070312501 0.6770806034722222 0.010530631249999978 0.031201870833333346
6 0.59811304921875 0.6770806034722222 0.008190490625000013 0.039522370833333376
6 0.627364803125 0.7457247194444444 0.010530631250000066 0.01872112222222218