6 0.33174842499999996 0.2226560972222222 0.011865226562499975 0.05624996111111113
6 0.39832552851562497 0.46171843263888884 0.010546869531250013 0.03749997638888887
6 0.511045176953125 0.4722653006944444 0.00659179296875001 0.03515622638888887
6 0.534116449609375 0.47812467222222227 0.0026367164062500057 0.028124983333333298
6 0.9296239906250001 0.40546847152777776 0.015820301562500028 0.04218747083333333
6 0.9573095195312501 0.4078122208333334 0.015820303125000025 0.04687496944444444
2 0.45501494179687507 0.5156246458333332 0.007910150781250014 0.028124980555555526
2 0.43523956484375 0.5144527715277778 0.013183584375000024 0.02578123194444441
2 0.422715159765625 0.5261715124999999 0.01713866015624994 0.035156224999999985
2 0.401621425 0.5156246444444444 0.0276855296875 0.04687496944444444
9 0.36602574531250004 0.5050777791666666 0.07250971718749999 0.11953116944444449
2 0.289560955078125 0.5296871347222222 0.07778315078125 0.09374993611111111
2 0.22956724765625003 0.5250901618055556 0.04191673750000002 0.09356889027777776
2 0.09444390078125 0.5554683694444444 0.18852526093750002 0.18281237777777776
2 0.49720241210937494 0.5812496006944444 0.12128897734375003 0.15937489027777774
2 0.666611476171875 0.5496089958333333 0.04877926328125 0.0539062138888889
2 0.5723488453125001 0.5203121423611111 0.031640603124999965 0.0374999736111111
2 0.83470218125 0.5367183805555555 0.13447256406249997 0.1453124
6 0.775376049609375 0.030468729166666667 0.026367169531249957 0.06093745833333333