7 0.501051233203125 0.2842106423611111 0.013647310156249936 0.013863931944444453
7 0.5025134445312499 0.3136715013888889 0.010722885937499971 0.010397950000000005
6 0.378712848046875 0.33100141944444444 0.004874039843749988 0.013863933333333339
4 0.6945505902343749 0.3907896340277778 0.024370196093749998 0.09531454583333338
2 0.108203670703125 0.5493583777777777 0.21640734140625 0.47137375
2 0.91242014296875 0.5406934194444445 0.17351579687500002 0.2703467111111111
2 0.7988550296875 0.4523108402777778 0.22128138125000002 0.22182294166666666
2 0.444024973828125 0.42804895625 0.11990136484375 0.18369712361111112
2 0.5556404718750001 0.42458297361111114 0.09163193749999995 0.12477540555555551
2 0.20081041640625 0.4271824604166667 0.09358155312500001 0.10917847916666672
2 0.2490634046875 0.4115855354166667 0.06336250937500001 0.08145061250000005
2 0.35385524804687496 0.3890566430555555 0.056538855468749996 0.07798462777777779
7 0.394091000390625 0.28948906875 0.01840424921874999 0.02702846249999998
7 0.39609146210937507 0.31438370625 0.01760406484375001 0.019915709722222234