7 0.091631937890625 0.2954750902777778 0.023395388281250006 0.019062911111111133
7 0.42160439375000003 0.32146996527777777 0.010722887499999967 0.015596925000000025
7 0.244676769140625 0.39772160069444445 0.017546541406249984 0.025994876388888914
6 0.08675789843750001 0.36999373333333335 0.007798462500000003 0.029460858333333326
6 0.16474252578124998 0.36652775000000004 0.005848846875000003 0.022528891666666655
6 0.37286400078125 0.30154056041666666 0.006823654687500014 0.020795901388888892
6 0.52249700546875 0.34573184930555556 0.01169769374999996 0.03985880972222217
6 0.4596218992187501 0.3595957833333333 0.008773270312499993 0.01906290833333336
6 0.46010930312500004 0.38125817986111116 0.005848846875000024 0.013863934722222224
2 0.874890041796875 0.6420734347222222 0.24857600078124992 0.5909501777777778
2 0.575136629296875 0.48350469166666665 0.10917847890625003 0.14210532222222222
2 0.31924956992187503 0.4488448569444444 0.07311058984374999 0.09704753611111114
2 0.41575554648437496 0.44104639444444443 0.032168658593749996 0.04679077777777773
2 0.2320042671875 0.4540438326388889 0.07798462812500002 0.07278565416666664
2 0.064824721875 0.45577682291666666 0.0867578984375 0.06585368472222228
2 0.18180166328124997 0.45057784930555556 0.018521348437499995 0.038125818055555524
2 0.35872928710937496 0.43844690624999993 0.019496157031250006 0.04505778472222228
2 0.373838808984375 0.42284998124999995 0.024370196093749998 0.038125818055555524
2 0.520059986328125 0.46444178263888886 0.043866353906250044 0.09011557083333335
2 0.5049504640625 0.44711186597222224 0.08383347499999996 0.09011557083333328
2 0.6326502921875 0.4393134027777778 0.044841160937500034 0.057188727777777774