6 0.2362288703125 0.41443661527777775 0.005738353125000017 0.02210328611111107
6 0.44376597578125 0.4382401541666667 0.005738353125000017 0.015302274999999968
6 0.43850581875000005 0.4399404069444444 0.004781960937499985 0.01870278055555556
6 0.44711334843750006 0.4382401541666667 0.004781960937499985 0.01870278055555556
7 0.109028709375 0.4611935673611111 0.019127843749999995 0.013602023611111097
7 0.46911036875 0.4416406597222222 0.02199702031249995 0.011901769444444455
7 0.541796175 0.48669735833333333 0.006694745312499961 0.020403033333333397
6 0.43898401484375 0.4866973590277778 0.0038255687499999524 0.013602023611111097
6 0.42368173984375 0.4832968534722222 0.0038255687499999524 0.013602023611111097
6 0.35960346328125 0.4832968534722222 0.0038255687499999967 0.013602023611111097
7 0.33999742343749995 0.48074647361111117 0.012433098437500022 0.008501263888888942
7 0.239098046484375 0.46969483055555555 0.011476705468749992 0.013602022222222211
2 0.52266833125 0.5504568375000001 0.03347372656250007 0.08331238611111118
2 0.44950432929687506 0.5283535513888888 0.009563922656249968 0.015302275000000047
2 0.4298982890625 0.5283535513888888 0.010520314062500003 0.011901769444444375
2 0.4117268375 0.527503425 0.012433098437499979 0.013602022222222211
2 0.38733883671875 0.5232527930555555 0.009563921875000015 0.01870278055555556
2 0.37681852265625004 0.5249530458333334 0.009563921875000015 0.01870278055555556
2 0.39881554296875 0.5232527930555555 0.01338949062500001 0.02210328611111107
2 0.4399404070312499 0.5258031729166667 0.009563921875000058 0.01700252916666661
2 0.46241562343750003 0.5292036777777778 0.01625866718750002 0.02380353888888883
2 0.5647495875 0.5581079750000001 0.08320612031249999 0.10881617777777777
2 0.329477109375 0.5691596173611111 0.11572345625000002 0.14452148472222218
2 0.22618675195312501 0.5377049416666667 0.06216549140625001 0.07481112222222223
2 0.06742564921875 0.5496067111111111 0.1348512984375 0.13942072777777778
2 0.9367861632812499 0.7668140041666667 0.1252873765624999 0.4080606666666666