2 0.40990669765625 0.6862647229166666 0.11405251718749998 0.12130942083333325
2 0.694550590234375 0.6386074493055555 0.11210290234375 0.20276003194444447
2 0.543942777734375 0.6464059152777778 0.04874039140624999 0.05892172222222219
2 0.6131541359375 0.6377409548611112 0.04679077656250001 0.06931967083333335
2 0.7798462765625 0.6160785597222221 0.05848847031249997 0.07798462777777779
2 0.115514730078125 0.7581838798611111 0.03801750546874999 0.05718872638888889
2 0.633137696484375 0.6256100145833333 0.014622117968750015 0.031193851388888857
2 0.7584005050781251 0.6030811208333333 0.03119385078125001 0.0623877027777778
2 0.8432087875000001 0.5978821458333333 0.02924423593750003 0.04852376944444438
2 0.914857162890625 0.6386074520833332 0.16864175703125 0.21315798194444438
1 0.2885431234375 0.5233635027777778 0.042891545312500015 0.017329916666666712
7 0.3372835140625 0.5242299965277777 0.04679077656250001 0.025994873611111066
7 0.668230778515625 0.3951221138888889 0.16669214140625002 0.10744548888888887
7 0.784720316015625 0.34746484097222224 0.07603501171874996 0.08145061250000005
7 0.78813214296875 0.40378707222222227 0.07116097343749991 0.04505778611111108