7 0.8215964507812501 0.3078584604166667 0.029251754687499874 0.033281995833333355
4 0.557684675390625 0.46163910069444447 0.011700703906249998 0.052003118055555575
2 0.547154044140625 0.4626791638888889 0.014040841406249971 0.054083244444444505
2 0.572895587109375 0.47515991180555556 0.030421825781250078 0.06240374305555558
2 0.5904466410156249 0.4834804111111112 0.04914294765625007 0.08736523888888893
2 0.6144330785156249 0.4834804083333333 0.04797287578124996 0.11648698333333335
9 0.686392394140625 0.5094819680555556 0.14742884140625004 0.17681060277777777
2 0.861902917578125 0.6372610812499999 0.27379641796874993 0.31825908472222225
2 0.3985551328125 0.48437191180555556 0.037442246875000015 0.1081664847222222
2 0.349997220703125 0.5010129104166667 0.09945596328124999 0.16224972916666672
2 0.293904565625 0.5208438090277778 0.17254098906249998 0.18527052361111107
2 0.4728545890625 0.5207740972222222 0.16263975312499998 0.2475348444444444
4 0.991769526171875 0.4705072534722222 0.013647310156250115 0.12304241250000006