6 0.5412517625 0.49372005277777775 0.005998218750000017 0.01919430000000004
6 0.51066084921875 0.48945465208333333 0.004798576562500045 0.02345970138888889
6 0.25392462578124997 0.5001659097222222 0.014420643749999984 0.031894983333333314
7 0.6858088359375 0.44146890138888895 0.03838859999999995 0.04691940000000001
7 0.599434485546875 0.4926537013888889 0.01919430078124993 0.02132700000000006
7 0.47167242578124996 0.515047051388889 0.013196081250000002 0.023459699999999924
6 0.5190990015625 0.5257105520833333 0.009515857812499995 0.019194301388888845
6 0.5094612046875 0.5246442013888889 0.004798576562499957 0.017061600000000017
2 0.531654615625 0.5374404013888889 0.013196081250000002 0.017061600000000017
2 0.5484496265625001 0.5299759513888889 0.015595368750000027 0.027725099999999968
2 0.56284535078125 0.53637405 0.015595368750000027 0.023459700000000003
2 0.577840898046875 0.5310423006944445 0.02399287578125007 0.04691940138888889
2 0.6132303894531249 0.5331750020833333 0.05638325859375 0.07677720138888888
9 0.6702134671875 0.5630328006944445 0.10556865000000001 0.13222740138888892
2 0.8615566453125 0.5523693013888888 0.11156687031249994 0.106635
2 0.9503302843749999 0.533175001388889 0.049185393750000014 0.05971559999999998
2 0.981811588671875 0.5289096006944445 0.03537080234375001 0.07677720138888888
2 0.08478731601562499 0.5107816527777778 0.06957933828124999 0.01919429999999996