7 0.175655416796875 0.27799342222222223 0.13189144921875 0.11901315833333331
7 0.18065130468750001 0.20960526527777779 0.05595394843749999 0.03197368611111114
7 0.351510680859375 0.1936184222222222 0.045962171093750025 0.03197368333333331
7 0.348513148046875 0.27621710555555556 0.14388157890625006 0.13677631666666668
7 0.435441601953125 0.29842105416666664 0.02597861796875005 0.04973684166666664
7 0.5693314050781251 0.28598684444444444 0.20982730390624998 0.11723684444444445
7 0.6347775394531251 0.42809210694444444 0.020982730468749988 0.053289472222222245
7 0.41845558242187497 0.42365131736111106 0.023980263281250025 0.04796052638888892
7 0.282067834375 0.5115789506944444 0.018984374999999963 0.0213157902777778
7 0.37099464375 0.4804934243055555 0.010990953125000003 0.01953947361111111
2 0.44193625625 0.5550986881944444 0.028976151562499997 0.04796052638888892
2 0.277071946484375 0.5462171069444444 0.012989308593749981 0.019539472222222225
2 0.2765723578125 0.564868425 0.007993421874999962 0.014210527777777789
2 0.30504892109375004 0.5488815819444445 0.018984375000000008 0.01776315833333331
2 0.17865294921875 0.5471052652777778 0.019983553124999998 0.021315788888888913
2 0.25259209453125 0.5639802666666667 0.041965460937499977 0.05151315833333333
2 0.32403329531249997 0.5497697402777777 0.01698602031249998 0.0230921055555556
2 0.5158754015625 0.5488815819444445 0.03896792812500003 0.046184211111111116
2 0.467415286328125 0.5577631611111111 0.04196546015624998 0.056842105555555536
2 0.57083017109375 0.55865131875 0.06894325624999995 0.08703947361111107
2 0.100717093359375 0.5826315833333333 0.10391447421875002 0.09947368611111113
2 0.012889385546875002 0.5995065826388889 0.025778771093750003 0.1723026319444444
2 0.8645883968749999 0.6101644770833333 0.2707771390625 0.3428289486111112
7 0.671642605859375 0.4904366583333333 0.025345003906249986 0.048523769444444455