2 0.078424159765625 0.5585330374999999 0.15684831953125 0.2839422166666666
9 0.030126353124999998 0.38765763194444447 0.058339921875 0.08161213333333331
9 0.423203543359375 0.41231129791666665 0.11381067109374995 0.13431997083333327
9 0.485369036328125 0.44716648124999997 0.01625866796875002 0.1122166819444444
9 0.558533037890625 0.4684196416666667 0.10137757265624998 0.21593210555555556
9 0.342388403515625 0.47522065277777775 0.09181365234375001 0.1513225
2 0.49302017343750004 0.5134763402777778 0.014345882812500044 0.027204044444444422
2 0.506887859765625 0.5109259597222222 0.013389489843749925 0.01870278055555556
2 0.6163947671875001 0.5262282347222222 0.04112486562499997 0.06971036666666666
2 0.702470062109375 0.5508819013888889 0.14632800390625 0.2176323583333333
2 0.85501461640625 0.6290935298611111 0.285004871875 0.5610834180555555
2 0.42081256328125 0.5848869583333334 0.17215059375 0.2482369083333333
7 0.22905592968750002 0.28394221319444446 0.06025270781250003 0.0374055597222222
7 0.16019569179687498 0.2082809659722222 0.05260156953124999 0.06630985972222223
7 0.080336943359375 0.23548501111111111 0.02677898046875 0.06290935277777779
7 0.068382042578125 0.3153968902777778 0.02964815859375001 0.042506319444444426
7 0.07316400234375 0.39530877013888893 0.012433098437500002 0.028904298611111143
7 0.043994039453125 0.3162470145833334 0.03060454921875 0.01700252638888888
7 0.82058449765625 0.3910581395833333 0.007651139062499901 0.034005054166666646
7 0.77850324140625 0.3919082645833334 0.011476706250000034 0.03910581249999999
6 0.802891242578125 0.3859573798611111 0.010520313281249916 0.05100758194444444
7 0.166890437890625 0.1606738888888889 0.02582258984375001 0.035705311111111096
6 0.32182597148437503 0.31029613194444444 0.008607528906249984 0.035705308333333324
6 0.330911696484375 0.30944600694444446 0.009563921093750016 0.04080606944444444
6 0.7904581433593749 0.38425712777777776 0.010520313281250004 0.044206572222222226
6 0.8134115558593751 0.38680750833333327 0.006694744531250052 0.03570531111111113
4 0.15063176953125 0.49562368611111113 0.021997020312499994 0.06971036388888889
4 0.1750197703125 0.5185770965277778 0.021040628125000006 0.13602022361111107
4 0.19366941796875 0.5100758347222222 0.018171451562500017 0.15642325833333334
4 0.21375365390624998 0.5270783625 0.023909804687500015 0.11221668611111113
4 0.221882986328125 0.5168768465277778 0.01912784296875003 0.11221668472222217
4 0.233837890234375 0.5202773513888889 0.012433099218749976 0.10541567499999994
4 0.24722738125000002 0.5211274763888889 0.01625866718750002 0.10711592499999993
4 0.256791301953125 0.5160267173611112 0.010520313281250004 0.06290935416666667
4 0.270658989453125 0.5117760875 0.015302275781249985 0.05780859722222221
4 0.28165749882812496 0.5117760861111111 0.018171452343749995 0.06120909999999995
4 0.294090597265625 0.5066753305555556 0.008607528906249984 0.06120910000000003