6 0.21441452148437498 0.2594529395833333 0.014501942968749982 0.03046872916666664
6 0.292856850390625 0.03796871736111111 0.013183585156250021 0.06562495416666667
6 0.848544944140625 0.21492172013888888 0.019775377343749945 0.0398437236111111
6 0.27439983203125 0.03796871736111111 0.015820301562500028 0.06562495416666667
6 0.303403718359375 0.041484339583333335 0.010546867968750017 0.05859370972222223
7 0.23880415234375 0.1867967375 0.013183584374999979 0.016406236111111146
7 0.21441452109375003 0.1727342486111111 0.03295896250000001 0.016406238888888876
7 0.681113419140625 0.23132795833333333 0.03295896171874997 0.035156224999999985
5 0.4827004703125001 0.3356247625 0.018457017187499945 0.07968744444444446
0 0.480722933203125 0.36023412013888895 0.014501942968749936 0.053906212500000016
2 0.654746250390625 0.36023412152777773 0.17534167734374995 0.11953116805555557
2 0.03634549296875 0.6461714222222222 0.0726909859375 0.3070310388888889
9 0.065440014453125 0.3590622458333333 0.08569330078125001 0.09374993611111107