2 0.306790500390625 0.32779761458333334 0.20348747265624997 0.14276175138888894
2 0.56134475234375 0.38323907013888886 0.177759171875 0.2037473541666667
2 0.87788082109375 0.3991784902777778 0.12318398749999986 0.18572888055555556
2 0.41711033671875003 0.29591877708333336 0.10447249531250002 0.10672480416666666
2 0.665427424609375 0.2966117965277778 0.06938844921875002 0.0803901152777778
2 0.74222250625 0.2966117965277778 0.04833802031249999 0.049897315277777764
2 0.836949433984375 0.3167093222222222 0.05067695859374997 0.06791578333333333
2 0.826424219921875 0.29037463124999996 0.03742298515625002 0.04019505694444443
2 0.8794401121093749 0.3000768861111111 0.032745110156250055 0.023562619444444464
2 0.8743724164062499 0.2841374673611111 0.022609718750000063 0.02217657916666668
2 0.9024396535156249 0.28829557777777776 0.025728299218750018 0.019404511111111116
2 0.921151145703125 0.34373703333333333 0.055354830468749935 0.0859342583333333
2 0.945320156640625 0.31047215902777775 0.05067695859375014 0.09147840416666662
1 0.979234734765625 0.29938386875 0.031185819531249947 0.07484596805555555
2 0.9114055773437499 0.28205841111111113 0.010915037500000047 0.015246397222222225
9 0.919981677734375 0.27720728541666667 0.014033619531249996 0.030492801388888876
4 0.07328667656250001 0.2626539027777778 0.028067239062500006 0.09563651388888886
2 0.7480251925781249 0.2667107548611111 0.012870760156249971 0.012203387500000003
2 0.776769890625 0.2804395652777778 0.025741520312500033 0.030508469444444467
2 0.796934081640625 0.2751005833333333 0.016302963281250006 0.028983044444444456