7 0.9871613796875 0.12064723541666668 0.023401403125000008 0.05824349305555556
7 0.708099644921875 0.27249634166666664 0.00819049140625001 0.02080125
4 0.8204263804687499 0.39834388819444444 0.026911612500000005 0.10192611249999994
4 0.76660315390625 0.3921035131944444 0.01755105312499996 0.09776586250000001
4 0.7262357324218749 0.39002338888888893 0.016380982031250026 0.07280436666666665
4 0.6917186624999999 0.38482307777777774 0.015210912499999996 0.06240374444444442
4 0.785909310546875 0.41706501041666666 0.021061261718750047 0.06864411527777779
4 0.8040453984375 0.39522370138888885 0.019891192187499927 0.0873652416666667
4 0.7549024515625 0.3962637638888889 0.010530631249999978 0.0852851166666667
2 0.14899502578124998 0.5148308729166666 0.29799005156249997 0.3515410819444445
2 0.43488826171875 0.47634856527777775 0.24337459531249994 0.2745764666666667
2 0.56944633046875 0.42122525972222224 0.08658519375000004 0.13520810833333335
2 0.557160593359375 0.35362120555555554 0.04095245546874997 0.016640997222222214
9 0.53375918984375 0.34530070763888887 0.03627217500000004 0.054083245833333314
2 0.665977119140625 0.38378301458333336 0.029251755468749963 0.03536212083333328
2 0.6490111011718749 0.3796227652777778 0.007020421093749984 0.027041622222222214
2 0.64257571484375 0.3785827027777778 0.008190490625000013 0.024961497222222167
2 0.6355552941406251 0.37650257986111113 0.008190489843750015 0.029121745833333375
2 0.6232695578125 0.3765025777777778 0.011700701562500004 0.02080124722222223
2 0.6162491367187499 0.3702622055555556 0.011700701562500004 0.016640997222222214
2 0.60454843515625 0.37234233055555555 0.011700701562500004 0.02080124722222223