2 0.426685784765625 0.5914687930555556 0.026392161718749918 0.038388602777777774
2 0.46387474140625 0.5882697423611111 0.026392162500000003 0.03199050138888882
2 0.44647990703125 0.5882697430555556 0.010796793749999978 0.023459700000000003
2 0.40809130703124996 0.5861370416666667 0.015595368749999939 0.023459702777777775
2 0.39909397890625 0.5882697423611111 0.01679501250000004 0.027725104166666705
2 0.38829718515625 0.5893360916666667 0.01919430000000002 0.02985780277777776
2 0.37390146015625003 0.5914687930555556 0.014395725000000015 0.02985779999999999
2 0.365503953125 0.5893360930555556 0.021593589062499995 0.03412320277777773
2 0.35350751640625 0.5925351430555555 0.02159358906250004 0.04052130277777771
2 0.34630965351562504 0.595734192361111 0.023992875781250023 0.046919401388888816
2 0.323516421875 0.5946678409722223 0.03359002499999999 0.0575829041666667
2 0.3001233703125 0.5957341916666667 0.03478966875 0.06398100277777771
2 0.26953245351562505 0.5989332416666667 0.05518361328124999 0.07890990277777779
2 0.21674812812499997 0.6010659402777777 0.0647807625 0.11303309999999998
2 0.143569859375 0.6095967402777779 0.11036722500000003 0.1386255
2 0.045992588671875 0.5946678409722223 0.09198517734375 0.16421790138888892
2 0.48546832890624997 0.5936014916666666 0.011996437500000035 0.017061600000000017
2 0.49326601328124997 0.5914687937499999 0.015595368750000027 0.021327001388888947
2 0.5052624515625 0.5925351430555555 0.0131960828125 0.027725099999999968
2 0.5154594234375001 0.5978668930555555 0.023992876562499977 0.034123200000000034
2 0.525656396484375 0.6042649923611112 0.029991094531249995 0.03838860138888889
2 0.575441611328125 0.6170611902777777 0.08157577421875004 0.1151658
2 0.6318248675781251 0.6266583416666667 0.050385036718749984 0.08317529999999998
2 0.6642152484375 0.6383881930555556 0.0695793375 0.09810420000000006
2 0.7583872832031251 0.6437199395833334 0.16435119453125005 0.1684832986111111
2 0.89808803046875 0.6725113916666666 0.2038239390625 0.24312780277777774