2 0.7769783875 0.4677559354166667 0.0917617296875 0.06991369861111114
2 0.5354383796875 0.4102079159722223 0.021535917187499986 0.023304565277777793
2 0.5171796679687499 0.4135371395833333 0.016854195312499966 0.023304565277777793
2 0.506879881640625 0.4285186479166667 0.01872688359375001 0.033292237500000016
2 0.461935361328125 0.4243571173611111 0.02996301328124993 0.03495685138888894
2 0.43993127265625 0.4576493541666667 0.015917849999999945 0.0382860722222222
2 0.42729062578125 0.45848165972222227 0.02434494843750006 0.03995068333333328
2 0.5359065515625 0.4251894229166666 0.020599571874999965 0.029963012500000018
2 0.53216117421875 0.43684170555555557 0.02434494843749997 0.026633791666666677
2 0.51811601171875 0.4576493541666667 0.03370839062499993 0.044944519444444435
2 0.4132454640625 0.4717985548611111 0.03558107812500002 0.043279906944444474
2 0.089738551953125 0.4876123673611111 0.05711699453125 0.05160296805555562
2 0.045262203125 0.4926062041666667 0.033708390624999994 0.038286074999999975
2 0.146387373828125 0.4884446736111111 0.07303484609375002 0.05992602777777781
5 0.187586517578125 0.4876123680555556 0.018726883593749986 0.06491986388888896
0 0.18945920625 0.5034261819444444 0.024344949999999987 0.049938355555555584
4 0.015299188671875 0.536956225 0.028090325781249998 0.21639954166666664
7 0.145919201953125 0.5367184194444445 0.019663228906249986 0.029963016666666675
7 0.484875793359375 0.5100846277777779 0.014045161718749987 0.02330456666666668
7 0.485812137109375 0.4593139652777778 0.010299785156249986 0.07157831111111111
6 0.0073402632812499995 0.13305003819444444 0.0140451625 0.08489520416666665
6 0.24985340585937496 0.13804387430555556 0.06086237109375001 0.04161529861111111
6 0.352383092578125 0.2087898798611111 0.04119914296874998 0.03329223749999998
6 0.424949766796875 0.2281707236111111 0.03464473515625004 0.02829840000000002
6 0.506879881640625 0.22400919374999997 0.01872688359375001 0.06658447361111111
6 0.155750815234375 0.3322089652777778 0.022472260156250014 0.06325525000000004
6 0.06258456875 0.2930905861111111 0.014045162499999996 0.038286072222222245
6 0.05181661171875 0.26728910069444445 0.016854195312499997 0.04660913194444443
6 0.9547868148437499 0.18679323194444444 0.02528129374999999 0.058261413888888905
7 0.975386386328125 0.10605955555555555 0.047753552343749915 0.08655981666666665
7 0.9758545582031249 0.24541133958333333 0.044944519531249935 0.08655981805555556
6 0.25085662890625005 0.4218602 0.013108818750000006 0.01997534166666668
6 0.24891706132812502 0.39189718541666657 0.008427097656249983 0.016646118055555565
6 0.24470351210937497 0.4035494680555555 0.016854196093750006 0.009987669444444455
2 0.92061025234375 0.4451647652777778 0.06179871562500008 0.06325525000000004
2 0.949636921484375 0.4243571152777778 0.03370838984375002 0.03828606944444443
2 0.9552549867187501 0.4459970708333333 0.04681720937500007 0.06159063888888888
2 0.847107233203125 0.46347549583333336 0.10767958046874995 0.07657214722222218
6 0.9919103515625001 0.3778668951388889 0.013108818749999963 0.04327990694444439
6 0.576641708984375 0.4253083333333333 0.012172474218749941 0.021639955555555524