4 0.195608912109375 0.554699925 0.033932035156250005 0.14976898055555554
4 0.23283293632812502 0.5578201131944444 0.048409316406250014 0.1851311041666666
4 0.7864943468750001 0.5609403000000001 0.015210912499999996 0.10816648611111117
4 0.7730385394531251 0.5474194895833334 0.011700702343750003 0.08112486527777783
4 0.6343852234374999 0.5297384284722223 0.010530631250000066 0.049922993055555524
4 0.300915226171875 0.5345920569444444 0.024571474218750035 0.1248074833333333
4 0.419677348828125 0.5200311847222222 0.014040841406249971 0.06656399166666671
6 0.50743261171875 0.4243454472222222 0.009360562500000036 0.024961497222222247
6 0.68703838203125 0.3681820777777778 0.010530631249999978 0.04160249444444446
6 0.669487329296875 0.44410663194444444 0.005850350781249958 0.027041622222222214
6 0.663636978515625 0.49714981249999995 0.010530632031249976 0.016640999999999986
6 0.2669831921875 0.44306657083333334 0.010530631250000023 0.02080124722222223
6 0.8005351882812499 0.46282775486111105 0.012870771874999942 0.022881370833333314
6 0.282194104296875 0.4451466951388888 0.015210911718749998 0.02496149583333336
6 0.392765734765625 0.40562432430555556 0.007020421093749984 0.029121745833333375
6 0.737936434375 0.39314357708333336 0.007020420312499986 0.020801248611111114
7 0.38399020859375 0.44722681875 0.010530631250000023 0.033281995833333314
7 0.3834051734375 0.4784286902777778 0.011700701562500004 0.016640997222222214
7 0.26756822734375 0.2912174638888889 0.02574154375000002 0.016640997222222252
7 0.26171787695312504 0.35674139374999997 0.009360561718749993 0.01456087361111109
7 0.255282490234375 0.3380202701388889 0.017551052343750005 0.018721120833333296
7 0.2593777359375 0.39210351388888887 0.01170070156249996 0.01872112222222218
7 0.750807205859375 0.45138707013888885 0.018721122656249988 0.03744224583333333
7 0.750807205859375 0.4025041381944444 0.018721122656249988 0.01456087361111113
7 0.86664415234375 0.34634077013888886 0.02574154375000006 0.031201870833333346
2 0.38750041953125003 0.5231513722222222 0.04329259687500002 0.03536211944444448
2 0.36058880585937503 0.5262715611111111 0.015210913281249993 0.02912174722222226
2 0.281024033984375 0.5148308736111111 0.017551052343750005 0.0228813722222222
2 0.553065348046875 0.6365181708333334 0.21997319140625002 0.30785846111111104