7 0.31640646562499997 0.22367662222222223 0.022334573437500005 0.039705908333333345
7 0.317150951953125 0.2607354722222222 0.02084560234374999 0.03441178888888889
7 0.701057479296875 0.17029423055555554 0.016378688281249953 0.0211764861111111
7 0.7161953414062501 0.21044132013888886 0.02680148906249995 0.04500003194444445
7 0.7062688796875 0.18529424375 0.02680148906249995 0.021176484722222236
2 0.427334850390625 0.3172060958333333 0.014889716406249942 0.029117666666666667
2 0.39904438984375 0.3211766861111111 0.03573531875000002 0.04235296944444444
2 0.535285291015625 0.3251472763888889 0.03424634609375001 0.039705908333333345
2 0.634798242578125 0.31985315555555555 0.02084560234374999 0.04500003055555556
2 0.698824021484375 0.3238237465277778 0.11018389921875 0.06882357638888885
2 0.343952440234375 0.3066178527777778 0.044669147656250005 0.029117666666666667
7 0.6223901308593749 0.27176489305555557 0.02084560234374999 0.03705885000000002