7 0.35175941835937496 0.02932296388888889 0.028487677343749997 0.05345835833333333
7 0.337515580859375 0.10740029861111111 0.06488859609375001 0.10550991111111113
7 0.41783500234375 0.11373089444444445 0.095750246875 0.10410311388888888
7 0.364816271875 0.17633344166666667 0.079923759375 0.026729175000000004
7 0.5654169941406251 0.14116347222222222 0.08862832734375 0.10550991111111109
7 0.6971724984375001 0.2839535541666667 0.016617812500000006 0.03376317222222222
7 0.6394058203125 0.31068273194444446 0.019783109374999962 0.03939036666666666
7 0.64098846875 0.3486663013888889 0.015035162500000077 0.030949574999999997
7 0.50488068046875 0.3170133263888889 0.018200457812500036 0.018288383333333356
7 0.475601679296875 0.3261575201388889 0.02453105546874994 0.019695184722222217
7 0.28489251171875 0.3184201263888889 0.02453105312499999 0.02110198333333335
2 0.163424223828125 0.3493697006944444 0.03481827109375 0.029542776388888865
9 0.19745117109375002 0.3141997298611111 0.025322379687500018 0.015474787499999977
2 0.282122876171875 0.3571070944444445 0.014243838281250022 0.019695183333333373
2 0.293992741796875 0.35851389375 0.009495892968749997 0.016881587500000034
2 0.40596513671875006 0.36203088819444446 0.015035162499999987 0.032356368055555584
2 0.44236605820312497 0.35921729236111105 0.018200460156250032 0.029542776388888865
2 0.24097400976562505 0.3493696986111111 0.015826486718749998 0.012661186111111139
2 0.390929974609375 0.3782090777777778 0.03560959609375001 0.04501756388888888
2 0.426935231640625 0.36976828333333334 0.02848767734374995 0.04783115833333333
2 0.34582448593750004 0.37820907499999995 0.04352284062499998 0.05908554999999996
2 0.320502108203125 0.35781049305555557 0.016617811718750007 0.026729177777777797
2 0.842056782421875 0.40775185208333337 0.16380414140625002 0.1575614680555556
7 0.022964151953125 0.29239434722222224 0.01820046015625 0.03376317222222222