4 0.061237395703124996 0.636589638888889 0.12052517578125002 0.489867013888889
7 0.18813791484375 0.035526330555555555 0.056538854687499994 0.07105266111111111
2 0.16961656484375 0.6134790708333333 0.3392331296875 0.2738126916666667
2 0.406007467578125 0.6204110381944444 0.38504909921875 0.2772786763888888
2 0.587321726953125 0.5770862444444445 0.11990136484375 0.1698331888888889
2 0.696987609765625 0.5892171868055556 0.11697694140624995 0.11784343749999995
2 0.75547608046875 0.5831517152777778 0.03509308281250005 0.08491659444444445
2 0.7939809902343751 0.5805522277777778 0.04776558359375009 0.07278565277777783
2 0.84320878671875 0.5831517145833334 0.08968232187499998 0.08145060972222228
2 0.9021846621093751 0.582285220138889 0.03021904296875011 0.045057784722222195
2 0.9294792808593749 0.5831517173611112 0.022420580468750017 0.04332479305555555
2 0.951899861328125 0.582285220138889 0.026319811718749975 0.045057784722222195
2 0.9738330382812499 0.5900836826388889 0.01754654218749998 0.04332479305555555
2 0.9913795792968749 0.5900836826388889 0.015596925781249915 0.039858809722222256