7 0.42644900234375005 0.4200986868055555 0.015986842187500017 0.02664473750000001
7 0.60979809921875 0.40944079097222225 0.018984374999999963 0.040855262500000024
7 0.623786586328125 0.3978947395833333 0.016986019531250028 0.014210526388888903
7 0.38148601015625 0.35881579166666666 0.01398848749999999 0.014210525000000019
7 0.571829349609375 0.42365131805555556 0.014987664843750003 0.030197369444444414
7 0.541854019921875 0.43430921180555554 0.010990953906249957 0.023092104166666634
7 0.328529594921875 0.38723684374999995 0.015986841406250018 0.014210526388888903
7 0.35800533515625 0.37924342222222224 0.016986020312500027 0.012434208333333332
2 0.512827921875 0.4618421076388889 0.00799342031250001 0.01598684305555559
2 0.5198221664062499 0.4645065805555556 0.011990131250000058 0.021315788888888913
2 0.532811475 0.4653947388888889 0.02597861874999996 0.04085526388888891
2 0.53980571796875 0.4733881597222222 0.03197368437500003 0.042631577777777825
2 0.5477991390625 0.47782895 0.025978617187499962 0.04085526388888883
2 0.5827703566406249 0.4938157902777778 0.05795230234375 0.09059210555555555
2 0.60425267578125 0.5062500034722223 0.046961348437500036 0.09769737083333332
2 0.48784848125 0.4574013166666666 0.009991776562499943 0.021315788888888913
2 0.4833521828125 0.46095395 0.006994243749999995 0.021315788888888833
2 0.47336040468749996 0.4609539486111111 0.02098272968750008 0.028421052777777806
2 0.47186163828125 0.46717105416666665 0.017985196875000043 0.03019736666666672
2 0.46336862968750003 0.4725000027777778 0.018984374999999963 0.033750000000000016
9 0.5003881484375 0.4582894770833333 0.01398848749999999 0.028421051388888844
2 0.4454333785156249 0.47694079375000004 0.03397203984375006 0.03730263194444442
2 0.67524423515625 0.5169078979166667 0.13388980468750003 0.18118421250000008
9 0.093822774609375 0.5266776340277778 0.18764554921875 0.6021710569444443
2 0.31703905234374996 0.47516447569444437 0.0329728609375 0.04440789305555555