2 0.51872456796875 0.5341730916666667 0.016389401562499996 0.00971223888888883
2 0.509164083203125 0.5378151819444444 0.021852535156249964 0.012140297222222231
2 0.509164083984375 0.5511695104166667 0.01638940234374999 0.019424479166666626
2 0.53415792421875 0.5402432416666667 0.015023617187500005 0.016996416666666646
2 0.5403039515625 0.5426713006944444 0.01365783437500001 0.021852534722222178
2 0.566936728515625 0.5463133902777778 0.015023617968750003 0.01942447500000005
2 0.6365916855468751 0.5548115958333333 0.04233928671874994 0.04127701111111111
2 0.619519391796875 0.5499554805555555 0.021852535156250054 0.02185253888888891
2 0.63932325234375 0.5572396583333332 0.034144585937499985 0.04127701111111111
2 0.6618586796875 0.5608817472222222 0.051899771874999966 0.05827342777777776
2 0.6964130058593749 0.55966771875 0.09423906015624998 0.06555760972222215
2 0.7087050574218751 0.5669518958333334 0.07511809140624992 0.070413725
2 0.75650747890625 0.6021587590277778 0.11336002812500005 0.14082745138888886
2 0.5787507492187499 0.5481344340277777 0.017755185937499984 0.03156477361111109
2 0.46129336914062496 0.5493484645833334 0.025949886718750027 0.04370507083333332
2 0.345543219921875 0.5590607020833334 0.06009447109375001 0.07284178472222227
2 0.29296055625 0.5696834625 0.06419182499999998 0.07466283055555552
2 0.48314590468750007 0.5535975694444444 0.04507085468750001 0.07041372777777775
2 0.41007648828125004 0.5645238354166666 0.08467857499999995 0.13111521249999997
2 0.5530057296875001 0.5494698645833334 0.025949885937499938 0.031564773611111166
2 0.882159545703125 0.6478062736111111 0.23081740546875001 0.22823759166666668
2 0.137124660546875 0.6286246069444446 0.27315669609375004 0.38606146388888896
6 0.32642224999999997 0.32414594375 0.013657834374999966 0.04127700972222222
6 0.33748509726562503 0.32657400208333337 0.013384677343749995 0.04127700694444446
6 0.5062959367187501 0.48439787361111114 0.006828912499999973 0.021852536111111064
6 0.5011059578125 0.4856119027777778 0.006828917187499961 0.024280594444444383
6 0.5093006589843749 0.4856119027777778 0.006828917968749959 0.024280594444444383
6 0.6520250328125 0.36663698680555556 0.010926267187499939 0.038848951388888865
6 0.660219744140625 0.3668797881944444 0.010926267968749936 0.04419067638888892
6 0.764019276171875 0.4958097444444445 0.01365783515625001 0.024280594444444463
6 0.259498860546875 0.46740145555555557 0.01365783515625001 0.026708655555555558
6 0.58523821796875 0.48925399305555556 0.006828917187499961 0.02185253888888891
6 0.590701351171875 0.4896586611111111 0.006828916406250052 0.024280594444444463
6 0.96105631328125 0.45930791597222226 0.016389401562500083 0.04127700972222222
6 0.9426182355468751 0.45445180972222216 0.017755185156249985 0.0364208916666667
7 0.656258958203125 0.4892539895833333 0.015023616406250006 0.0267086513888889
7 0.749815127734375 0.4382647423611111 0.02731566953125002 0.01699641805555561
7 0.749132235546875 0.3787772840277777 0.017755185156249985 0.04370507083333332
7 0.7518638027343749 0.4819698125 0.01229205078124993 0.02185253611111114
7 0.7764479054687501 0.49168205069444443 0.009560484375000034 0.03156477361111109
7 0.92764015234375 0.36178086666666665 0.043705071874999925 0.024280594444444425