2 0.5325742621093751 0.5349370909722222 0.014426813281249996 0.02331606250000004
2 0.544378017578125 0.5267764694444443 0.011803757031249962 0.006994819444444447
2 0.7781111371093751 0.5652479729166667 0.06295336953125004 0.08393782638888894
2 0.847622148828125 0.5652479729166667 0.09967616796875003 0.1072538875
2 0.3682584734375 0.5349370916666667 0.040657384374999994 0.046632125
2 0.332847203125 0.5361028944444445 0.03541127031249998 0.05362694444444445
2 0.257434312890625 0.5326054854166666 0.12328368203125002 0.13056995138888886
2 0.564331987890625 0.5372686972222223 0.03409974140624996 0.03730569999999997
2 0.66925426953125 0.5489267284722222 0.1495142515625 0.20518135138888888
2 0.09414901210937501 0.5500925319444445 0.18754858046875 0.20751295833333336
2 0.934838795703125 0.5769060041666667 0.12459521015624997 0.158549225
2 0.513838139453125 0.5279422729166667 0.011803757031249962 0.02331606250000004