2 0.44361828359375 0.43521543819444447 0.028067237499999998 0.038809020833333346
2 0.53093857890625 0.4463037298611111 0.05769376562500002 0.08316218749999993
2 0.28184184414062496 0.4379875104166667 0.03508404765624999 0.04435316527777778
2 0.429194841796875 0.4275922368055555 0.010135391406249994 0.03187884027777778
2 0.46498699062500004 0.4289782743055555 0.018074934374999962 0.031878834722222235
2 0.39060239023437504 0.4248201638888889 0.012474327343750025 0.020790544444444472
2 0.40268689531249996 0.421355075 0.010135390624999996 0.016632436111111166
2 0.90010071796875 0.7214319583333334 0.19880959999999986 0.5447123166666665
7 0.081472953515625 0.36036947222222226 0.05223624765625 0.0748459666666667
7 0.09511675039062499 0.2584957930555556 0.07796454921874998 0.056827494444444446
7 0.19725030859374998 0.2598818305555555 0.09199816718750001 0.051283350000000005
7 0.27443521210937505 0.26265390208333333 0.04521943828124999 0.0485112763888889
7 0.461550129296875 0.34928117986111107 0.06393092890625 0.038809020833333305
7 0.51846425078125 0.3506672159722222 0.04054156562499998 0.04158109305555557