7 0.288055719140625 0.21315798333333333 0.028269427343750042 0.05892171666666665
7 0.283181680078125 0.1239089076388889 0.04581596953125002 0.11611044305555555
7 0.28123206367187503 0.04332479583333333 0.028269427343749997 0.04505778333333334
7 0.2838640453125 0.12442880486111112 0.045231085937500026 0.11437745138888888
7 0.4980293296875001 0.3141913986111111 0.006823654687500014 0.01906290833333332
7 0.474536478125 0.2847305340277778 0.019496156249999962 0.02252889305555558
7 0.9224606828125002 0.3150578875 0.02242057968749993 0.024261883333333303
7 0.7338353632812501 0.30899241527777777 0.007798462500000003 0.022528891666666655
7 0.47422660585937504 0.27195590555555554 0.023395388281250006 0.046790775
6 0.36184866953125 0.26168175208333333 0.011697693750000005 0.048523768055555534
6 0.38378184609375 0.2601220597222222 0.012672501562499994 0.04887036666666668
6 0.7655166195312499 0.2703467076388889 0.008773271874999988 0.045057784722222195
6 0.779651333984375 0.2677472222222222 0.011697692968750052 0.0502567611111111
6 0.3610688203125 0.31488460555555553 0.009748078124999981 0.01906290833333336
6 0.7639569207031249 0.31835058680555556 0.010722886718749968 0.019062909722222247
6 0.32041933554687496 0.1372529451388889 0.020470963281249997 0.10397950138888888
4 0.10213328515625 0.4158638590277777 0.06921135781249999 0.2963415875
4 0.35619479570312496 0.41938399930555553 0.019496157031250006 0.13170737083333334
4 0.413708458984375 0.41331852569444444 0.035093082031249966 0.14037233194444446
4 0.450556196484375 0.3448653520833333 0.013647310156249936 0.00346598472222222
4 0.507484969921875 0.3673942493055556 0.007798461718750005 0.0415918013888889
4 0.44850909726562505 0.3812581777777778 0.012672502343750036 0.07625163611111113
4 0.76220227890625 0.37692570138888887 0.012672503125000035 0.050256761111111145
4 0.628751060546875 0.3708602284722222 0.01754654140625007 0.06238770416666672
4 0.5902461499999999 0.3569962944444444 0.008773270312499993 0.02772786944444445
4 0.54248056640625 0.3569962944444444 0.006823654687500014 0.02772786944444445
4 0.531757678515625 0.3647947583333333 0.004874038281250037 0.02599487499999999
4 0.5224970062500001 0.36566125763888885 0.005848848437500021 0.038125818055555524
4 0.485551794140625 0.36635445277777784 0.006823653906250016 0.03327343333333334
4 0.301215624609375 0.3639282625 0.013647310156249981 0.02426188333333334
4 0.648539678515625 0.37086023055555556 0.00877327109374999 0.03465983333333338
2 0.603795973828125 0.35457010833333336 0.011697694531249959 0.000693199999999984
2 0.605745589453125 0.36288847013888886 0.023395388281250006 0.020795901388888934
2 0.95618903984375 0.39754830416666664 0.0711609750000001 0.04505778333333331
2 0.56139183203125 0.3559565159722223 0.01657173437499999 0.02426188472222219
2 0.575786521484375 0.4783057166666667 0.15791887109375002 0.21835695833333335
2 0.70790546953125 0.3847241631944444 0.05458923906250002 0.06931966805555557
9 0.8660993609375 0.4640704395833333 0.2612485015625 0.27901166805555555
2 0.6539011207031249 0.3852440645833333 0.017546541406249984 0.025994876388888914
2 0.645127850390625 0.36444816527777774 0.013647310156250026 0.02599487499999999
2 0.604185921484375 0.35058423125000004 0.011697694531250047 0.015596926388888911
6 0.637134414453125 0.30344684930555554 0.00974807890624998 0.015596923611111101
4 0.3662840484375 0.4037870736111111 0.015596926562500002 0.15423626388888892