2 0.530367578515625 0.42280964027777773 0.01682401796875004 0.02719033055555558
2 0.5188966578125 0.4241691576388889 0.021412384375000038 0.038066462500000064
2 0.5123964691406251 0.4309667409722222 0.022177113281250004 0.046223562499999975
2 0.60034019609375 0.4377643236111111 0.025236024999999974 0.05438066111111116
2 0.314331905859375 0.49962232638888887 0.14912196953125 0.19984893055555555
2 0.49136644843749994 0.43232625694444443 0.03364803437499999 0.051661627777777774
2 0.427143090625 0.4636942666666667 0.07188443593749998 0.08836857499999995
2 0.564029412109375 0.48544653125 0.10247356015625 0.14818730138888883
2 0.633619664453125 0.42698731874999996 0.02600075390624994 0.02311178194444439
2 0.153922757421875 0.5378634472222221 0.30784551484375 0.35906342777777767
7 0.56591668046875 0.3480893388888889 0.017588745312500008 0.07613292499999996
7 0.612565091796875 0.3555666798611111 0.011470921093749985 0.012235648611111137
7 0.42291253515625 0.3440107888888889 0.020647657812499977 0.01903323333333332