2 0.4526354597656249 0.5346851875 0.010762797656250012 0.023385833333333356
2 0.44426439531249995 0.535748179861111 0.017937996875000018 0.0255118180555555
2 0.43110986328125006 0.5389371569444444 0.010762796874999925 0.03614174166666662
2 0.41496566640625004 0.5378741652777778 0.023917329687500023 0.04251969722222218
2 0.407790467578125 0.5431891270833333 0.014350397656250014 0.044645681944444404
2 0.394635936328125 0.5410631423611111 0.016742130468750015 0.057401590277777755
2 0.380883470703125 0.5453151111111112 0.027504928906250024 0.05740158888888887
2 0.374904139453125 0.5527560576388889 0.02032973046875002 0.055275604166666645
2 0.34500747734375 0.5548820437499999 0.051422257812500004 0.07228348472222221
2 0.294183151953125 0.5718899215277777 0.06696852109374998 0.08929136250000001
2 0.223029096875 0.5878348083333333 0.12078251250000001 0.1254331055555555
2 0.5010680523437501 0.5283072326388889 0.021525596875000018 0.019133862500000022
2 0.52079984921875 0.535748179861111 0.02032972968749993 0.02976378749999995
2 0.558469643359375 0.5336221951388889 0.019133864843750015 0.02976378749999995
2 0.48731558789062496 0.48578753541666664 0.010762797656250012 0.019133862500000022
2 0.49748045234375005 0.48472454374999996 0.009566931250000011 0.01700787916666668
9 0.521995715234375 0.5102363625 0.04185532734374995 0.025511819444444465
2 0.08251478671875 0.6261025361111111 0.1650295734375 0.22322840833333338
7 0.894388563671875 0.3614174229166666 0.02989666171874994 0.07228348472222221
2 0.5387378453125 0.5453151118055555 0.03228839531250003 0.044645681944444404