2 0.006823655078125 0.42198348541666664 0.009748078906249999 0.06065470972222226
9 0.18862531796874998 0.39252262638888885 0.09260674531250002 0.08491659444444445
2 0.284156487109375 0.3942556173611111 0.018521349218749972 0.03639282638888888
2 0.34556938125 0.3933891215277778 0.012672501562499994 0.02426188472222219
2 0.318274761328125 0.38125817986111116 0.014622116406249974 0.027727868055555563
2 0.43476429882812495 0.38212467569444447 0.015596924218750008 0.025994876388888914
9 0.25345003984375003 0.3985880972222222 0.050690007812500014 0.06585368611111117
2 0.323148801171875 0.3951221131944444 0.022420580468750017 0.034659834722222234
2 0.39284756171875 0.4193839979166667 0.08773270625000004 0.13863933750000004
2 0.8695285984375001 0.42804895694444445 0.21445772656250012 0.16983319166666666
7 0.621927405859375 0.31540449374999996 0.011697694531249959 0.024261884722222227
7 0.622902213671875 0.34919783263888887 0.013647310156250026 0.05025675972222226
7 0.356292267578125 0.31367150208333333 0.00877327109374999 0.024261884722222227
7 0.359216691015625 0.34573184930555556 0.020470964843749995 0.05025675972222222
7 0.406982275390625 0.32060346944444446 0.014622116406250019 0.017329916666666674
7 0.384561695703125 0.32406945277777777 0.030219044531250017 0.024261883333333303
7 0.45669747539062494 0.35006432847222224 0.016571732031249998 0.034659834722222234
7 0.46985738203125005 0.36219527083333336 0.007798464062499999 0.024261883333333383
7 0.004386635156250001 0.3795251881944444 0.0068236546875 0.017329918055555598
7 0.084320878515625 0.26514773402777775 0.028269427343749997 0.05892171805555557
7 0.13159905898437502 0.2790116673611111 0.07018616484375 0.038125818055555566