4 0.8143206921874999 0.5047205138888889 0.014912196875000028 0.06321751666666668
7 0.36488999570312497 0.3629909138888889 0.044736589843749994 0.0734138916666667
2 0.377966837890625 0.4802492159722222 0.01950056640625002 0.030589120833333303
2 0.39402612890625 0.4771903041666667 0.014912198437499979 0.020392749999999973
2 0.40320286445312503 0.47617066874999997 0.01261801328125003 0.022432026388888856
2 0.41811506132812504 0.47617066874999997 0.012618011718749943 0.022432026388888856
2 0.42843888906249994 0.4741313909722223 0.010323828124999945 0.022432020833333313
2 0.509882427734375 0.46699393125 0.008029644531250036 0.01631419861111109
2 0.51963271015625 0.46495465347222226 0.009176737499999987 0.020392748611111164
2 0.613005997265625 0.49554377638888886 0.07111970859375001 0.1060422916666667
4 0.559961392578125 0.4763724173611111 0.00861999765624999 0.026107070833333364
2 0.4399404070312499 0.47437052500000004 0.01338949062500001 0.01870278055555556
2 0.45189530937499994 0.4599183763888889 0.010520314062500003 0.013602022222222211
2 0.46241562343750003 0.4641690083333333 0.012433098437500067 0.011901769444444455
2 0.4872818203125 0.4667193875 0.01625866718749993 0.013602022222222211
2 0.49636754609375 0.4726702722222222 0.00956392187499997 0.015302274999999968
2 0.5303194687499999 0.46586926111111115 0.010520314062500003 0.015302274999999968