6 0.15037428359375 0.2378063798611111 0.019009392187499995 0.058695668055555573
6 0.25842767265625 0.22980242361111108 0.011005437499999982 0.04268775555555556
6 0.84571783984375 0.2529249604166667 0.015007415624999965 0.05335969861111111
6 0.40800157343750004 0.34808308819444445 0.016007909374999983 0.023122534722222216
7 0.398997123828125 0.30895264305555553 0.01800889921875002 0.037351788888888904
7 0.6926422082031249 0.34897241458333333 0.023011369531250027 0.03557313194444443
2 0.944266530078125 0.4396839 0.11005437421875008 0.12094864722222225
2 0.6586253996093749 0.4041107666666666 0.023011369531250027 0.02845850277777776
2 0.0194095828125 0.43434792916666665 0.038819165625 0.04980238333333331
2 0.07633770468750001 0.4334586020833333 0.0690341078125 0.03735178749999998
2 0.153375766796875 0.43701591458333333 0.06303114453124999 0.04090910138888893
2 0.219908640625 0.4290119611111111 0.062030648437500016 0.04268775833333333
2 0.28694176093749996 0.4583597944444444 0.1080533875 0.10138342499999999
2 0.40199860625 0.42189733402777785 0.05402669375000002 0.04624507083333332
6 0.9869725839843749 0.20531235833333333 0.019775377343749945 0.06093745833333334