2 0.9848471816406249 0.5529183270833333 0.026599571093750107 0.09457625416666665
2 0.933185364453125 0.7360821868055556 0.13264030546875 0.2774009736111111
1 0.8441268691406251 0.46368105624999995 0.24111224140625004 0.25474571527777773
1 0.21860792109375 0.42554546944444444 0.1432944640625 0.18152539166666665
2 0.41901735546875 0.48315404166666664 0.05845664687499998 0.0831832472222222
2 0.685387491796875 0.48732511874999995 0.14157836171875005 0.20135589305555557
9 0.594005093359375 0.5010539312500001 0.05834744609375005 0.0732203263888889
9 0.51678053359375 0.471308175 0.041186432812499965 0.05949151388888888
2 0.5597922679687499 0.48355923125 0.025741520312500033 0.03966100972222222
2 0.46798084492187497 0.4698304194444445 0.01544491171875002 0.024406775000000006
2 0.45940033789062495 0.4614405895833334 0.012012710156249985 0.019830504166666665
2 0.4533939828125 0.4469490680555555 0.006864403124999985 0.012203386111111157
2 0.439236146875 0.44084737222222226 0.009438557812499937 0.015254233333333329
2 0.337986165625 0.46830499444444434 0.0248834703125 0.024406775000000006
2 0.29551265625 0.4530507590277778 0.01716101406249999 0.021355923611111098
2 0.374024294921875 0.45228805069444444 0.014586861718749988 0.02288135138888892
2 0.313960747265625 0.4614405895833334 0.016302963281250006 0.022881354166666687
2 0.350856926171875 0.44161008263888896 0.009438557031249984 0.016779654166666644
2 0.34227641992187496 0.42483042638888896 0.00943855859374998 0.013728811111111128
2 0.30709634023437504 0.4393219520833333 0.012870760156250017 0.015254234722222215
2 0.39504653515625 0.42101687013888883 0.006864403124999985 0.00915254027777779
2 0.383891876953125 0.4172033118055556 0.008580507031249995 0.010677965277777762
2 0.368875990625 0.4240677131944445 0.007722456250000009 0.012203384722222191
2 0.4658357167968751 0.4393219479166667 0.009438557031249939 0.012203384722222191
2 0.44824567890625 0.42483042638888896 0.006864403124999985 0.013728811111111128
2 0.330263710546875 0.44542364375000004 0.01115465859375 0.012203387500000041
2 0.330263710546875 0.43627110486111115 0.01115465859375 0.009152540277777711
2 0.3641567125 0.4461863569444445 0.006864404687499981 0.013728813888888898
2 0.38775310585937495 0.4347456798611111 0.00943855859374998 0.00915254027777779
2 0.38560797890625 0.4423727965277778 0.010296607812500014 0.012203384722222191
2 0.361153535546875 0.4347456791666667 0.007722457031250007 0.015254236111111099
2 0.35085692695312504 0.4194914430555556 0.0077224554687500115 0.012203383333333307
2 0.354718153125 0.4255931388888889 0.010296607812500014 0.012203386111111157
2 0.3851789546875 0.4088134784722222 0.006006354687499993 0.012203384722222191
2 0.37316624374999996 0.41796602083333334 0.006006353124999997 0.012203383333333307
2 0.47484525039062503 0.4515253375 0.00858050703125004 0.018305080555555502
2 0.36587281328125 0.4133897513888889 0.006864404687499981 0.012203383333333307
2 0.377885521875 0.40805076875 0.006864404687499981 0.010677965277777762
2 0.37059209179687497 0.41110161736111117 0.006006353906250039 0.013728812500000014
2 0.502302871875 0.4377965263888889 0.0068644031250000735 0.012203383333333307
9 0.48900308554687505 0.45381347361111113 0.02145126796875001 0.03813558611111113
2 0.46008678085937504 0.43169483194444447 0.005148303906250007 0.015254233333333329
2 0.441209665234375 0.4149151729166667 0.005148303906250007 0.012203384722222191
2 0.42876793125 0.4133897513888889 0.006006354687499993 0.012203383333333307
2 0.46051580546875004 0.4133897513888889 0.007722456249999965 0.012203383333333307
2 0.46652216210937497 0.4149151729166667 0.0042902539062500186 0.012203384722222191
2 0.47124144062499995 0.4149151729166667 0.006864404687499981 0.012203384722222191
2 0.4536514011718751 0.42177958055555553 0.006006355468749991 0.013728811111111128
2 0.49054758007812505 0.43169483333333336 0.006006355468749991 0.012203386111111157
2 0.47853487070312506 0.4286439875 0.007722455468749967 0.01830508333333335
2 0.545033798828125 0.4759321118055556 0.012012710156250073 0.021355929166666718
7 0.40791729609375 0.38974568958333333 0.036038129687499997 0.03203389027777774
7 0.471413044921875 0.39508467013888887 0.008580505468749954 0.00915254027777779
7 0.459400337109375 0.39584738402777775 0.00858050703125004 0.00762711805555551
7 0.433229790234375 0.3927965368055556 0.009438558593749934 0.010677965277777762
7 0.44481347421875006 0.39355924583333335 0.006864403124999985 0.012203383333333307
7 0.5653695960937499 0.41796602083333334 0.011154659374999997 0.012203383333333307