7 0.1245345421875 0.4749450166666667 0.031092528124999984 0.07653545277777778
7 0.24292532265625 0.4794095833333333 0.03348426250000003 0.036141744444444394
2 0.24711085429687502 0.6335434847222222 0.14948330859374998 0.24661424166666673
2 0.09403994531250001 0.6537403381944445 0.072947853125 0.1084252263888889
2 0.15682293554687501 0.6324804888888889 0.05740158984374999 0.15094492500000006
2 0.3206566421875 0.5974017416666667 0.08131892031249999 0.13181106111111107
2 0.38104789921875 0.6229135611111111 0.027504929687500023 0.03826772777777773
2 0.39779003125 0.6016537097222222 0.022721462500000022 0.034015752777777825
2 0.4103466277343751 0.5910237847222223 0.021525596093750023 0.029763788888888913
2 0.424099092578125 0.5857088236111111 0.01315452890624993 0.023385833333333356
2 0.437851558203125 0.5899607930555556 0.01913386328124993 0.03188977222222225
2 0.4605730183593749 0.6133466284722222 0.04305119296875004 0.04889765138888886
5 0.49465521484375 0.6154726125 0.017937996875000018 0.04889765277777774
3 0.49525314765625 0.6558663243055556 0.028700795312500027 0.04039371250000004
4 0.645932323046875 0.5920867777777777 0.02391733046875002 0.1339370444444444
4 0.669849653125 0.6154726125 0.023917329687500023 0.11267719444444448
6 0.738611975 0.26255912847222224 0.03946359375000004 0.10842522638888888
6 0.7571479050781249 0.45602374861111106 0.019133864843750015 0.05314961666666665
6 0.724859511328125 0.5081103770833333 0.031092528906249937 0.029763787500000027
2 0.98256873515625 0.6154726104166667 0.03228839375000003 0.08291340694444445
6 0.3810479 0.5697639375 0.008371065625000007 0.017007877777777795
6 0.43605775781249995 0.5676379541666666 0.008371065624999919 0.017007877777777795
6 0.42230529335937506 0.49003950555555553 0.016742132031250013 0.03188977222222225
7 0.529933275390625 0.5453151111111112 0.026309061718749936 0.036141744444444394
6 0.509603545703125 0.5612599979166666 0.014350397656250014 0.02551181805555558
7 0.502428347265625 0.5314962097222222 0.016742130468750015 0.017007877777777795
7 0.8546110226562501 0.36779537638888893 0.027504929687499846 0.10629924166666668
6 0.9283751105468749 0.5532344631944445 0.0094658976562501 0.020567876388888903
6 0.23473514921875002 0.5234875256944443 0.01893179531249998 0.03552633194444444