4 0.279158689453125 0.43178590694444446 0.01808036484375002 0.07806126111111114
2 0.498501498828125 0.4076022291666667 0.005165819531250016 0.013775513888888943
2 0.50711119765625 0.4098981479166667 0.00860969843749997 0.01836735138888896
2 0.5178733195312499 0.4098981479166667 0.014636487499999972 0.01836735138888896
2 0.5217476828125001 0.41066345625 0.01377551562499999 0.022959195833333328
2 0.478268709765625 0.41219406805555553 0.011192607031250024 0.016836744444444444
2 0.46492367851562494 0.41066345625 0.010331636718750037 0.022959195833333328
2 0.448134767578125 0.41066345416666666 0.028412002343750055 0.04132654999999998
2 0.44555185820312493 0.4144899854166667 0.023246183593750035 0.03673470972222219
2 0.423597129296875 0.41984713055555556 0.030994913281250015 0.04744899999999998
2 0.54198047265625 0.4152552930555556 0.033577821875000066 0.04132655000000006
2 0.84185623515625 0.4190818263888889 0.16014037812499993 0.09183677777777777
2 0.99493670390625 0.42290835763888895 0.008609698437500058 0.03826532361111114