2 0.224860666015625 0.54392909375 0.44813687421875 0.4721412652777777
2 0.613323961328125 0.5634851534722223 0.41069462734375 0.4405291430555555
2 0.9614198359374999 0.6115566743055556 0.07488449062500013 0.3910634513888889
2 0.93743339765625 0.54187249375 0.1228573671875001 0.2225733486111111
9 0.49982715546875 0.3941836388888889 0.17434045468749995 0.1768106027777778
2 0.77303853828125 0.4326659458333334 0.03510210312499993 0.1123267361111111
2 0.799950153125 0.44722681805555553 0.03510210468749993 0.05408324166666666
2 0.844997854296875 0.43994638263888886 0.022231332031249985 0.03536212083333336
2 0.8590386964843748 0.43994638263888886 0.00819049140625001 0.0270416236111111
7 0.0633909828125 0.2537752194444445 0.0737144203125 0.1497689805555556
9 0.9298279414062499 0.42642557152777777 0.05850350781250011 0.07904474027777779
1 0.888290450390625 0.42642557152777777 0.03159189453125002 0.05408324305555554
6 0.7291609078125 0.2704162166666667 0.008190490624999925 0.04160249444444442
6 0.9298279410156249 0.26209571666666664 0.011700700781250007 0.0540832416666667
6 0.61215389140625 0.26937615416666666 0.010530631250000066 0.04368261944444443
6 0.601623259765625 0.3203392097222222 0.00819049140625001 0.04160249444444442
6 0.830957011328125 0.3796227659722222 0.005850350781249958 0.0270416236111111
6 0.761922872265625 0.36610195416666663 0.005850349218749962 0.016640997222222214
6 0.6019865566406251 0.2662559673611111 0.008917085156249982 0.033281995833333314
6 0.9140319949218749 0.2558553430555556 0.010530632031250065 0.037442244444444446