6 0.3930957609375 0.23850693958333333 0.01199643749999999 0.05331750138888888
6 0.16636309101562502 0.2118481888888889 0.016795011718749996 0.04691940000000001
6 0.4776706453125 0.29928888958333333 0.005998218750000017 0.025592404166666683
7 0.16396380390625 0.17239324166666667 0.01199643749999999 0.01919430000000002
7 0.39069647265625 0.2033173909722222 0.01199643749999999 0.021326998611111096
7 0.25153779765625 0.38459689027777777 0.01199643749999999 0.017061600000000017
7 0.250937975 0.42831723958333334 0.013196081250000002 0.019194298611111073
7 0.09978286054687499 0.1649287888888889 0.09237256953125 0.149289
7 0.106980724609375 0.28435998958333336 0.06598040703125001 0.07677720138888888
2 0.21674812734375 0.42191913888888893 0.016795012499999994 0.023459700000000003
2 0.22934438671875 0.4315162909722222 0.015595368750000027 0.02559240138888883
2 0.193355074609375 0.4464451902777778 0.03478966796875001 0.04265399999999996
1 0.035195794531250005 0.4261845402777778 0.07039158906250001 0.06611369999999997
7 0.093784643359375 0.4187200895833333 0.010796792968750002 0.021326998611111096
1 0.40089344453125 0.38033148958333335 0.09717114531249997 0.11943119861111112
6 0.49086672539062504 0.3558054409722222 0.00839750703124995 0.02345969861111108
7 0.491466546875 0.3355447916666667 0.00959714999999992 0.017061600000000017
2 0.62042825 0.41018929097222223 0.015595368750000027 0.021326998611111096
2 0.63242468984375 0.4219191402777778 0.03239038124999993 0.04052129999999994
2 0.538252655078125 0.4347153402777778 0.05038503828124998 0.04478670000000007
2 0.5856385824218749 0.42725089166666663 0.07317826953124999 0.042654000000000046
2 0.4794701101562501 0.4677721902777778 0.10077007500000006 0.12796200000000005
2 0.9724659429687499 0.4208527902777778 0.05506811406250005 0.1151658
2 0.786521161328125 0.5360185902777779 0.42695767734374995 0.5331750027777779
2 0.34511000976562506 0.5541465381944445 0.24952590234375002 0.3561608958333334
2 0.005157257812500001 0.4627222131944445 0.0080404375 0.026999987500000027