6 0.412306767578125 0.4941090638888888 0.0057989695312500086 0.02268041666666668
6 0.46449749921874994 0.48483071041666664 0.008118557812499993 0.016494848611111085
6 0.45811863203125 0.48483071319444443 0.006958765625000041 0.0206185569444444
7 0.507409877734375 0.47938152083333335 0.017396910156249935 0.0226804166666666
2 0.437242338671875 0.5676976944444445 0.013917525781250006 0.032989697222222246
2 0.42622429726562494 0.5769760458333333 0.01971649765625001 0.059793822222222244
2 0.41404646015625 0.58934718125 0.02319587968750003 0.09278352361111107
2 0.39490985898437503 0.59759460625 0.03827320234374998 0.12164950694444446
2 0.35141758437500004 0.6161513069444444 0.1043814625 0.16288662222222222
2 0.1189019625 0.5883377243055555 0.17164951250000002 0.14639177638888884
2 0.259816934765625 0.6594717583333333 0.22847941796875001 0.2556701444444444
2 0.49873449843749995 0.6934923826388888 0.1913660093750001 0.27835056249999995
2 0.075688097265625 0.7481315680555557 0.15137619453125 0.4907217305555556