6 0.51434107421875 0.5322652597222223 0.01054686718750002 0.044531222222222215
4 0.700229616796875 0.6895307673611111 0.03955075390624998 0.1171874180555556
7 0.5196145078125 0.4973434 0.029003885937499963 0.014062488888888917
7 0.505112564453125 0.4680465465277778 0.03955075234375007 0.02578123194444449
7 0.506430923046875 0.4164840819444444 0.05273433984375 0.03515622500000006
7 0.50643092265625 0.38132785486111104 0.026367170312500042 0.039843720833333325
7 0.474790319140625 0.4809371611111111 0.03955075390624998 0.06562495277777781
5 0.625083184765625 0.6684370340277778 0.029003885156249964 0.0937499375
0 0.623105647265625 0.6942182645833334 0.04877926328125 0.06562495416666662
2 0.2610349765625 0.7117182708333333 0.015820301562499983 0.023437480555555525
2 0.27487773984375 0.7093745229166667 0.017138659374999986 0.0374999736111111
2 0.29069804257812504 0.7105463965277778 0.02241209296875 0.039843720833333325
2 0.30256326875 0.7082026520833333 0.022412093749999994 0.04453121805555556
2 0.32563454062499997 0.69765578125 0.039550753124999984 0.0609374569444444
2 0.181274290234375 0.6960932708333333 0.011865225781249999 0.021093733333333295
2 0.17336413945312498 0.6996088923611111 0.014501942968750004 0.023437484722222183
2 0.1588621953125 0.6984370201388889 0.011865226562499998 0.016406240277777723
2 0.14238271445312498 0.6972651451388889 0.015820302343750002 0.014062490277777723
2 0.12326651679687499 0.7078120159722222 0.014501942968750004 0.021093737499999952
2 0.130517487890625 0.6914057743055556 0.010546867968749995 0.01640623750000003
2 0.16809070429687498 0.6808589083333333 0.014501942968750004 0.018749986111111148
2 0.152270403125 0.6773432840277778 0.011865226562499998 0.02578123194444449
2 0.19313951640625 0.7183588798611111 0.01186522656250002 0.02343748472222226
1 0.204345562890625 0.7136713854166667 0.023730450781250023 0.03281247638888887
2 0.234667808203125 0.7054682645833333 0.036914036718749973 0.039843720833333325
2 0.35730137617187496 0.7004145604166666 0.04877926328125 0.0609374569444444
2 0.098243938671875 0.7121332986111112 0.02900388828125 0.046874969444444366
2 0.07649102265624999 0.6863520652777777 0.0224120921875 0.0749999472222222
9 0.035621909765625 0.6804926951388889 0.06987299921875 0.1054686791666666
2 0.845752624609375 0.8258050951388889 0.30849475078125 0.33984351527777773
2 0.14651905976562501 0.7188276222222222 0.03955075390625 0.025781233333333296