7 0.020810269921875 0.4014427833333334 0.020009886718749998 0.03023716111111104
7 0.5690811589843751 0.38454554583333334 0.020009885156250018 0.0320158194444444
7 0.541682441015625 0.4023321118055555 0.011235188281249985 0.021343879166666666
4 0.6256900644531249 0.493932925 0.03285436328125 0.14407118055555554
3 0.830210178125 0.5410673229166666 0.12606228437500003 0.2632411708333333
0 0.5710821480468751 0.5223914305555556 0.020009885156250018 0.06225297777777775
2 0.1523752734375 0.5215021027777778 0.05702817656250001 0.11383402222222228
7 0.0858424 0.3827668916666667 0.0240118640625 0.03913044444444446
2 0.5440688015624999 0.5143874763888888 0.014006920312499994 0.028458505555555527
2 0.5365650937499999 0.5090515062500001 0.011005437499999982 0.021343876388888895
2 0.538065835546875 0.5277274013888889 0.010004942968750008 0.03735178888888887
2 0.48353889453125004 0.5152768048611112 0.009004448437500034 0.01600790972222228
2 0.47353395234374995 0.5161661333333333 0.017008403125000005 0.017786566666666677
7 0.40550033789062495 0.47614636041666664 0.009004449218749943 0.01600790972222228
2 0.45952703203125 0.5134981486111111 0.013006426562500017 0.01956522222222227
2 0.411003055859375 0.5134981493055556 0.012005930468749959 0.04090910416666663
2 0.4340144265625 0.5152768048611112 0.046022739062499964 0.06936760694444447
2 0.510552241015625 0.5215021020833334 0.047023233593749936 0.06047432083333335
2 0.06693306484375 0.5215021034722223 0.1338661296875 0.17786565972222218