6 0.41531345742187503 0.2516065333333333 0.03025785390625 0.10758348333333333
6 0.67152916171875 0.2602826208333333 0.01952119687499998 0.09717217777777777
6 0.8716214277343749 0.21516696736111113 0.027329674218749923 0.08676087361111112
6 0.5221920085937499 0.5257708944444444 0.005856359375000064 0.027763477777777802
7 0.187403487109375 0.4546269784722223 0.01952119609374998 0.0381747847222222
7 0.469484778125 0.46850871736111105 0.04294663125000007 0.06940869861111112
7 0.70910746640625 0.4745819798611111 0.026353615624999983 0.043380434722222264
7 0.5666027308593751 0.5205652423611111 0.016593016406249994 0.04511565416666667
2 0.58124362734375 0.5847682875000001 0.02440149531250002 0.04511565555555556
2 0.604181034765625 0.5856358958333333 0.017569077343750017 0.04685087222222219
2 0.6363910089843751 0.5726217666666666 0.04685087109374999 0.08329043888888887
2 0.6993468675781249 0.5544019847222222 0.10443840234374999 0.13014131111111113
2 0.5597703125 0.5873711145833334 0.014640896875000031 0.039910001388888915
2 0.53439275625 0.5891063333333334 0.040018453124999985 0.04685087222222219
2 0.502182782421875 0.5891063319444445 0.03611421484374997 0.03643956666666668
2 0.8525882609375 0.5639456791666666 0.2703685734374999 0.19781479166666666
2 0.39432817070312504 0.6116641597222222 0.19716408671875 0.10931870000000003
2 0.18642742734375 0.5257708951388889 0.02147331562499999 0.06246782916666665
2 0.10248628242187499 0.6203402465277777 0.20302044453125 0.24813609861111108