6 0.1841975859375 0.4773754868055556 0.008799246875 0.029721906944444418
2 0.067754207421875 0.6006953048611111 0.07215383046875001 0.06257242638888895
7 0.36150243242187496 0.5146582166666666 0.011439021093750012 0.009385863888888856
6 0.409898294921875 0.47555044930555557 0.006159472656250031 0.01564310694444444
6 0.43189641328125 0.4734647104166667 0.007919321874999951 0.01564310694444444
6 0.48073223710937507 0.45391082708333336 0.010559097656250049 0.01720741805555556
6 0.59556241796875 0.46642531111111113 0.009679171874999958 0.020336036111111136
7 0.637945453125 0.47555044930555557 0.005279548437499937 0.01564310694444444
9 0.54482010078125 0.5266512729166667 0.046636012499999956 0.07195829027777781
2 0.5106496800781251 0.5618482631944445 0.02287804453125002 0.03597914583333335
2 0.49319782929687506 0.5634125756944444 0.02023826953125001 0.042236387499999965
2 0.46855993554687503 0.5681055083333334 0.036076914843749995 0.06413674166666673
2 0.606854783203125 0.5681055069444445 0.01935834609375 0.042236386111111086
2 0.5945358359374999 0.5610661104166667 0.022878042187500024 0.04692932083333332
2 0.410631560546875 0.5790556840277777 0.08799247578125002 0.12358054583333329
2 0.2111819421875 0.6817787604166666 0.32029261406250004 0.3269409347222222
2 0.54042047734375 0.5707126993055556 0.04839586249999996 0.07665122361111108
2 0.583243472265625 0.5636733020833333 0.013198872656249971 0.05318656250000002
2 0.636918882421875 0.5707126993055556 0.057195110156250006 0.07977984861111109
2 0.73473717734375 0.6059096895833334 0.10559097187499997 0.16581693194444444
2 0.8743519230468749 0.6121669208333334 0.24813878359374994 0.33371960555555547