2 0.84900513125 0.5947011340277778 0.29774079843749995 0.34235639027777787
2 0.69535449140625 0.5388557652777777 0.151601965625 0.21124117777777773
2 0.541396569921875 0.4892539902777778 0.03551037109374997 0.05098925000000002
2 0.519680612109375 0.47913708194444443 0.02048675234374997 0.04370506944444443
2 0.50807145234375 0.4803511125 0.013657834374999922 0.04127701111111111
2 0.49919386015625006 0.4767090215277778 0.009560484375000034 0.029136712499999995
2 0.49236494257812496 0.4718529034722222 0.006828917968749959 0.029136712499999995
2 0.44865987187500006 0.4536424597222222 0.012292050000000021 0.016996416666666726
2 0.4459283046875 0.4742809625 0.009560484374999945 0.01942447777777774
2 0.4343191453125 0.4767090229166666 0.010926268750000023 0.019424476388888855
2 0.4233928765625 0.4730669340277777 0.01365783437500001 0.026708654166666592
2 0.407003475390625 0.4807557833333333 0.03004723671874996 0.02913671388888888