2 0.505005423046875 0.47762815000000003 0.10096553828125003 0.13904487499999998
2 0.30734049609375 0.4498191770833333 0.038395345312500016 0.04297750694444444
2 0.271789251171875 0.4510832194444444 0.027018947656249993 0.03539323888888891
2 0.42323755781249994 0.44729108749999996 0.01706459687500006 0.02275279722222218
9 0.46021085390625 0.4295944673611111 0.02275279687499996 0.05814603749999997
2 0.3471578921875 0.44981917500000007 0.021330746875000008 0.027808972222222176
2 0.331515343359375 0.44349895486111107 0.01564254765624997 0.030337062500000025
2 0.36422248984375 0.4434989541666667 0.012798448437500021 0.020224708333333376
2 0.374887863671875 0.44602704305555557 0.011376399218749977 0.01516853055555553
2 0.23126083085937496 0.44855513194444446 0.031285096093749985 0.01516853055555553
2 0.1189188953125 0.44855513055555557 0.014220498437499996 0.03033706111111114
2 0.7140467480468751 0.40431358194444444 0.027018947656249993 0.04297750555555556
2 0.8363430328125 0.42201020208333334 0.046927643749999956 0.048033684722222206
2 0.85482968046875 0.42074615763888895 0.05545994375000003 0.04550559583333332
2 0.89393605078125 0.4156899798611111 0.025596896875000042 0.03539324027777771
2 0.940152669921875 0.4144259354166667 0.058304042968749845 0.04803368472222229
7 0.558332291796875 0.3942012263888889 0.01706459765624997 0.032865150000000024