6 0.30521378398437504 0.3696430229166666 0.011192607031249979 0.0443877736111111
6 0.472844611328125 0.42168386111111117 0.008609699218749966 0.03520409722222229
6 0.436683880859375 0.48673491249999995 0.006887758593749993 0.01836735277777777
6 0.507025094921875 0.51734716875 0.006026788281249917 0.012244904166666654
6 0.4136959765625 0.4943879784722222 0.004304848437499942 0.012244904166666654
7 0.48765327578125 0.5219390118055556 0.006887757812499995 0.015306129166666614
7 0.5272578839843749 0.48596960625 0.008609697656250059 0.013775515277777749
7 0.504442185546875 0.5058675743055555 0.009470667968749957 0.013775515277777749
7 0.43134585703125 0.5066328805555556 0.007576523437499994 0.015306127777777808
7 0.5588554859375 0.4829083805555555 0.01635842656249995 0.013775516666666635
7 0.26750330664062505 0.5043369604166666 0.01635842421875 0.029081643055555557
7 0.3523088296875 0.5272961541666666 0.015497457812500004 0.010714288888888904
7 0.340255253125 0.45994918749999997 0.012053576562500012 0.03520409999999998
6 0.46836755624999993 0.49056144513888883 0.01033163593749995 0.019897968055555517
6 0.301425522265625 0.46454102430555555 0.006026788281249962 0.022959193055555556
6 0.32036685781249996 0.4630104125 0.009470667187500004 0.022959194444444442
7 0.39794023945312496 0.5173471708333334 0.01377551328125004 0.009183677777777809
2 0.506164124609375 0.5410716694444444 0.011192607031250024 0.029081644444444443
2 0.5190786703124999 0.5426022854166667 0.03185588125000001 0.035204095833333324
2 0.5208006121093749 0.5487247375000001 0.028412002343749965 0.03826532222222225
2 0.48507036640625 0.5510206548611111 0.022385215624999955 0.04591839027777777
2 0.477321637890625 0.5663267840277778 0.027551033593750062 0.07959187361111111
2 0.5664320339843749 0.5586737208333333 0.07318243046875006 0.11326535833333327
2 0.59148623515625 0.5938778166666667 0.059406912499999985 0.13010209722222224
2 0.645368594921875 0.6088012944444443 0.10518181015624997 0.2150511194444444
2 0.83915854375 0.5793369944444445 0.32028075624999996 0.6903064305555556
2 0.430054401953125 0.5892859791666667 0.10073346484374994 0.15153068055555552
1 0.13488526171874998 0.42908181875 0.26862256875 0.8561228486111111
2 0.372111146875 0.5448982034722222 0.020663275000000026 0.027551034722222152