6 0.46241939765625 0.06039473680555556 0.01998355156249998 0.06394736805555555
6 0.442935434375 0.07815789513888889 0.018984374999999963 0.0746052625
6 0.1791525375 0.31263158055555557 0.010990953125000003 0.01776315833333335
6 0.6187906984375 0.3232894736111111 0.018984374999999963 0.028421052777777768
7 0.00739390859375 0.22470394861111112 0.0147878171875 0.012434211111111104
7 0.022781237500000003 0.22026315902777777 0.0199835515625 0.0213157902777778
7 0.6053018 0.2646710548611111 0.029975328125000013 0.02131579027777776
4 0.731198182421875 0.41210526388888885 0.017985197656250042 0.05328947499999993
4 0.8116319828125 0.49914473958333333 0.02697779687499997 0.1953947375
4 0.265581403515625 0.4609539486111111 0.04396381640625 0.2362500027777778
4 0.17991048671875 0.4489747145833333 0.06542900468749999 0.2602084736111111
4 0.22061841015625 0.4840460569444444 0.09592105312500002 0.3286184222222222
4 0.779658298046875 0.47782895 0.04696134921874995 0.1953947388888889
2 0.06025039921875001 0.4156578951388889 0.1189021390625 0.12789473749999997
2 0.335024249609375 0.36414474027777777 0.016986019531249986 0.021315788888888874
2 0.35201026953125 0.3650328986111111 0.01698602031249998 0.023092105555555558
2 0.368496699609375 0.36769737013888887 0.015986841406250018 0.02486842083333328
2 0.385482719921875 0.36858552638888886 0.02398026328124998 0.033750000000000016
2 0.4424358453125 0.38901316041666667 0.027976973437500073 0.04263157916666671
2 0.45542515429687497 0.3978947388888888 0.023980263281250025 0.0355263166666667
2 0.47440952929687497 0.4014473708333333 0.02597861796874996 0.04973684166666664
2 0.887925459375 0.4213552 0.1381737375 0.09310513333333338
2 0.6517635597656251 0.45118421319444446 0.19883635078125 0.12434210694444445
2 0.264582226171875 0.3676973694444444 0.05595394765625002 0.0532894722222222
2 0.41146133867187495 0.38812500069444444 0.049958882031249985 0.07282894861111112
2 0.51137910234375 0.41032895069444447 0.07793585625000006 0.08171052638888894