6 0.393822368359375 0.21575747152777774 0.013647308593749985 0.046790776388888886
2 0.168383075 0.3807382923611111 0.02677725468750001 0.02946085694444444
2 0.34165904765625 0.34602192916666663 0.010762798437500009 0.015483905555555526
2 0.33029831796875 0.33654698958333334 0.009566932812499962 0.010397951388888889
2 0.312084170703125 0.3346414972222222 0.011406372656249974 0.016984919444444437
2 0.2998037203125 0.34207096388888886 0.013154531250000013 0.023385830555555546
2 0.275886389453125 0.3558658715277778 0.020329727343749982 0.021307845833333318
2 0.26268598046875 0.3714982694444444 0.020421495312500017 0.028310766666666688
2 0.29440177265625 0.38767024375000003 0.0526592328125 0.04679077638888892
2 0.317601431640625 0.3660078472222222 0.02961608671875 0.03812581666666668
2 0.35660737734375003 0.37714971180555557 0.021525596875000018 0.029763781944444408
2 0.34596417500000004 0.36758278055555554 0.01793799374999998 0.027637805555555575
2 0.554665665234375 0.4982351236111111 0.24565157734375004 0.28594363611111107
4 0.0077984625000000005 0.3708602284722222 0.015596925000000001 0.09358155138888892
2 0.034680129296875 0.3900964333333334 0.028700799218749996 0.055802327777777806
2 0.08061200234375 0.44312597847222224 0.07272988281250001 0.1403723291666667
2 0.030494594531250002 0.5064095993055555 0.060989189062500004 0.1700787875
2 0.319296348046875 0.47555705902777784 0.11719491328124998 0.17215324305555563
6 0.239771227734375 0.2752113465277778 0.008371063281250013 0.02359320972222222
2 0.8033582570312501 0.5924959305555555 0.392939359375 0.3959029416666667
2 0.8336833609374998 0.3984095625 0.019133864062500016 0.004251966666666599
2 0.10674145937499999 0.4188640930555555 0.11405251875 0.12304241388888887
6 0.12477540546874999 0.319736975 0.0097480796875 0.012130944444444462
6 0.190574933984375 0.2772786756944444 0.004874038281249993 0.020795898611111124
6 0.248576000390625 0.2677472229166667 0.005848846093750026 0.019062912499999977
6 0.203247437109375 0.3396663791666667 0.004874039843749988 0.01386393611111111
6 0.210558494921875 0.3396663791666667 0.0038992289062500076 0.01386393611111111
7 0.064824720703125 0.2715598111111111 0.02242057890625 0.012130944444444462
7 0.288055717578125 0.3174840944444445 0.00877327109374999 0.01386393611111111
6 0.47326921015625 0.3223364611111111 0.014622118750000013 0.017329916666666674