2 0.5649468773437499 0.6062269597222222 0.03295403906249996 0.06113213055555554
2 0.528410877734375 0.6189628208333333 0.07163921484374995 0.07641516388888887
2 0.597184525390625 0.6164156479166667 0.06877364765624998 0.07132081805555551
2 0.8685538625 0.6138684756944445 0.12608501874999992 0.1222642597222222
2 0.1902737578125 0.5960382715277777 0.040117962500000014 0.03566041250000001
2 0.07307199921875 0.5960382708333334 0.02292454843749999 0.04584909722222221
2 0.096712940625 0.5973118576388889 0.021491764062499995 0.043301926388888905
2 0.30215161640625 0.612211182638889 0.056427139062500006 0.0629118875
2 0.330973175390625 0.5985854430555555 0.028655686718750007 0.04584909722222221
2 0.36464360546875 0.5998590284722222 0.01862619687499998 0.028018893055555574
7 0.142562038671875 0.120990675 0.09599654765625001 0.12481143333333332
7 0.4169402328125 0.5361797263888889 0.011462275000000055 0.02292454999999999
7 0.35676329296875 0.5132551791666666 0.014327843750000024 0.02292454999999999
6 0.484567648046875 0.4610381499999999 0.014327842968750027 0.025471722222222187
6 0.413644825 0.49415138680555554 0.0128950578125 0.02547172083333338
2 0.716248865234375 0.6696515673611111 0.23067827265625002 0.22669831527777784
2 0.43097198828125 0.6460194534722223 0.12778530624999998 0.1998114652777778
6 0.5288165648437501 0.5703133583333334 0.008607529687499938 0.017002527777777804
6 0.57185421328125 0.5669128527777778 0.008607529687500027 0.017002527777777724