7 0.187316919140625 0.27808965902777777 0.02925358828125 0.052006379166666665
7 0.18853581875 0.34093070416666665 0.0316913875 0.05634024444444441
7 0.39513928906249995 0.39943787986111107 0.008532295312500039 0.026003190277777734
7 0.428049578515625 0.40702214305555556 0.010970096093749947 0.015168527777777758
7 0.46156931445312493 0.4449434645833334 0.014626794531249931 0.01733545972222217
6 0.4646165632812499 0.42110720555555553 0.008532296874999989 0.017335461111111134
6 0.502402448828125 0.4276080048611111 0.006094497656249942 0.017335462500000016
6 0.48350950742187493 0.4471103993055556 0.007313397656249965 0.017335459722222248
6 0.430487376171875 0.44277653125 0.010970096093750038 0.017335462500000016
2 0.46400711328124994 0.4741970513888889 0.012188995312499973 0.015168527777777758
2 0.46827326210937503 0.4817813194444445 0.013407894531249997 0.02166932500000003
2 0.487166205078125 0.47853091805555564 0.014626792968750024 0.019502391666666657
2 0.515200894140625 0.48069785 0.019502392968750025 0.03683785000000002
2 0.3939203890625 0.4655293208333333 0.02559689062499997 0.045505583333333356
2 0.36344790195312504 0.4785309194444444 0.040223685156250036 0.05850717500000005
2 0.31591081875000004 0.46986318819444445 0.008532296875000034 0.02383625694444444
2 0.30737852343750005 0.47311358819444443 0.01584569375 0.026003187499999966
2 0.29945567500000003 0.4774474541666666 0.017064593749999978 0.03467091944444441
2 0.28848558085937503 0.4774474520833333 0.026815789843749993 0.0390047847222222
2 0.26227923984375 0.4774474541666666 0.02072129062500001 0.03467091944444441
2 0.22449335625 0.4947829125 0.07435287187500002 0.09534503055555553
2 0.17086177539062503 0.47961438680555557 0.023159091406249988 0.0390047847222222
2 0.13307588984375 0.4980333131944445 0.0621638765625 0.054173312500000036
2 0.070302563671875 0.4936994458333333 0.06338277578125 0.06284104166666664
2 0.010773291015625 0.4871986486111111 0.02154658203125 0.05850717777777782
7 0.676705082421875 0.45036079375 0.028034689843749926 0.032503987500000005
7 0.67670508359375 0.4926159777777777 0.025596890625000056 0.02166932500000003
7 0.67304838359375 0.5218695659722222 0.028034689062500017 0.02383625694444444