2 0.54744473359375 0.4867674083333333 0.018208817187499983 0.05874778888888888
2 0.0851430828125 0.4957594173611111 0.10857850624999998 0.0743339402777778
2 0.48674867539062505 0.4879663409722222 0.027650427343750027 0.03956483750000004
2 0.45201704062500003 0.4903642125 0.020232020312499977 0.02757549444444444
2 0.5170967042968749 0.4957594159722223 0.008767210156249927 0.016785081944444454
7 0.297579290234375 0.4136324034722222 0.02360402265624999 0.01318827916666668
7 0.670860054296875 0.3668739583333333 0.021580821093750036 0.05874778888888888
6 0.31174170390625 0.4591919145833333 0.008767206250000025 0.015586148611111147
6 0.410878599609375 0.4711812576388889 0.007418407031249963 0.015586148611111067
2 0.57104875546875 0.48856581041666663 0.05462645312499994 0.0743339402777778
7 0.993091108984375 0.4321302437499999 0.012813611718750017 0.07193607083333334
6 0.40476156640624994 0.40500036388888894 0.010029490625000026 0.04330192500000002
6 0.452759840625 0.42028339652777774 0.011462275000000055 0.028018893055555574
6 0.53299576171875 0.42028339652777774 0.008596706249999997 0.028018893055555574