2 0.073788391015625 0.5769344805555556 0.03868517578124999 0.058584955555555575
2 0.09957850976562502 0.5810099520833333 0.030088469531250005 0.04024532638888887
2 0.230678273046875 0.59017976875 0.04298352890624999 0.05349061249999999
2 0.33168956484375 0.5889061826388888 0.02435733281250001 0.03056606805555554
2 0.35389772460937496 0.5863590090277778 0.014327842968749982 0.03056606805555554
2 0.37037474296875 0.5965476993055555 0.030088470312499994 0.04584910138888887
2 0.3932992921875 0.5838118368055555 0.018626195312499982 0.03056606527777777
2 0.541592467578125 0.6181986611111111 0.08883262734374994 0.06877364444444452
2 0.275810978125 0.6194722479166667 0.07880313750000001 0.11207557083333333
2 0.31234697890624996 0.6016420423611111 0.02865568593750001 0.0662264763888889
2 0.40404517382812505 0.6054628215277778 0.03438682421874999 0.05349061249999999
2 0.14471121445312501 0.5850854451388889 0.05731137265625001 0.05349061249999999
2 0.6940407296875 0.6971609958333334 0.31234697812500006 0.3285851999999999
2 0.03367043046875 0.5812646659722223 0.06447529375000001 0.08150950694444438
7 0.34888297968750004 0.5221702784722222 0.012895056250000004 0.02547172083333338
7 0.30303388125 0.5310853847222222 0.0128950578125 0.02801889166666669
7 0.266497880859375 0.5514627590277779 0.014327842968749982 0.017830204166666638
6 0.247871684375 0.5239533104166666 0.008596704687500002 0.022924548611111106
7 0.49799733867187507 0.4401251243055556 0.019043875781250018 0.008463945833333339