2 0.1301953203125 0.6316986805555556 0.260390640625 0.275094588888889
2 0.31053809257812504 0.5858495819444444 0.10602603828124998 0.1375472916666667
2 0.386475660546875 0.5654722055555556 0.04011796015624998 0.066226475
2 0.42014609257812496 0.5501891736111111 0.02722290234375002 0.0713208194444444
2 0.445936209765625 0.5349061409722222 0.024357333593749964 0.03566040972222224
2 0.506829542578125 0.5400004854166667 0.017193411718749996 0.03566040972222224
2 0.526172130859375 0.5489155881944444 0.024357333593749964 0.04839627083333337
2 0.5476638953124999 0.5476420013888889 0.021491764062499995 0.05603778611111107
2 0.5799015421875 0.5692929631944444 0.04298352968749999 0.08405667916666665
2 0.650824365234375 0.6011326152777777 0.12178666640625 0.15283032500000004
7 0.531454876953125 0.51070800625 0.013791841406249982 0.022924548611111106
2 0.464011508203125 0.5373337715277777 0.014691657031250038 0.024486095833333367