2 0.2365135890625 0.5264060645833333 0.09808590312500003 0.1068749625
2 0.394716658203125 0.48890607847222217 0.04007811015624996 0.07312497361111106
2 0.4205564921875 0.48515608055555554 0.022148428124999953 0.05437497777777772
2 0.5086228687500001 0.46359358749999996 0.008437496874999973 0.037499986111111064
2 0.517060365625 0.46265608750000004 0.008437496874999973 0.0393749861111111
2 0.534990047265625 0.46921858680555556 0.035859363281250015 0.05624998194444449
2 0.63386696484375 0.4514060923611111 0.012656245312499958 0.028124990277777803
2 0.653378677734375 0.4514060916666667 0.013710933593749974 0.0318749888888889
2 0.6586521125 0.44765609444444443 0.007382809375000044 0.03562498611111112
2 0.676581794921875 0.4570310895833333 0.032695302343750045 0.08062497083333334
2 0.69609350625 0.4654685868055556 0.03585936249999992 0.10124996527777784
2 0.914150069921875 0.47765608263888887 0.11917964609374998 0.18562493194444443
2 0.09492184218750001 0.5373748222222222 0.18984368437500002 0.18749993611111113
2 0.9821274492187501 0.5198589381944444 0.032900692187499914 0.1809980069444444
2 0.34365223476562495 0.49781232569444445 0.07699216171874998 0.07687497361111113
2 0.46968734648437493 0.4790623305555556 0.08015622109375001 0.11812495555555552
2 0.59624980234375 0.48843732916666666 0.08437496875000008 0.12562495555555558
2 0.779941133984375 0.4828123319444444 0.17191400234375004 0.2118749277777778
7 0.712888426171875 0.40329043750000004 0.01530998203124998 0.02585685833333334