7 0.354508213671875 0.5471052659722222 0.019983552343749978 0.014210526388888903
7 0.325032473046875 0.5844078979166667 0.08093338828125 0.07105263194444444
7 0.329528771875 0.6670065826388889 0.011990132812499965 0.02664473750000001
2 0.25558962812499997 0.6927631611111111 0.01398848749999999 0.03907894722222222
2 0.23610566367187502 0.6883223722222223 0.02298108515624997 0.05151315833333333
2 0.168161583984375 0.685657898611111 0.034971216406250005 0.04263158055555552
2 0.281568245703125 0.7007565819444445 0.01798519609375 0.023092102777777748
2 0.20363238984374998 0.6963157930555555 0.059950657812499995 0.07815789444444438
2 0.072340455078125 0.7274013194444444 0.14468091015625 0.2007236861111111
2 0.026378282812499997 0.6234868451388889 0.052756565624999995 0.09236842083333335
7 0.8246212917968749 0.6439144770833334 0.02098273046875008 0.02664473750000001
2 0.307047275390625 0.6963157930555555 0.012989310156249979 0.021315788888888913