7 0.9110950902343748 0.007108989583333333 0.08686789453125013 0.012796201388888888
7 0.9113418613281251 0.0732226875 0.0527843257812501 0.10663500000000001
7 0.620412663671875 0.3419428888888889 0.025161342968749965 0.05545020000000002
7 0.43928204492187495 0.36966799097222225 0.010796794531249976 0.012796201388888859
6 0.4542775921875 0.36753528888888887 0.007197862499999985 0.017061600000000017
6 0.48006993124999997 0.3781987902777778 0.005998218749999928 0.02132699999999998
7 0.49446565781250007 0.37926514027777775 0.010796793750000066 0.01066350000000003
6 0.502863163671875 0.37713244097222226 0.008397505468750044 0.019194301388888925
2 0.48666797187499994 0.43506301527777774 0.01919429999999993 0.03268584999999994
2 0.4704727828125 0.4400470909722222 0.013196081250000002 0.04265400138888885
2 0.448279371875 0.4432461402777777 0.03838860000000004 0.0618483
7 0.267732988671875 0.3696679902777778 0.015595369531249981 0.03838859999999996
7 0.286927288671875 0.3696679902777778 0.01319608203125 0.03838859999999996
7 0.301323012109375 0.39419404027777777 0.01079679453125002 0.027725100000000048
2 0.30142618046875 0.45497599097222224 0.0751464328125 0.08957339861111109
2 0.38649771914062503 0.4624404402777778 0.09477185703125005 0.1258293027777778
2 0.513060136328125 0.4336489916666666 0.009597150781250008 0.012796200000000053