6 0.45427759140625 0.44573430138888886 0.00479857500000005 0.02132700000000006
6 0.47647100117187496 0.44146890138888895 0.0035989304687499947 0.02132699999999998
2 0.46027581015625 0.47132670208333327 0.00479857499999996 0.021327001388888867
2 0.45187830390625 0.4723930506944444 0.00959715000000001 0.019194298611111073
2 0.4440806191406249 0.4745257513888889 0.00839750703125004 0.023459700000000003
2 0.43748257890625003 0.4809238513888889 0.011996437500000035 0.027725100000000048
2 0.42428649765624993 0.4777248013888889 0.016795012499999994 0.05118480000000005
2 0.41768845664062504 0.4841229013888889 0.01799465703125005 0.04691940000000001
2 0.40269291015625 0.4926537013888889 0.02879145000000003 0.055450199999999936
2 0.387097540625 0.5033172013888888 0.03838859999999995 0.051184799999999975
2 0.35890591328125004 0.5161134020833333 0.04198753124999999 0.08957339861111109
2 0.32951464140625 0.528909601388889 0.0743779125 0.12796199999999996
2 0.248538687890625 0.5523693020833333 0.14755618203124998 0.1919430013888889
2 0.481269575390625 0.46279590138888893 0.01079679296875007 0.012796199999999973
2 0.488467438671875 0.47132670208333327 0.00839750703124995 0.021327001388888867
2 0.49746476640625004 0.47559210138888885 0.007197862499999985 0.02985779999999999
2 0.505862273046875 0.47772480208333334 0.009597150781250008 0.04265400138888885
2 0.52265728515625 0.47985750138888883 0.026392162500000003 0.05545020000000002
2 0.57364214609375 0.5022508513888889 0.07797684375000005 0.12156389999999999
2 0.6190029820312499 0.5363609395833333 0.10332963125000001 0.12304241249999998
2 0.735668731640625 0.5867269493055556 0.23138188359375 0.20947349861111111
2 0.12576889804687502 0.5950233020833333 0.25153779609375004 0.36255900138888897
3 0.627288848828125 0.5554238479166667 0.05751366328124998 0.12997437916666665