2 0.046203521484375 0.38861304375000005 0.09193900078125 0.19437330416666668
2 0.203163007421875 0.37673191875 0.12098514609375002 0.11745760416666669
2 0.28639392421875 0.35079972083333333 0.06778600468749998 0.09610167499999997
2 0.34559942148437506 0.34774887430555557 0.06263770078125001 0.06864405416666668
2 0.38206657578125 0.3378336236111111 0.032605928125 0.05186439722222218
2 0.40223076640625 0.33478277638888887 0.018019065624999976 0.045762702777777754
2 0.4322625406249999 0.3263929479166667 0.024883470312499954 0.028983045833333342
2 0.44727842773437504 0.3233421006944444 0.01887711328125006 0.022881351388888877
2 0.4584330863281251 0.3195285409722222 0.01372881015624996 0.018305081944444426
2 0.875445718359375 0.4415624173611111 0.24540249453125007 0.4942371930555555
2 0.6931099496093751 0.3683420909722222 0.15015886953125 0.15559319027777777
2 0.6043017035156251 0.3523251451388889 0.04805083828125003 0.07779659583333334
2 0.5712667515625001 0.3324946409722222 0.04204448281249995 0.05644066805555556
1 0.561828194140625 0.3080878659722222 0.042044483593749946 0.07779659305555559
2 0.537373748828125 0.32105396458333335 0.01372881015624996 0.02745761805555556
2 0.527077141015625 0.3202912548611111 0.008580508593749947 0.022881354166666687
2 0.521499812109375 0.3149522708333333 0.009438557031250027 0.01830508055555558
2 0.5133483308593749 0.30885057777777775 0.010296608593750011 0.012203388888888887
2 0.498761469140625 0.3126641361111111 0.01544491171875002 0.01983050555555555
1 0.48061562695312504 0.3110774159722222 0.021451266406250013 0.028983045833333342
6 0.46345461210937505 0.2790435236111111 0.007722453906249971 0.010677963888888876
6 0.506786173046875 0.2920096215277778 0.005148305468750003 0.012203387500000003
6 0.49691858945312506 0.2927723340277778 0.006006355468749991 0.013728812499999974
7 0.36263365742187503 0.28972148402777775 0.012012710156249985 0.01067796249999999
7 0.37335929140625 0.26607742291666664 0.00943855781249998 0.012203387500000003