7 0.7593753121093749 0.38125817986111105 0.02924423515625003 0.04852376805555557
2 0.051177411718749996 0.5562903444444445 0.10235482343749999 0.17676515555555558
2 0.17010396953125 0.5450258979166667 0.1413471390625 0.13344036250000002
2 0.269534369140625 0.5389604263888889 0.07506020390625001 0.09358155277777777
2 0.343619766015625 0.5294289722222222 0.06921135703125003 0.07105266111111111
2 0.425503625 0.5120990548611111 0.04191673749999998 0.039858809722222256
2 0.450361224609375 0.5129655506944444 0.01949615703124996 0.03812581805555561
2 0.46449593867187494 0.5077665756944444 0.016571733593749992 0.031193851388888937
2 0.483504691796875 0.5060335840277778 0.01949615703125005 0.020795901388888892
2 0.49861421328125 0.5025676006944445 0.010722885937499971 0.027727868055555563
2 0.507874887890625 0.4991016173611112 0.011697694531249959 0.020795901388888892
2 0.5210347933593751 0.4999681131944445 0.014622116406250019 0.02252889305555554
2 0.9738330382812499 0.65073839375 0.05069000781249997 0.1299743819444444
2 0.9192437988281249 0.6013481284722223 0.15596925546874996 0.13517335416666668
2 0.81152753125 0.5554238486111112 0.08285866562499997 0.08838257777777775
2 0.74182877109375 0.5276959805555556 0.048740393749999986 0.057188727777777774
2 0.7116097277343749 0.53029546875 0.023395388281250006 0.04505778472222228
2 0.6862647234375 0.5086330715277777 0.033143467187499984 0.03985880972222217
2 0.667743374609375 0.5164315340277779 0.011697694531249959 0.027727868055555563
2 0.641423562109375 0.5060335840277778 0.015596924218750008 0.02426188472222227
2 0.540530950390625 0.48350469166666665 0.012672502343749947 0.013863933333333339