6 0.467197583984375 0.36640447291666667 0.004781960156249987 0.017002526388888838
6 0.4342020542968751 0.3698049826388889 0.005738352343750019 0.017002523611111067
6 0.49445476210937506 0.3655543472222222 0.005738352343750019 0.015302274999999968
2 0.45141711484374997 0.4284637006944444 0.024866196874999958 0.06630985972222218
2 0.51071342890625 0.4174120548611111 0.022953412499999982 0.05100758194444444
2 0.343344795703125 0.4259133215277777 0.028691763281250005 0.040806068055555596
2 0.5814864507812499 0.4148616770833333 0.03538651093749996 0.042506320833333354
2 0.62404590390625 0.41826218680555555 0.045906826562500044 0.056108343055555565
2 0.6809512378906251 0.43186420347222215 0.06599106015625003 0.06290935416666667
2 0.946828266796875 0.3978591541666667 0.08703168828125012 0.07311086666666664
2 0.77372127890625 0.38935788541666666 0.06025270624999992 0.028904298611111143
2 0.8755770503906251 0.37660599097222225 0.06312188671874992 0.034005051388888874
2 0.9779110136718749 0.4922231777777778 0.042081255468749926 0.11561719166666665
2 0.18888745664062498 0.45141711249999994 0.06790384609374997 0.06801010833333336
2 0.293612403515625 0.4344145875 0.05164517890625002 0.06460960555555555
2 0.398337346484375 0.4667193909722222 0.11189788515624999 0.16662477638888887
2 0.53318864375 0.4344145875 0.06503466875 0.08841314444444445
2 0.84927626328125 0.5041249513888889 0.2821356953125001 0.24823690277777777
7 0.52314652734375 0.13687035208333334 0.1434588265625 0.1292192125
7 0.6450865312499999 0.18107692152777777 0.02008423749999997 0.02040303194444443
7 0.9640433250000001 0.2669396854166667 0.025822587499999904 0.028904295833333333
7 0.93056959921875 0.2584384229166667 0.046863217187500084 0.08331238750000003