7 0.4813698609375 0.3354595111111111 0.03397445781249999 0.034280533333333335
7 0.0260489984375 0.048972191666666665 0.052097996875 0.07835550555555555
7 0.5774127371093749 0.35015116874999996 0.01560988515624997 0.03754534583333332
7 0.6458207675781249 0.26363362916666666 0.01101874296875005 0.037545347222222206
7 0.6458207683593751 0.3068923986111111 0.018364572656250022 0.05550181666666667
2 0.45865517890624996 0.40891779583333326 0.008264057812499993 0.019588875000000013
2 0.46508277929687497 0.3836155006944444 0.01010051484375003 0.017956470833333307
2 0.4315674359375 0.42279325138888885 0.012855201562499996 0.014691655555555547
2 0.41733489218750003 0.4260580645833334 0.01377342812500002 0.02122128194444449
2 0.402184119921875 0.4260580645833333 0.018364572656249977 0.031015720833333343
2 0.380146633984375 0.4285066736111111 0.040402057031250035 0.032648127777777744
2 0.5240330656250001 0.4063059625 0.010100515625000028 0.027750908333333355
2 0.537347379296875 0.40712216527777784 0.02203748671875001 0.0359129416666667
2 0.5488252371093749 0.42018141597222225 0.013773430468750014 0.04897219027777785
2 0.5603030945312499 0.42099761944444447 0.025710401562499995 0.057134222222222225
2 0.57618843828125 0.4222491236111111 0.028465085937500058 0.07835550555555552
2 0.59684858203125 0.42469773125000004 0.038565601562499996 0.09957678750000001
2 0.6289865820312499 0.43204356111111114 0.06978537187499993 0.11753325833333332
2 0.6880286960937501 0.44678962083333335 0.11661502968750001 0.15834341944444447
2 0.808959384375 0.4758464604166666 0.21119257343750003 0.24975817638888892
2 0.9302165574218751 0.49038506666666665 0.13681605859375007 0.4358525027777778