7 0.558061129296875 0.25218869791666665 0.04119914453125002 0.03162762361111109
7 0.639523073828125 0.49438972430555556 0.009363442968749958 0.02663379027777779
7 0.52201187890625 0.51270045625 0.0402628 0.03662145972222224
7 0.475194670703125 0.5176942902777777 0.01217247421875003 0.02330456666666668
7 0.467235744140625 0.5235204326388889 0.024344949218749967 0.028298401388888946
7 0.5187346742187501 0.3245993145833333 0.11985205624999998 0.1364981736111111
7 0.4180776742187501 0.28881016041666663 0.05149892812500001 0.031627623611111134
7 0.38998734960937503 0.3304254569444444 0.10955226796875003 0.06824908888888888
7 0.40215982421874996 0.5052097027777778 0.021535917187499986 0.014981505555555528
7 0.380155736328125 0.49688664375 0.007490752343750007 0.011652284722222263
7 0.37172863828125 0.5043773965277778 0.02434494843749997 0.01664611805555549
7 0.07069398515625 0.2188964604166667 0.044008176562499994 0.028298401388888905
7 0.130151840625 0.31128242013888885 0.1666692640625 0.1564735180555555
7 0.010299785546874999 0.3046239722222222 0.020599571093749998 0.13316894999999998
2 0.31039809414062497 0.543495775 0.023408603906249992 0.014981505555555606
2 0.286521317578125 0.5443280805555556 0.028090325781250015 0.01997534166666668
2 0.212550128515625 0.5509865277777777 0.03932645390625 0.03662146111111113
2 0.19803679335937502 0.5451603868055556 0.034644735156249974 0.044944518055555625
2 0.1619875421875 0.5568126701388889 0.05430796093749999 0.051602968055555545
2 0.38998735 0.5584772819444445 0.045880865624999954 0.04827374444444443