7 0.6752040820312499 0.27642081319444445 0.02203748593750001 0.01305924861111111
7 0.661889767578125 0.29927450347222223 0.028465086718749966 0.0195888763888889
7 0.5751171671875 0.32620920833333333 0.012855201562499996 0.011426844444444445
7 0.5659348808593749 0.3384522555555556 0.016528114843749987 0.013059249999999996
7 0.118298444921875 0.34987910069444444 0.019282800781249998 0.009794437500000006
7 0.127021616015625 0.35967353888888887 0.020201028906249995 0.009794438888888892
6 0.058307514453125 0.23506651805555556 0.018364569531250003 0.04570737777777778
6 0.329250534765625 0.30922440486111114 0.0073458273437500225 0.026118501388888878
6 0.333841677734375 0.3655424256944444 0.0073458273437500225 0.02122128472222226
6 0.4727958933593751 0.2904051090277778 0.008264057031249994 0.031015720833333343
6 0.435148521484375 0.37120922361111114 0.006427600781250042 0.01632406111111114
6 0.44478992148437496 0.38671708541666666 0.005509371093749937 0.014691659722222205
4 0.105888459765625 0.43246247638888885 0.015609885156250003 0.04570737777777778
4 0.0677819734375 0.44151491111111113 0.016528114062499998 0.06529625277777772
4 0.7023792832031249 0.44576354305555554 0.013773430468749926 0.09304716388888892
4 0.6500402535156249 0.4433149340277778 0.019282800781250043 0.11100363472222223
2 0.36775054765625004 0.4285066729166666 0.01652811249999999 0.026118501388888878
2 0.47656063515625 0.4407497215277778 0.05417548437500006 0.11263604027777782
2 0.26444983281249995 0.4407497208333333 0.0192828 0.034280533333333335
2 0.311279491015625 0.4513603631944444 0.09641400234375004 0.11100363472222223
2 0.40585703515624993 0.4513603611111111 0.10375983124999996 0.17956469722222224
2 0.21302903203125 0.4415659236111111 0.058766629687499995 0.04897218888888888
2 0.862005019140625 0.5428070020833333 0.27455034765624997 0.30852480416666667
4 0.923067219921875 0.3893608027777778 0.023873942968749874 0.044074972222222265
6 0.5634455390625 0.39024114583333336 0.008612951562500016 0.014035922222222217
6 0.5745706019531249 0.3915171381944445 0.00789520546875 0.01658790694444442