6 0.49324733828125 0.31570290138888885 0.010546868750000016 0.03984372222222225
6 0.44512725351562493 0.3110154055555555 0.011865225781250021 0.030468730555555566
6 0.525547119921875 0.4071090895833333 0.011865225781249933 0.03515622916666664
6 0.3699808203125 0.33445288819444446 0.009228507812500019 0.02578123194444445
6 0.3007670015625 0.34734350416666665 0.010546868750000016 0.028124980555555526
7 0.6072853449218749 0.38484347847222217 0.030322244531250053 0.05156246527777779
2 0.506430922265625 0.44695280902777784 0.03164060390625005 0.02578122916666664
2 0.542026601953125 0.4504684340277778 0.026367171093749954 0.02812497916666664
2 0.461606734375 0.4457809368055556 0.03427732031249997 0.0374999736111111
2 0.40953157500000004 0.45398405763888894 0.04350582968749994 0.03515622638888887
2 0.34888708515625 0.47368906805555555 0.05668941406250001 0.0848086416666667
2 0.30801797265625 0.4774215402777778 0.04086911250000003 0.0539062138888889
2 0.26912639765625 0.47273404236111105 0.047460903124999995 0.053906212500000016