2 0.480193342578125 0.37588260902777776 0.03424634765625001 0.0502941513888889
2 0.0349908328125 0.38355908055555554 0.069981665625 0.09794124444444441
2 0.1049724984375 0.38885319930555556 0.06402577968749999 0.06088239583333335
2 0.17123173359375 0.38488261041666666 0.06849269374999997 0.06352945694444444
4 0.7071126285156251 0.4102943986111111 0.016378688281250043 0.13235303333333334
4 0.774761573046875 0.4080885152777778 0.038713261718750044 0.1667648194444444
4 0.762105314453125 0.4155885194444444 0.028290460156249964 0.18000012222222223
4 0.800074090234375 0.4063238069444444 0.02382354453125011 0.16676481944444446
4 0.72636999609375 0.4208826402777778 0.02829046093750005 0.16941188055555553
4 0.9281256484375 0.4116179291666667 0.04169120468749998 0.23558839722222225
3 0.8410208089843749 0.5642650944444445 0.07593755078125 0.14911775555555554
7 0.431057279296875 0.27926489791666664 0.016378686718750046 0.013235304166666653
7 0.4303127937499999 0.2938237298611111 0.011911773437500005 0.015882362500000014
7 0.4697705414062501 0.31500021527777783 0.010422801562499995 0.021176486111111083
6 0.34693038437499996 0.27264724444444444 0.0059558875000000015 0.026470608333333305
6 0.47051502734375 0.29338254999999996 0.011911773437500005 0.018529424999999992
2 0.34320795390625003 0.42529440902777776 0.17420967812500004 0.1958824875
2 0.595092324609375 0.4327944118055556 0.21143396796875003 0.34676494305555555