6 0.502237064453125 0.2797671895833333 0.007919324218750034 0.025028970833333334
6 0.44636184140625 0.29775676319444444 0.007039396875000037 0.020336040277777793
6 0.708139458203125 0.1765226840277778 0.014958719531249987 0.05944380694444445
6 0.7490559609374999 0.2430058888888889 0.015838646874999984 0.03910776666666666
2 0.483758644140625 0.33999315208333336 0.014958721093749983 0.03597914583333335
2 0.44328210468750007 0.3384288402777778 0.025517818749999942 0.03597914722222224
4 0.46308041171875003 0.3478147041666667 0.026397743749999945 0.12358054444444448
2 0.408965038671875 0.3611113444444445 0.05367541015624995 0.08447277777777779
7 0.18634407421875002 0.05685291666666667 0.037836765625000005 0.020336038888888887
7 0.8762050886718751 0.19764088055555556 0.051915560156249894 0.0860370888888889
7 0.813730429296875 0.04668489791666667 0.050155711718749975 0.08447277638888888
2 0.055995216015625 0.2914995201388889 0.11199043203125 0.1924102152777778
0 0.723538142578125 0.4580986083333334 0.09503187578125001 0.26280419444444447
5 0.7200184433593749 0.3775366083333333 0.08799247734375007 0.3300695555555555
4 0.94263940703125 0.38535816180555554 0.06511443124999997 0.33319817638888893
4 0.884918120703125 0.4080406666666666 0.05560769140624995 0.26906143888888884
6 0.16695361679687498 0.16570300416666667 0.017138660156250006 0.0539062138888889