2 0.011865226171875 0.06005855416666667 0.02373045234375 0.12011710833333333
2 0.529980104296875 0.09316399861111112 0.018457017968749944 0.04453121944444444
2 0.5141598019531249 0.10371086666666667 0.018457017968750034 0.04687496944444444
2 0.49306606718749996 0.10019524305555555 0.036914037499999976 0.06328120555555555
2 0.47790494531249994 0.10136711875 0.035595678124999974 0.05624996250000001
2 0.4614254640625 0.11660148194444445 0.031640603125000055 0.05859371111111111
2 0.437695011328125 0.11191398541666667 0.034277319531249975 0.06328120694444443
2 0.4067135875 0.11777335624999999 0.07250971718749999 0.07031245138888888
2 0.643358933203125 0.11777335555555557 0.015820300781249942 0.018749986111111127
2 0.658520055078125 0.11191398472222222 0.019775377343750032 0.025781230555555566
2 0.6684077433593749 0.12363272777777777 0.02373045234375004 0.021093736111111108
2 0.616332584375 0.11425773402777778 0.01186522656250002 0.016406237499999993
2 0.59655720703125 0.11191398541666667 0.019775376562499947 0.021093734722222222
2 0.722460441015625 0.14941396041666666 0.04218746953124999 0.06328120694444443
2 0.7629999636718751 0.1693358201388889 0.06723628203124994 0.07499994861111112
2 0.8163934808593751 0.19277330347222224 0.08964837421875008 0.10781242638888888
6 0.5827144429687501 0.06855464097222222 0.01054686718749993 0.014062490277777782
6 0.636107960546875 0.08027338263888889 0.011865225781249933 0.02343748472222222
7 0.676317894921875 0.09316399861111112 0.013183585156250021 0.021093736111111115
7 0.818700608984375 0.08964837569444445 0.026367169531249957 0.046874968055555556
6 0.92318051796875 0.08613275347222223 0.01582030156249985 0.03046872916666666