6 0.55059593203125 0.2664841847222222 0.006591793750000008 0.025781233333333337
6 0.373276716015625 0.2699998083333333 0.007910149218750018 0.028124983333333336
6 0.36800328242187497 0.2676560590277778 0.007910149218750018 0.03749997361111114
6 0.545322496875 0.26531231180555553 0.009228509375000016 0.02812498194444445
6 0.6132179582031251 0.316874775 0.013183585156250021 0.023437483333333335
7 0.606626165625 0.29578103958333335 0.015820301562500028 0.014062490277777763
7 0.578940637890625 0.2711716819444444 0.02373045234374995 0.016406238888888876
7 0.3363626796875 0.26999980763888887 0.029003885937500008 0.014062490277777763
6 0.640244307421875 0.3110154041666666 0.011865227343750017 0.025781233333333337
6 0.630356618359375 0.28406229791666665 0.010546867968749929 0.02343748472222222
2 0.5565285441406249 0.3496872527777778 0.010546867968750017 0.023437483333333297
2 0.5637795156250001 0.34851537847222225 0.014501943750000024 0.03046872916666664
2 0.61058124140625 0.3625778687500001 0.02900388593750005 0.053906212500000016
2 0.6237648253906249 0.3660934909722222 0.023730450781249957 0.06562495416666662
2 0.642881023046875 0.3660934909722222 0.03295896171874997 0.06562495416666662
2 0.6738624476562499 0.36843723958333335 0.06855464062500002 0.07031245138888885
2 0.7780127664062501 0.3532028763888889 0.09492180937499999 0.05390621666666667
2 0.4622659136718751 0.3567184972222222 0.014501942968750025 0.03281247777777779
2 0.47874539453125 0.35320287361111113 0.018457018749999943 0.049218713888888904
2 0.22759810625000002 0.3871872263888889 0.04350582968749998 0.06562495277777777
2 0.580258996484375 0.35203100069444443 0.029003886718749962 0.046874968055555556
2 0.511045176953125 0.36257786875 0.04877926328125 0.0914061875
2 0.43523956484375004 0.3719528625 0.04746090468749999 0.09609368333333335
2 0.7391211921875 0.47390591736111115 0.23862288281250005 0.2718748125
9 0.31922401953125 0.39656222013888887 0.18457018593750002 0.21562485138888887
2 0.909848613671875 0.4176559541666667 0.17929675234375003 0.31874977777777774
9 0.127971406640625 0.42351532708333334 0.25594281328125 0.7476557347222221
7 0.760466927734375 0.25221923194444446 0.020593216406249937 0.05644066666666663