6 0.37075407070312505 0.4505136527777778 0.009176736718750033 0.01631419722222221
6 0.40669628828125 0.46071002986111104 0.009176735937499991 0.020392748611111164
7 0.4689599199218749 0.46699392986111105 0.00841200859375002 0.0149546819444444
7 0.448694626953125 0.47379151180555557 0.00764728046875005 0.017673715277777783
7 0.43684134179687495 0.4778700631944444 0.00841200859375002 0.017673715277777783
2 0.3308500296875 0.5043806347222222 0.016059289062500027 0.03534742777777772
2 0.321290928515625 0.505740151388889 0.018353474218749978 0.04078549722222225
2 0.309820008203125 0.5118579756944445 0.022941841406249976 0.04486404583333336
2 0.29681963203125 0.5125377333333333 0.030589121875000024 0.054380661111111075
2 0.270436514453125 0.5200150736111111 0.02982439453125001 0.06389727500000006
2 0.43219880312500003 0.5025679527777778 0.019118201562499947 0.024471297222222195
2 0.45514064492187495 0.4991691611111111 0.02676548203125 0.042145011111111096
2 0.48917104218749996 0.4984894027777778 0.048942595312500004 0.08157099166666665
2 0.5438490984375 0.5080060187500001 0.0757080765625 0.10060422361111113
2 0.5667909390625 0.53202415 0.05276623593750003 0.07613292777777773
2 0.5962329687500001 0.546299075 0.05658987499999997 0.08836857500000003
2 0.0711621828125 0.5488151111111111 0.1414746890625 0.23111781111111113
2 0.22674186757812498 0.52205435 0.07035498046875 0.09244712222222226
2 0.37204019609375 0.5009818416666667 0.010706193750000014 0.012235649999999983
2 0.383128754296875 0.5070996666666667 0.009941464843750003 0.01631419722222221
2 0.350245447265625 0.5050603923611111 0.032883307031249975 0.05302114583333327
2 0.41524733124999996 0.50574015 0.016059289062499982 0.013595163888888904
2 0.697049617578125 0.5417673395833333 0.16671071640625001 0.17537763472222226
2 0.9203077234375 0.5976066479166666 0.1575339781250001 0.2555891069444444