7 0.610581241796875 0.34781225972222224 0.018457019531250028 0.018749986111111106
7 0.23484907773437502 0.3796872388888889 0.01845701796874999 0.018749986111111068
7 0.6020119109375 0.3808591131944444 0.025048810937500044 0.016406237499999952
7 0.54004906328125 0.44062469652777786 0.014501943750000024 0.02812497916666664
7 0.170249512890625 0.37499974166666666 0.018457019531249987 0.018749986111111148
6 0.44578643281249997 0.43242157777777773 0.005273434375000008 0.021093736111111067
6 0.47413113906250004 0.4335934527777777 0.0039550750000000075 0.02343748611111107
6 0.4622659136718751 0.4335934506944445 0.003955075781250006 0.02812497916666664
2 0.484678007421875 0.4453121930555555 0.014501942968749936 0.018749986111111148
2 0.48467800859375 0.4710934256944444 0.009228509375000016 0.03281247916666664
2 0.47479031875000005 0.4710934256944444 0.015820301562499937 0.02812497916666664
2 0.44117217890625 0.45351531458333333 0.009228509375000016 0.03046872916666672
2 0.425351876171875 0.46406217986111103 0.014501942968749936 0.0374999736111111
2 0.38382358437499997 0.4687496763888889 0.023730453124999995 0.028124980555555526
2 0.2546244546875 0.4710934256944444 0.10019524375 0.10312492916666662
2 0.11428903515625 0.5162176236111111 0.1638098234375 0.15184910555555559
2 0.5051125640625 0.4757809229166666 0.018457018750000033 0.03281247638888887
2 0.5215920449218749 0.4792965444444445 0.01713866015624994 0.030468727777777756
2 0.534775628515625 0.47929654652777776 0.019775377343749945 0.0398437236111111
2 0.561801977734375 0.47929654652777776 0.03164060390625005 0.08203119305555562
2 0.6059669871093749 0.47929654583333337 0.06196284921874993 0.10546867777777773
2 0.6646339382812501 0.515624645138889 0.11074211093750001 0.13124990972222222
2 0.763510823046875 0.5554683673611112 0.1977537710937499 0.1828123736111111