7 0.544142277734375 0.4667843375 0.01913747890624995 0.013608875000000057
7 0.80402921875 0.5668095479166666 0.02602696875000001 0.07212702361111115
6 0.5473318484374999 0.5073841520833333 0.004592993749999952 0.025856859722222226
2 0.46287178203124996 0.5057964416666667 0.0061239937499999895 0.008165322222222215
2 0.44143780898437496 0.5255293069444444 0.006123992968749992 0.009526208333333367
2 0.43722756171874994 0.516683542361111 0.006889490625000061 0.008165323611111101
2 0.43186906992187496 0.5350555201388889 0.008420489843750012 0.012247987500000019
2 0.42383132773437493 0.5411795131944445 0.013778983593749938 0.0136088708333334
2 0.43990680859375003 0.4935484590277778 0.007654992187500031 0.010887098611111097
2 0.372542887890625 0.5615928215277778 0.01530998203124998 0.02449597083333338
2 0.34498492148437504 0.57792346875 0.03368196015625 0.03810484305555551
2 0.49081249882812494 0.5507057215277779 0.014544483593750001 0.021774193055555537
2 0.48200925898437497 0.5677168125000001 0.026026967968750016 0.028578630555555564
2 0.495022744140625 0.588130123611111 0.02755796953124996 0.03674395833333332
2 0.504591482421875 0.6167087548611111 0.025261471093750033 0.04218750138888889
2 0.52104971171875 0.6425656152777778 0.04286794843749995 0.07212702500000003
2 0.4330173179687501 0.6235131923611111 0.04439894687499999 0.06940525138888892
2 0.4314863179687499 0.6384829527777778 0.03215095937500001 0.06668347777777774
2 0.395890610546875 0.6459678305555555 0.06812941796874998 0.09526210833333329
2 0.06481225429687501 0.6513795479166666 0.07654990703125 0.08716044861111108
2 0.61928876484375 0.66184485625 0.018371979687499974 0.0626008125
2 0.6759356957031251 0.6536795333333334 0.10410787578124996 0.1306451777777777
9 0.5145429703125 0.5597783104166666 0.02219947343750004 0.04354839027777781
9 0.40392835078125 0.5502521013888889 0.022964971874999972 0.029939519444444486
2 0.467847525 0.5407258895833333 0.008420489062499925 0.013608873611111091
2 0.45942703554687503 0.5420867777777778 0.008420489843750012 0.010887099999999981
2 0.44679630078125 0.5400454465277778 0.007654990624999946 0.009526209722222253
2 0.44411705351562497 0.5502521013888889 0.01760647890625 0.010887099999999981
2 0.4563650390625 0.55773698125 0.011482485937500009 0.020413309722222234
2 0.213609433203125 0.7417526972222223 0.34506035859375006 0.37613196944444455
2 0.016020801953125 0.6605163645833333 0.03138546328125 0.09934477083333333
2 0.775121951953125 0.6846423493055556 0.19071749609375005 0.17932485138888898
2 0.9289134304687501 0.7483963708333333 0.14023854062499996 0.2632845055555555
2 0.566853109765625 0.6649335479166666 0.08814994453124995 0.11753326249999997
7 0.531103422265625 0.50588275 0.014691657031250038 0.021221283333333375
7 0.581697809765625 0.5414691881944445 0.010100514843749941 0.024486095833333367
4 0.58766629453125 0.5888089743055556 0.007345828124999976 0.031015720833333343
6 0.23769003203125 0.5082613909722222 0.003672914062499988 0.02775090694444447