2 0.41926216250000004 0.56178128125 0.010323828125000035 0.013255287500000022
2 0.410623116796875 0.5625339652777778 0.011470921093749985 0.015294561111111132
2 0.430077613671875 0.5604364395833333 0.011470921093749985 0.011216009722222253
2 0.39021616328125 0.5634953534722222 0.00745609843749997 0.011216009722222173
2 0.39681194375 0.5634953534722222 0.01261801250000003 0.017333837500000015
2 0.38103942734374996 0.5665542659722221 0.012044467187499963 0.013255287499999942
2 0.372149462890625 0.5691033597222221 0.01261801328125003 0.018353474999999973
2 0.349781167578125 0.5691033597222221 0.00917673671874999 0.0203927472222222
2 0.36067854296875 0.5685935409722223 0.019500565624999976 0.03160875972222223
2 0.33657593945312503 0.5757552736111111 0.02925084921875003 0.0387462194444444
2 0.401102248046875 0.5691616111111111 0.017206380468749984 0.02651057222222227
2 0.44022844062500005 0.5622344506944444 0.01261801250000003 0.017333837500000015
2 0.47317548164062495 0.5662386479166667 0.017206380468750025 0.02447129583333331
2 0.515331115234375 0.5738859277777777 0.025809572656250078 0.03160876111111111
2 0.26941608359374997 0.5691616104166667 0.016059289062500027 0.018353473611111167
2 0.252209701953125 0.5712008840277778 0.018353474218749978 0.018353473611111167
2 0.050895043359375 0.583436532638889 0.07226680078125 0.040785495833333366
2 0.184531269921875 0.5910838145833334 0.13535686484375 0.16008307361111113
2 0.29350501757812497 0.5847620486111111 0.05047205234375003 0.06423715555555552
2 0.6400773785156251 0.5725264 0.14740133046875004 0.12745467499999996
2 0.771419421484375 0.5679380326388889 0.0877525445312501 0.06525679305555557