2 0.41440402578124996 0.45624968680555555 0.015820303125000025 0.01874998750000003
2 0.3979245445312499 0.46679655486111116 0.014501943749999979 0.02109373472222226
2 0.390673572265625 0.4878902895833333 0.01845701796874999 0.03046872638888887
2 0.42561007265625 0.49023403888888895 0.025048810937500044 0.035156224999999985
2 0.3741940921875 0.49609340972222227 0.0250488109375 0.04687496666666667
2 0.36035132890625 0.5007809069444444 0.023730453124999995 0.0656249555555555
2 0.335302517578125 0.5031246541666666 0.05009762265624999 0.0796874472222222
7 0.31948221523437503 0.38828098402777783 0.03691403671875002 0.07968744583333336
2 0.20280748124999998 0.5015621555555556 0.1568846578125 0.11249992222222226
2 0.09755852578124999 0.4687496763888889 0.029003885937499994 0.03281247777777775
2 0.447362987109375 0.46289030625 0.02109373515624995 0.02578123194444449
2 0.4532956 0.4839840423611111 0.019775376562499947 0.03515622638888887
2 0.469115901953125 0.4957027840277778 0.030322244531249966 0.04921871527777778
2 0.49152799609375003 0.5074215256944444 0.040869112499999985 0.06328120694444439
2 0.5205318820312501 0.5191402666666667 0.040869112499999985 0.09140618611111112
2 0.5785396546875 0.5191402666666666 0.10678703593750001 0.15234364444444448
4 0.9594353757812499 0.5636714875000001 0.06459956406250011 0.19687486388888883
3 0.04630337265625 0.49780187291666667 0.0926067453125 0.12130942083333333
7 0.829074073046875 0.22008994930555556 0.06336251015625001 0.1039795041666667