2 0.058899392578125 0.8187763534722222 0.11609159609375 0.36178086527777775
2 0.07733746757812501 0.7128088930555555 0.024584100781250007 0.053417311111111115
2 0.12309121406250001 0.6933844159722222 0.0860443578125 0.07284178472222227
2 0.40922285351562504 0.716450982638889 0.03824193828124996 0.04127700972222222
2 0.39215056015625 0.7310193402777778 0.047802421874999945 0.06555760555555558
2 0.786861984375 0.8499942527777777 0.1980386046875001 0.1918167
2 0.529411798046875 0.7480157590277778 0.01365783515625001 0.046133131944444336
2 0.5478498761718751 0.7577279930555556 0.015023619531249999 0.05098924722222225
2 0.5594590347656251 0.7625841118055556 0.02731566953125002 0.04613313194444449
2 0.46535618671875 0.7570628090277778 0.11772980156249994 0.19384081250000007
2 0.59087205546875 0.770215163888889 0.051899771875000056 0.07041372500000007
2 0.902891526171875 0.8919650166666666 0.19245136171875005 0.21124118055555544
6 0.38054139882812504 0.4991396583333333 0.010926264843749988 0.04856118888888885
6 0.6407231515625 0.5003536854166667 0.012292049999999933 0.04613313194444441
6 0.67077038828125 0.5052098055555555 0.012292049999999933 0.0655576055555555
6 0.65506387890625 0.5088518958333333 0.013657834374999922 0.0679856638888889
2 0.223476300390625 0.7677871020833333 0.20759908828124995 0.21609729583333326
6 0.358563419140625 0.49350366180555555 0.013406944531249998 0.05185755972222223
6 0.9186600878906251 0.6904360763888888 0.016389400781249997 0.04127701111111111
6 0.37042880546875 0.49496114444444445 0.01950056562500002 0.06117824444444445
6 0.8935847355468749 0.6907315256944444 0.027530210156250057 0.048942595833333276
6 0.739300851171875 0.7090849986111111 0.024088933593749928 0.03262839722222218
6 0.227206166015625 0.6162979951388888 0.026383117968750015 0.03058912083333338
6 0.088981570703125 0.5500215645833333 0.03211857734375001 0.04486404583333336
7 0.12282078710937498 0.41688603125 0.024088933593749993 0.04486404583333328
7 0.10905568203125 0.4454358777777778 0.0355598546875 0.028549847222222268
7 0.1107763203125 0.46073043888888887 0.034412762500000006 0.03058912222222219
7 0.130276885546875 0.49131956111111114 0.022941841406250017 0.03058912222222219
7 0.767404607421875 0.6458674798611111 0.01835347265625007 0.020392748611111088
7 0.5351184621093751 0.6988886243055555 0.010323828906250032 0.020392748611111088
7 0.75249241015625 0.6795155138888889 0.013765104687499984 0.01835347222222228