2 0.14054863203125 0.33538755000000003 0.138352009375 0.091411875
9 0.25299496171875 0.32156045208333334 0.08498135937500004 0.08593425972222223
2 0.299111704296875 0.35066721458333333 0.024404328906249974 0.02772072916666666
2 0.327840928125 0.3548253243055556 0.03352475625000002 0.022176581944444447
2 0.360196216015625 0.34789514166666663 0.032745110156250014 0.019404508333333344
2 0.3898227453125 0.34443005138888894 0.023389365625000026 0.015246402777777767
2 0.399958136328125 0.3645275798611111 0.020270783593749987 0.038809020833333346
2 0.44629684414062504 0.36106248888888887 0.02738799296875003 0.03465091111111111
2 0.46349924257812497 0.35759739791666667 0.010135391406249994 0.02217658194444441
2 0.18399633515625 0.40195056180555555 0.1325397328125 0.12197120416666667
2 0.42022891875 0.3721507798611111 0.03430440156249999 0.05405542083333338
2 0.48143109023437497 0.3652205979166666 0.02105042890625004 0.029106765277777828
7 0.4502452707031249 0.3319557243055556 0.013253972656249946 0.02079054583333332
7 0.46583818085937506 0.33195572500000003 0.011694682031250014 0.015246402777777767
7 0.610462418359375 0.20998451666666668 0.023389364843750027 0.023562619444444426
7 0.6100725964843751 0.24117033888888892 0.03040617421875007 0.04158109444444445
2 0.038323030859375 0.3494528875 0.07664606171875 0.04453121944444444