2 0.595772908984375 0.3307398326388889 0.029251753906249966 0.04576274305555555
1 0.5407796109375 0.3203392097222222 0.047972876562499954 0.09152548888888891
2 0.5641810144531251 0.35778145486111107 0.05499329765624994 0.07904474027777779
2 0.176302754296875 0.3775426416666666 0.14274856015625 0.16849010555555557
9 0.7437867843749999 0.39730382569444445 0.21997319062499993 0.23713422083333333
2 0.9035013628906249 0.38690320208333334 0.13221792890624987 0.1206472347222222
2 0.93099801171875 0.3702622041666667 0.08424505156249999 0.10816648611111113
2 0.984236204296875 0.35986157986111117 0.026911613281249913 0.10400623749999996
7 0.17864289453125 0.13312798402777778 0.133388 0.16640997916666664
4 0.8292019070312501 0.3151388986111111 0.01638098281250002 0.039522369444444455
4 0.8157460999999999 0.3224193347222223 0.015210912499999906 0.029121747222222223