7 0.361090484765625 0.4288774618055555 0.013431119531250025 0.02204080972222226
2 0.424423381640625 0.4959182625 0.016530608593749996 0.022040811111111065
2 0.41202542460937497 0.49132642430555556 0.010331630468749964 0.03489795138888891
2 0.40066063164062504 0.49408152569444447 0.016530610156250035 0.04040815416666672
2 0.38154711601562497 0.4959182611111111 0.02376274921874999 0.04775509166666667
2 0.48641316640625 0.4959182611111111 0.024795912500000038 0.02938774722222222
2 0.500877448828125 0.4959182625 0.008265305468749951 0.036734686111111144
2 0.5225738722656249 0.47938765555555557 0.030994892968749976 0.06979590555555559
2 0.547886366796875 0.49316315833333335 0.05269131640625 0.06061223333333332
2 0.593862121875 0.5069386729166666 0.041326521875000036 0.08081630972222224
2 0.45510832226562503 0.48948969097222217 0.007232142968750033 0.016530606944444453
2 0.34455987734375004 0.4959182611111111 0.06508927343750001 0.07346936944444452
2 0.648413133984375 0.5032651979166667 0.10538263203125 0.13224486805555552
2 0.8739526144531251 0.5280611124999999 0.2489922945312501 0.26265300555555554
2 0.084202788671875 0.4738774506944444 0.16014027109375 0.1910203680555555
4 0.468746069921875 0.4913264256944444 0.00929846640625005 0.03122448472222222