7 0.132613944140625 0.10816640625 0.024571455468749993 0.11232665416666666
7 0.139926876953125 0.46404081111111106 0.01696600390624998 0.046802772222222205
7 0.14109694648437499 0.5113636145833333 0.01345579765625 0.04368258749999999
7 0.4967005109375 0.3465138513888889 0.018721109374999934 0.011440677777777786
7 0.42678887187500003 0.3792757902777778 0.006435381250000027 0.01664098333333336
7 0.78414753046875 0.28567024722222223 0.030421801562500052 0.06656394166666667
7 0.861372103515625 0.24926809097222222 0.042122494531250075 0.018721106944444444
2 0.5275123374999999 0.4217449763888889 0.010530623437499997 0.030161786111111154
2 0.51668919765625 0.4201848826388889 0.012285728124999996 0.02080123194444449
2 0.55120624140625 0.42677195 0.045047667187500015 0.08528505
2 0.4807095671875 0.41741139652777787 0.019891178124999964 0.041602465277777785
2 0.430396587109375 0.4033705631944444 0.015210900781250026 0.019761170833333272
2 0.410505409765625 0.42365176388888887 0.04680277265625001 0.06448381944444448
2 0.37979109101562497 0.4272919805555555 0.07897967578124998 0.0676040055555555
2 0.380961159765625 0.4298921354166667 0.07663953828124996 0.06656394305555556
2 0.37013801914062505 0.43457241180555556 0.07605450390624999 0.06136363194444448
2 0.347906701953125 0.43301232013888896 0.08892526484375 0.06656394305555556
2 0.28823316875 0.44861324375 0.18370087812500002 0.0956856652777778
2 0.6826440203125 0.4007704104166666 0.013455796875000026 0.024961479166666658
2 0.7285692390625 0.4428929041666666 0.09711575156250003 0.1341679444444445
2 0.6283272082031249 0.47322802430555555 0.14918383515625006 0.1913713319444445
2 0.45574198906249996 0.43110552847222217 0.05908849843750001 0.07592449583333334
9 0.617211550390625 0.35206084930555553 0.04855787421875002 0.05928350972222221
4 0.9449107296874999 0.44355376736111113 0.03802725156250002 0.1955315791666667