7 0.46121483945312497 0.25897553055555556 0.033932035156249984 0.027041622222222214
7 0.526153733984375 0.2912174638888889 0.018721122656249988 0.016640997222222252
7 0.71980034609375 0.28809727569444443 0.03393203437499999 0.043682618055555546
7 0.129499946875 0.21737303541666664 0.016380981250000003 0.039522370833333334
7 0.221935490234375 0.24337459444444448 0.009360561718750039 0.029121747222222223
7 0.40505147265624997 0.2506550319444445 0.010530631249999978 0.04368262222222224
7 0.250017174609375 0.2662559673611111 0.007020421093750029 0.033281995833333314
7 0.44190868281249995 0.25689540555555557 0.00936056093750004 0.018721122222222223
7 0.5086026808593751 0.2943376513888889 0.007020421093749984 0.022881372222222238
7 0.26347298203124997 0.2579354673611111 0.015210910937499999 0.033281995833333314
2 0.3681942625 0.2922575263888889 0.011700701562500004 0.014560875000000017
2 0.435473295703125 0.29329758819444446 0.005850350781249958 0.0166409986111111
2 0.44541889218749997 0.29641777569444444 0.014040842187500058 0.01456087361111109
2 0.4465889625 0.30681839930555554 0.009360562500000036 0.01872112361111111
2 0.451854278125 0.31097864861111113 0.015210912499999996 0.018721122222222223
2 0.4828611374999999 0.3140988361111111 0.011700701562500004 0.02080124722222223
2 0.7671881882812499 0.3744224534722222 0.037442245312500066 0.0540832430555555
2 0.5097727515624999 0.3234593972222222 0.011700701562500004 0.022881372222222238
2 0.41265692734375004 0.3005780256944445 0.01638098281250002 0.01456087361111113
2 0.42026238359374996 0.3151388986111111 0.01755105312500005 0.018721122222222223
2 0.40037119062500004 0.3151388986111111 0.022231332812499983 0.027041622222222252
2 0.3834051734375 0.30681839930555554 0.014040842187499968 0.02704162083333333
2 0.369949367578125 0.3120187111111111 0.015210911718749998 0.02080124722222223
2 0.34947313828125004 0.31097864861111113 0.023401403125000008 0.027041622222222214
2 0.32782684140624996 0.3120187104166667 0.0175510546875 0.029121745833333337
2 0.2441668234375 0.30577833680555555 0.05850350781249998 0.05408324305555554
2 0.031402973828125 0.26833609166666667 0.06280594765625 0.05408324444444443
2 0.976630748046875 0.39626376319444445 0.04446266640625005 0.0395223708333333
2 0.8204263824218749 0.3702622041666667 0.050313017968750096 0.04992299444444441
2 0.880099959375 0.37546251597222224 0.024571473437499946 0.031201870833333267
2 0.14646596445312499 0.3016180868055555 0.07371442109375 0.05824349027777779
2 0.468820295703125 0.3286597090277778 0.02106126328125004 0.03744224583333337
2 0.5191333140625 0.3338600208333333 0.025741543749999974 0.039522369444444455
2 0.562425908984375 0.3442606451388889 0.05850350859375002 0.08112486527777776
2 0.7010792238281249 0.3702622041666667 0.09477568359374997 0.10816648611111113
2 0.64491585625 0.3369802083333333 0.03159189531249993 0.024961497222222205