2 0.46751017812499995 0.5020431756944445 0.015776496875000046 0.014958454166666652
2 0.429646586328125 0.5067176930555555 0.01577649609374996 0.02056787777777779
2 0.44437131640625005 0.5067176930555555 0.009465896875000013 0.02056787777777779
2 0.40335242617187494 0.5011082729166667 0.03470829296875002 0.054224401388888864
7 0.3649629515625 0.4450140611111111 0.01682826249999998 0.031786719444444445
2 0.48170902421875006 0.5067176944444445 0.01262119843749998 0.024307491666666674
2 0.49590787148437504 0.5085875 0.013672963281250006 0.024307491666666674
2 0.51010671796875 0.5085875013888889 0.01682826249999998 0.02804710555555556
2 0.5269349800781249 0.5123271159722222 0.01893179609375002 0.02804710694444444
2 0.547444428125 0.5207412451388889 0.034708292187499976 0.04861498194444446
2 0.574790353515625 0.5282204729166666 0.03681182578124993 0.0635734375
2 0.6352669234375 0.5506581576388888 0.08624484687499993 0.08975073749999996
7 0.608972763671875 0.45529800138888893 0.018931794531250025 0.03365652499999996