7 0.5037152062500001 0.43526610208333333 0.008190490625000013 0.01664099861111118
7 0.2825719453125 0.36350179791666665 0.02457147343749999 0.03536212083333336
7 0.557538434765625 0.3427005513888889 0.025741542968749975 0.03952236944444441
7 0.5563683640624999 0.36974217291666667 0.01872112187499999 0.01456087361111113
7 0.542327521875 0.3759825458333333 0.014040840624999973 0.014560872222222245
2 0.188381296875 0.4799887847222222 0.10530631562500001 0.1060863638888889
2 0.40074903203125 0.4633477861111111 0.010530631249999978 0.0228813722222222
2 0.389048330859375 0.46646797361111114 0.012870772656249984 0.024961497222222167
2 0.375592523046875 0.4654279111111111 0.014040841406250015 0.027041622222222214
2 0.36447685703125 0.46854809791666663 0.008190490625000013 0.02496149583333336
2 0.347510839453125 0.46230772361111117 0.02106126328125 0.037442244444444446
2 0.335225102734375 0.46854809791666663 0.01989119296874997 0.02496149583333336
2 0.31942915546875 0.46854809791666663 0.01638098281249998 0.04576274305555559
2 0.47972876835937495 0.4602275993055555 0.009360561718750039 0.0291217458333333
2 0.49669478593750005 0.4612676618055556 0.022231332812499983 0.03536212083333328
2 0.517171013671875 0.4612676618055556 0.018721122656249988 0.05616336805555551
2 0.54115745234375 0.46542791111111115 0.0269116140625 0.04368261944444443
2 0.565143891015625 0.4675080347222222 0.023401403906250007 0.05200311666666669
2 0.596150749609375 0.4799887840277778 0.06903413984375 0.10192611249999999
2 0.62657257421875 0.49662978194444446 0.07371442031250001 0.10608636111111104
2 0.690633916015625 0.5101505923611112 0.12051722734374995 0.15392922916666668
2 0.81758652890625 0.5663139611111111 0.24805487500000006 0.2412944694444444
2 0.9468792820312502 0.6266375770833333 0.10530631562499995 0.31201870972222223
2 0.07064298671875 0.5105666270833333 0.12724513124999998 0.14124049027777777
2 0.29398012968750004 0.4721883152777778 0.040952454687500014 0.06032361666666664
6 0.4648103746093749 0.42122525902777774 0.007020421093749984 0.016640995833333328