6 0.478877810546875 0.46115786180555557 0.005463135156250054 0.021852534722222258
6 0.5580932527343749 0.5206453201388889 0.008194700781250041 0.019424476388888855
6 0.48638961875 0.46237189305555554 0.009560484374999945 0.024280597222222235
6 0.47341467578124996 0.4623718909722222 0.008194701562499952 0.019424476388888934
6 0.6052127804687499 0.5012208430555556 0.015023617187500005 0.01942447777777782
2 0.48024359375000003 0.5643503909722223 0.010926267187500028 0.01456835694444444
2 0.47068310976562505 0.55585218125 0.01092626640624994 0.012140295833333268
2 0.506193479296875 0.5667784506944444 0.008194700781250041 0.019424476388888934
2 0.49868166992187496 0.5667784506944444 0.009560483593749947 0.019424476388888934
2 0.46180551640625006 0.5582802416666667 0.012292051562500017 0.016996416666666646
2 0.48843829375 0.5704205375 0.01365783437500001 0.016996416666666726
2 0.396247909765625 0.5582802430555556 0.01775518515625003 0.02185253611111114
7 0.444733222265625 0.5497820319444445 0.008194700781250041 0.01942447777777774
7 0.605212781640625 0.39924234236111117 0.02048675234374997 0.03399283472222226
7 0.58950627109375 0.45023159444444444 0.010926268750000023 0.01942447499999997
7 0.592237838671875 0.4793683083333333 0.021852535156250054 0.02913671388888888
7 0.6393573683593751 0.4356632354166666 0.06419182265624998 0.0388489513888889
7 0.637308693359375 0.43323517638888887 0.01912096796874998 0.024280594444444463
7 0.636625801953125 0.45994383125 0.020486750781249972 0.02428059583333335
7 0.6379915855468751 0.48179636736111114 0.023218317968750048 0.01456835694444444
7 0.637991584765625 0.4963647243055555 0.017755185156249985 0.009712240277777794
7 0.637308693359375 0.5097190513888888 0.01638940234374999 0.021852536111111064
2 0.67008749609375 0.5437118847222222 0.013657834374999922 0.0461331305555556
2 0.019974562890625 0.5764906868055555 0.038241936718749994 0.06312954583333337
2 0.034998180859375 0.5934871041666666 0.06555760703125 0.09712238055555554
4 0.040461316015625005 0.5376417361111111 0.008194700781250003 0.01942447777777774
9 0.20708689921875 0.4915086048611111 0.3059354984375 0.3933456402777778
7 0.36346910585937503 0.5485680027777778 0.006828917968750003 0.021852536111111064
4 0.374395373828125 0.5570662125 0.006828916406250008 0.024280597222222235
1 0.45770816718749996 0.5024348722222223 0.05326555625000005 0.02185253611111114
2 0.377126941796875 0.50486293125 0.015023619531249999 0.012140295833333346
2 0.49526721249999994 0.5085050215277778 0.016389401562499996 0.009712237500000024