2 0.4966613921875 0.49529799305555555 0.010057945312500038 0.017880794444444507
2 0.5062164417968751 0.5248013034722222 0.013075330468749957 0.016092715277777753
2 0.500181675390625 0.5131787895833333 0.009052152343750031 0.017880793055555542
9 0.450897735546875 0.49798011319444446 0.009052150781250035 0.026821190277777716
2 0.44083978945312496 0.506920511111111 0.009052152343750031 0.016092713888888867
2 0.42877025195312496 0.5248013055555556 0.015086919531249965 0.0125165555555556
2 0.46196147851562497 0.5176489868055556 0.019110099218749975 0.01966887083333333
2 0.425249971484375 0.5408940180555556 0.020115892968749983 0.016092713888888947
2 0.405636975 0.5399999784722223 0.015086920312499964 0.014304634722222273
2 0.398596413671875 0.5534105756944445 0.019110099218749975 0.026821190277777796
2 0.38401239140625 0.551622495138889 0.026150662499999998 0.026821190277777796
2 0.3719428546875 0.5614569319444445 0.028162248437500016 0.02860927222222224
2 0.346797987109375 0.5659271326388888 0.04023178515625001 0.04470198749999999
2 0.335231350390625 0.5677152090277778 0.02514486640625 0.04112582638888888
2 0.299525638671875 0.5695032888888889 0.04224337734375001 0.06258277777777776
2 0.23414898671874998 0.5891721645833333 0.056324501562499976 0.07331125694444438
2 0.20498094023437502 0.5954304409722222 0.07040562578125001 0.06437085694444443
2 0.194922994921875 0.6106291180555555 0.05431291171875001 0.0733112555555555
2 0.23314319101562503 0.5721854104166667 0.12270694921875 0.09298012916666668
2 0.1521767203125 0.6061589180555556 0.04928393906249999 0.1251655583333333
2 0.06980214375 0.6034767972222222 0.1396042875 0.17344370277777774
2 0.02102110234375 0.6508609034722223 0.0420422046875 0.1501986708333333
2 0.5082280328125 0.5435761381944444 0.007040562499999936 0.025033109722222155
2 0.51577149140625 0.5507284555555556 0.012069535937500042 0.03576158888888893
2 0.539910562890625 0.5471522979166666 0.04023178671874996 0.05721854027777782
2 0.6279175964843751 0.5659271305555555 0.11164320859375003 0.14841058888888894