7 0.6829434171875001 0.35980370972222225 0.028806651562500018 0.06401478055555555
7 0.54691200625 0.42595231736111117 0.03200739062500002 0.1024236486111111
7 0.44203064023437494 0.4600935354166667 0.01360313984374999 0.019915709722222234
7 0.25558758867187503 0.36264881250000003 0.03120720546875 0.03556376944444442
2 0.402412929296875 0.4758432104166666 0.010402402343749983 0.024183359722222283
2 0.411615054296875 0.47584321111111116 0.011202586718749963 0.027028463888888864
2 0.41961690195312507 0.4779770375 0.012802957031250006 0.028451013888888908
2 0.4344203203125 0.48580106458333333 0.01840425000000003 0.02702845972222221
2 0.38600914140625 0.48224468888888894 0.012802956250000008 0.014225505555555568
2 0.299589179296875 0.4808221381944444 0.01600369609375001 0.01707060694444446
2 0.286786221875 0.47939958819444445 0.011202585937499964 0.014225506944444454
2 0.26878206484375 0.4808221381944444 0.01520351093750003 0.014225506944444454
2 0.251578092578125 0.48011086319444446 0.016003696093749964 0.012802956944444412
2 0.06753559453124999 0.4865123416666667 0.028806651562499997 0.03414121666666669
2 0.03232746484375 0.49149126875 0.049611456250000005 0.0469441736111111