6 0.28165080312499996 0.2594529395833333 0.009228509374999971 0.0398437236111111
6 0.45237822617187506 0.24421857500000002 0.00791015234375001 0.037499975000000026
6 0.20320847421875002 0.35203100069444443 0.010546867187499975 0.018749987499999992
6 0.54861839296875 0.33679663680555555 0.015820301562500028 0.02578123194444445
6 0.275059011328125 0.26531231041666664 0.009228510156250013 0.03281247638888891
6 0.28890177499999997 0.26414043472222226 0.007910149999999972 0.03984372222222221
6 0.44578643359375 0.2500779458333333 0.01054686718750002 0.03984372222222221
6 0.46094755507812496 0.24539045 0.009228508593750018 0.03515622500000003
7 0.24473676718749998 0.2735154298611111 0.04350582968749998 0.02578123194444445
7 0.5611427980468751 0.21140609791666667 0.025048810156250045 0.0374999736111111
7 0.20650437031250002 0.2946091638888889 0.017138659374999986 0.021093736111111108
6 0.091807183984375 0.31921852430555553 0.009228510156250003 0.02812497916666668
6 0.11026420312499999 0.32507789305555557 0.014501943750000001 0.021093736111111146
0 0.18738817265625 0.4457809368055556 0.05273433906249998 0.11249992361111107
0 0.159702644921875 0.45515592916666664 0.04746090390625 0.13593740555555556
0 0.062803298046875 0.5008590229166666 0.12524405390625 0.1710936347222222
0 0.030412880468749997 0.5407027472222222 0.060825760937499994 0.18984361944444444
0 0.023161908203125 0.5828902173611111 0.04632381640625 0.11015617361111106
0 0.004045710546874999 0.6215620666666666 0.008091421093749999 0.07499994722222228
2 0.07532770273437499 0.4024215909722222 0.044824188281249996 0.03046872916666664
2 0.13531301367187498 0.40359346388888895 0.043505830468750006 0.023437483333333297
2 0.47413113906250004 0.43054657222222215 0.05668941406250001 0.06796870277777782
2 0.642881023828125 0.45632780416666663 0.22016586484375003 0.2460935805555555
2 0.33570350078125 0.5500777388888889 0.3019040890625 0.3960934777777778
2 0.8452490480468751 0.5348433756944444 0.3084958820312501 0.5109371486111111