2 0.8887259968750001 0.6216100520833333 0.21966097656250003 0.6864405458333332
2 0.51168423359375 0.60406768125 0.08580506718750006 0.13423726527777774
2 0.6509744707031251 0.6078812409722223 0.09953387890625001 0.14491522638888885
2 0.59226948515625 0.5876693819444444 0.05834744687500004 0.07322032500000002
2 0.5763955464843751 0.5609744701388889 0.042044483593749946 0.04728812638888892
2 0.78447283828125 0.6219914069444444 0.029173724999999973 0.022881350000000033
2 0.762592546484375 0.6128388666666666 0.036896180468750026 0.032033891666666627
2 0.7398113097656249 0.6107795361111111 0.01544491171875002 0.02135592500000006
7 0.379687427734375 0.43169483194444447 0.04032838203124998 0.06711862777777775
7 0.48222448515625 0.44923720208333334 0.053199142187500034 0.04728812638888892
7 0.522552866015625 0.43169483333333336 0.02230931796875 0.015254230555555557
7 0.54443315859375 0.4355083916666667 0.01973516562500004 0.013728811111111128
7 0.5585909953125 0.4499999138888889 0.008580507812499949 0.01830508055555558
7 0.53242044921875 0.45762703333333327 0.04376058437500001 0.03355931944444445
7 0.53113337265625 0.48050838124999995 0.03775423125000001 0.015254231944444443
7 0.614364290234375 0.5232202395833334 0.006864405468749979 0.015254234722222215
7 0.577039084765625 0.5117795631944445 0.009438558593750025 0.019830506944444437
7 0.518691638671875 0.5056778701388889 0.009438558593749934 0.013728809722222242
7 0.507966005078125 0.49805075416666666 0.013728810156250049 0.016779658333333378
7 0.50753698046875 0.512542275 0.009438557812499937 0.012203388888888849
2 0.71261109375 0.5979659895833334 0.023167368750000073 0.030508468055555543
2 0.4101482265625 0.48584736527777783 0.012012709374999986 0.013728811111111128
2 0.46488076171875 0.4827841583333334 0.010517664062500032 0.007479227777777769
2 0.465932528125 0.4958728069444444 0.00841413124999999 0.018698069444444423
2 0.47645019218750007 0.48652377222222226 0.008414131250000078 0.007479227777777769
2 0.47960549140625003 0.4940029999999999 0.010517664062500032 0.011218841666666653
2 0.490649039453125 0.5014822277777777 0.007362364843750057 0.014958455555555538
2 0.4717172433593751 0.5052218416666666 0.00946589765625001 0.014958455555555538
2 0.47907960820312495 0.5136359729166666 0.011569430468750053 0.013088648611111055
2 0.48118314140624996 0.5267246215277778 0.00946589843749992 0.013088648611111135
2 0.47013959375000003 0.5257897180555555 0.006310598437499948 0.014958455555555538
2 0.51799496640625 0.5323340423611111 0.015776496874999955 0.00934903472222225
2 0.54271147734375 0.5285944284722223 0.014724729687500026 0.01682826250000002
2 0.61423159453125 0.54261798125 0.01893179531250002 0.014958456944444502