2 0.31653946289062496 0.5888486868055556 0.009991777343749985 0.01953947361111111
2 0.301551798828125 0.59950658125 0.019983553906250017 0.051513159722222215
2 0.28206783515625 0.6048355298611111 0.0369695734375 0.04796052638888884
2 0.2450982625 0.6101644763888889 0.046961350000000034 0.06217105277777774
2 0.197137734765625 0.6092763187500001 0.05295641484375 0.060394737500000024
2 0.167661994921875 0.6297039506944444 0.06194901484375002 0.06572368472222223
2 0.449430089453125 0.58529605625 0.01598684140624993 0.03019737083333338
2 0.461919808984375 0.5915131604166667 0.012989308593749981 0.03907894861111111
2 0.49938897109375 0.5888486888888889 0.07793585468749997 0.07282894722222225
2 0.5768252367187501 0.6305921083333333 0.12689555937499994 0.15986842222222228
2 0.38248518750000005 0.6687828965277778 0.18784539687500001 0.24690789583333334
2 0.8011406167968751 0.7700328999999999 0.39567434296875004 0.45651316111111107
9 0.062439314062499994 0.49914473958333333 0.12451608750000001 0.7105263208333332
7 0.67649916484375 0.41062471111111115 0.015820301562499937 0.03281247777777775
7 0.685068494921875 0.45281218194444445 0.014501942968749936 0.028124980555555526