2 0.150034644921875 0.49006871874999997 0.29686855078124996 0.27739738750000004
2 0.040009238671875 0.4367230659722222 0.08001847734375 0.07397263472222228
2 0.3036701203125 0.45237112430555554 0.04561053124999996 0.09957855138888895
2 0.32807575703124997 0.4495260222222222 0.03200739218749997 0.07681773611111116
2 0.362083609375 0.43814561736111113 0.052012010937500006 0.07397263749999997
2 0.39249063125 0.4388568916666667 0.015203510937499987 0.041253969444444434
2 0.404493402734375 0.4345892409722222 0.023205358593749992 0.0469441736111111
2 0.41729635859375 0.43458924027777773 0.01520351093750003 0.041253969444444434
2 0.42729866796875005 0.43245541458333336 0.012802956249999919 0.04267652083333336
2 0.43810116250000003 0.4317441395833333 0.012002770312500032 0.04125397083333332
2 0.5813342367187501 0.4360117916666667 0.05041164062499996 0.0753951888888889
2 0.5541279550781251 0.43174413888888885 0.023205358593749992 0.05832458055555555
2 0.5313226890625 0.42036373263888893 0.020804804687499966 0.02702846249999998
2 0.51131806953125 0.4360117916666667 0.03680849999999998 0.046944174999999984
2 0.790982647265625 0.4936250951388889 0.22325155078124997 0.26174932916666666
9 0.48651234179687497 0.41396225555555555 0.02400554296874997 0.03983141944444447
7 0.612541443359375 0.34852492361111115 0.02000461953124999 0.03698631944444442
7 0.57173201953125 0.3677293576388889 0.018404249999999945 0.009957854166666636
4 0.9650228347656249 0.46801918333333337 0.059213672656249904 0.25321402777777774
4 0.8870048195312499 0.4160960819444445 0.036008315625000085 0.08962069444444438
4 0.9418174769531251 0.4786883125 0.03680849921874998 0.2148051555555555
9 0.949819325 0.4089833270833333 0.09762254218750002 0.1266070125
6 0.548126569140625 0.3584827784722222 0.004801108593749959 0.019915709722222234