2 0.553548298046875 0.4171969638888888 0.023389364843750027 0.10533876666666665
2 0.5340018699218749 0.41592828194444437 0.029737111718749976 0.08062482222222221
2 0.47207534375 0.40125754722222223 0.013253973437499945 0.023562619444444426
2 0.48610896210937504 0.3984854722222222 0.014813263281250055 0.023562619444444502
2 0.496244353515625 0.39779245347222214 0.008576100781249974 0.01940450972222223
2 0.505600099609375 0.3998715090277778 0.01793184765625 0.02910676527777775
2 0.4518045613281251 0.4026435819444444 0.04443979296874998 0.07068785833333327
2 0.237791874609375 0.4123458354166667 0.11538753359375002 0.12335724305555561
2 0.320044473828125 0.40472263541666664 0.024169010156249993 0.033264873611111134
9 0.59370003984375 0.4185830013888889 0.07718490312499995 0.1386036444444444
9 0.52314212421875 0.3915552895833333 0.01559290937499993 0.029106762499999977
6 0.5083288593749999 0.2882955770833333 0.00779645468750001 0.02772072916666666
6 0.38436522734375 0.30146292152777776 0.007796456250000005 0.020790545833333358
6 0.5909712804687499 0.31809535972222225 0.009355746875000025 0.03465091111111111
7 0.6385296558593749 0.24186335625 0.015592910156250018 0.026334693055555566
7 0.6408685929687501 0.26473295902777777 0.018711492187499967 0.016632437499999972
7 0.53639609609375 0.2938397208333333 0.029626528125000016 0.019404511111111074
7 0.43309306953124993 0.3575973972222222 0.007016809374999955 0.013860366666666677
4 0.7921198171875 0.4303643104166667 0.026507946874999976 0.11781309583333331
4 0.7239008371093749 0.40610867152777785 0.019491136718750024 0.06930181805555556
4 0.654902211328125 0.4116528180555556 0.01091503671874996 0.04989731111111118
2 0.698952181640625 0.42135507222222224 0.03508404765624995 0.05266938333333337
7 0.9726077484375001 0.026681375 0.05379553906249992 0.05197602222222221
4 0.58816745234375 0.43855962152777783 0.028081684375000027 0.12688760972222224