2 0.49266619101562503 0.4702603506944445 0.026392161718750008 0.0319905013888889
2 0.5472499824218751 0.47559210138888897 0.01559536796874994 0.02132699999999998
2 0.56524463984375 0.47239305 0.020393945312499984 0.027725097222222276
2 0.582639473046875 0.4681276506944444 0.014395725781250058 0.040521298611111055
2 0.5928364449218749 0.47345940208333337 0.015595367968750029 0.05118480138888886
2 0.21674812812499997 0.5075826013888889 0.12476295156249999 0.10236959999999995
2 0.749389955859375 0.45426510277777776 0.059982188281249994 0.06398099722222225
2 0.466274028515625 0.48412290069444447 0.04078788671875007 0.059715601388888866
2 0.6174291421875 0.47879115208333334 0.05038503750000008 0.07037909861111112
2 0.34511001015625 0.5385067520833333 0.11996437499999998 0.12156390138888887
2 0.10837406484375 0.6547389041666667 0.2167481296875 0.46492859999999997
2 0.866604175 0.4557768236111111 0.048740392187499995 0.07971761944444451
2 0.8276118609375 0.4557768236111111 0.08383347499999996 0.07971761944444451
2 0.7969054140625 0.4566433194444444 0.05556404687500009 0.07798462777777779