2 0.590134025390625 0.5124165840277778 0.013875613281249954 0.020182709722222192
2 0.574996991796875 0.5180228930555556 0.021444128906249915 0.03139532777777774
2 0.56049066953125 0.5202654145833334 0.022705548437499966 0.03588037083333333
2 0.533370153515625 0.5213866763888889 0.03910400078125002 0.06503317500000003
2 0.48417479765625 0.5269929840277778 0.0769465828125 0.12109626250000005
2 0.464622798828125 0.5505394784722223 0.05297961328124998 0.10091354861111113
2 0.40344395820312506 0.5550245270833334 0.11226632578125004 0.1726742958333334
2 0.267210664453125 0.5774497583333333 0.24849961796875003 0.27134532222222213
2 0.11451885937499999 0.6822076374999999 0.22903771874999998 0.3520761638888889
2 0.61133789296875 0.5103342423611111 0.013875612499999957 0.02691028194444445
2 0.62521350546875 0.5125767680555555 0.008829934375000015 0.02691028055555557
2 0.6346741515625001 0.5103342423611111 0.012614193749999992 0.02691028194444445
2 0.6479190546875 0.5103342423611111 0.02396696875000002 0.04485046527777775
2 0.6605332484375 0.5215468604166666 0.0214441296875 0.053820562500000016
2 0.6756702808593751 0.5282744291666666 0.034058322656249994 0.06279065555555555
2 0.741894798046875 0.5361232618055556 0.1236190976562499 0.1323088791666667
2 0.795505121484375 0.5843375145833333 0.1324490351562501 0.14352149305555553
2 0.9109249941406251 0.6392793354166666 0.17659871328124996 0.271345323611111