7 0.566183713671875 0.45736762430555555 0.02167820546875001 0.029471023611111175
7 0.50242428671875 0.48343814583333333 0.01912782812499998 0.011335008333333323
7 0.59615064453125 0.4970401569444445 0.010839103125000004 0.011335008333333323
2 0.606352152734375 0.5202769256944445 0.016577450781249947 0.028337523611111158
2 0.5416363343749999 0.5231106777777778 0.013389479687500039 0.015869011111111084
2 0.5314348253906249 0.52594443125 0.015939855468749986 0.03287152916666661
2 0.5767040191406251 0.5231106784722223 0.018490233593750016 0.029471023611111095
2 0.4708633703125 0.5304784340277777 0.01338947968749995 0.012468509722222226
2 0.40742273984375005 0.5372794402777777 0.008926320312499935 0.01700251388888895
2 0.42527537929687503 0.5316119354166667 0.029329336718749932 0.021536518055555516
2 0.33696857265625 0.5452139458333333 0.013389479687500039 0.023803519444444435
2 0.35769038671875003 0.5412466930555556 0.034430090625 0.02947102499999998
2 0.31879713593750003 0.5480476986111111 0.026778959374999987 0.027204022222222176
2 0.27830989921875 0.5480476993055555 0.06439702031249998 0.03853903194444446
2 0.23108237968749998 0.5532294319444445 0.020403015625 0.012468511111111111
2 0.16285979296875 0.5554964340277777 0.06503461562499999 0.04647353749999997
2 0.046681008593750004 0.5627022486111112 0.09336201718750001 0.061209049999999994
9 0.207172594921875 0.5303974902777777 0.09755192421874999 0.057808547222222256
9 0.38647322109375 0.5264302361111111 0.03060452499999995 0.03400502777777774
9 0.4706356648437501 0.5150952263888888 0.03825565625000005 0.03627202777777778
9 0.652851003515625 0.503193467361111 0.027416553906249953 0.06007554861111109
1 0.7374840546875 0.46926938472222224 0.14027074062500003 0.22443318333333329
2 0.9104846210937498 0.5775187229166666 0.17661361406249992 0.2686397208333333
2 0.5146262445312499 0.5287781833333333 0.03060452500000004 0.04420653611111105
2 0.6309871992187499 0.5214104263888889 0.041443626562500044 0.0498740388888889
2 0.395396115625 0.5395464416666667 0.01530226250000002 0.015869013888888932