2 0.0846649625 0.5675995006944444 0.169329925 0.17731961527777784
2 0.911101047265625 0.6634758083333333 0.17396909921874998 0.31958768055555553
2 0.624549071875 0.5108984638888889 0.12873713437500003 0.15051548888888888
2 0.20354384804687503 0.5367698451388889 0.06378867109375001 0.06048111527777785
2 0.2684923125 0.5388316986111111 0.052190731249999976 0.06048111388888889
2 0.317203660546875 0.5274915 0.03827320234374998 0.04742268888888882
2 0.358376346875 0.51202758125 0.030154643749999988 0.04123712083333331
2 0.38795109453125 0.5048110854166666 0.03131443750000003 0.03092784027777782
2 0.41327327656250007 0.49347087708333326 0.02319587968749994 0.03711340694444445
2 0.561147011328125 0.5116839430555555 0.04059279140625005 0.0969072305555555
2 0.5309923671875 0.49725095069444447 0.03363402500000001 0.07216496250000001
2 0.5012243156249999 0.4965636604166666 0.025902078125000026 0.04467355694444445
6 0.45560575703125006 0.46735404375 0.01043814531249998 0.02061855972222225
6 0.43492275156249993 0.4645067020833333 0.011597940624999924 0.02061856249999994