2 0.4666178253906249 0.5149125312499999 0.08342206640625002 0.15939418749999995
7 0.5141762 0.4449176923611112 0.017931846875 0.030492801388888876
7 0.521806259765625 0.48698902916666664 0.012069536718750041 0.040600608333333336
7 0.281452021484375 0.46432220277777775 0.015592908593749977 0.03880901944444446
7 0.266837312109375 0.45643288472222215 0.015086919531249965 0.05458765555555555
2 0.15420006718749998 0.5051324319444443 0.07138790625 0.06973509722222222
2 0.0327451109375 0.4948150041666666 0.045219437499999994 0.022176583333333375
2 0.109540191015625 0.5003591500000001 0.03196546484375 0.022176583333333375
2 0.189843676953125 0.5045172597222223 0.016372555468750005 0.024948658333333325
2 0.232274598046875 0.5043567118055555 0.020390296093750003 0.025269751388888928
9 0.30220726601562503 0.5141700340277778 0.02279899609374998 0.03059175972222224
2 0.27950290859375004 0.5135264958333333 0.013253973437499988 0.015246399999999957