6 0.64867922890625 0.11905981944444445 0.027551032812500063 0.12091842222222221
6 0.680904099609375 0.1236516576388889 0.032716850781249994 0.11785719583333333
7 0.586996911328125 0.20608609166666664 0.03013394140624994 0.10561229166666668
7 0.500100446484375 0.4181853194444445 0.04304848828125003 0.029081644444444443
7 0.5065577203125 0.4526241118055555 0.019802304687499994 0.0397959375
6 0.474701838671875 0.5143952770833333 0.02324618359374995 0.04744900138888886
6 0.508402664453125 0.5207363875000001 0.007748727343749984 0.04438777500000002
2 0.8725928667968749 0.7063778680555555 0.022385214843749956 0.042857161111111076
2 0.93199978046875 0.714030932638889 0.015497456249999963 0.04285716249999996
2 0.953954509765625 0.713265626388889 0.026690063281250075 0.05357145277777783
2 0.838584559765625 0.6964288833333333 0.016358424218750046 0.05663267777777779
2 0.8179212855468749 0.7002554166666667 0.03874363984375 0.08571432500000001
2 0.08222261328125 0.6114798666666666 0.1644452265625 0.2081633583333333
2 0.28239808632812496 0.6528064159722221 0.31167105859375 0.21122458472222225
2 0.7942446164062501 0.7178574645833333 0.07920921875000006 0.10867351805555549
2 0.9044487472656251 0.7079084812499999 0.04477042734375001 0.07040819583333338
2 0.9836579667968749 0.7186227722222223 0.029272971093749867 0.08877555000000004
7 0.7615277652343749 0.59387781875 0.010331636718750037 0.016836743055555558
7 0.78993976796875 0.6306125291666667 0.010331637499999945 0.019897969444444483