6 0.480177794921875 0.37184284652777777 0.026675261718749965 0.09278352083333334
6 0.5254097621093751 0.38524490902777775 0.017396910156249935 0.07010310416666665
6 0.51149223359375 0.4924614222222222 0.026675262500000053 0.049484544444444445
7 0.526569555078125 0.4532861590277777 0.054510317968749965 0.016494848611111085
2 0.243556741796875 0.6367698513888889 0.05567011328125 0.07216495833333335
9 0.02899484921875 0.6573884138888889 0.025515467187499995 0.04742268888888882
6 0.0504741171875 0.5873067972222222 0.006958765624999997 0.02061856111111106
2 0.28011333085937495 0.656378975 0.08350516796874996 0.08453609722222216
2 0.13339938671875 0.6708119673611111 0.19832477500000004 0.2701031375000001
2 0.9093015765625001 0.6976160937499999 0.1774484828124999 0.22886601527777775
4 0.528889141796875 0.6398841256944444 0.03363402578125001 0.1670103347222222
4 0.419238134765625 0.6374997770833334 0.02003905546875 0.08249997083333338