2 0.16406471914062498 0.6226238187500001 0.09150749296875 0.07769790416666669
2 0.49936456171875 0.6116975506944444 0.03277880312499999 0.050989248611111135
9 0.243280160546875 0.6092694909722223 0.06965495703124999 0.07526984583333338
2 0.40102815156249993 0.6080554611111111 0.024584101562499995 0.03399283333333329
9 0.42424647070312493 0.6049336826388889 0.02731566953125002 0.0388489513888889
2 0.531460473828125 0.6092694902777778 0.02048675234375006 0.031564772222222204
2 0.54716698359375 0.6141256097222222 0.013657834374999922 0.016996416666666646
2 0.7424740203125 0.637192175 0.12565207968749997 0.08255402222222222
7 0.597700972265625 0.54613994375 0.01365783515625001 0.03156477361111109
9 0.6050049 0.6202513006944445 0.04989731093750001 0.08732029583333333
2 0.5734292578125 0.6264884645833334 0.013253973437500033 0.05544145694444443