7 0.7320806921875 0.22962140416666665 0.04094192968749999 0.07451864444444445
7 0.8841507164062499 0.3188704770833333 0.033143467187499984 0.048523768055555534
7 0.911445336328125 0.23048789930555552 0.03704269765625003 0.04505778472222224
7 0.28074466015625 0.41071903750000005 0.0116976953125 0.02426188055555553
6 0.303165239453125 0.38125817986111105 0.009748077343749984 0.038125818055555524
6 0.6063304792968751 0.2590822631944444 0.017546541406249984 0.06758667638888889
6 0.651171641015625 0.46964075625 0.007798463281250001 0.017329918055555518
6 0.6311880796875 0.5181645270833334 0.008773270312499993 0.01732991527777775
6 0.31583774218749994 0.38039168402777773 0.011697693750000005 0.03639282638888888
6 0.622902213671875 0.2660142298611111 0.013647310156250026 0.05718872638888889
6 0.58975874765625 0.26688072430555554 0.015596926562500002 0.06238769861111114
6 0.9051090851562499 0.3951221138888889 0.02631981250000006 0.0589217194444445
6 0.8680663867187499 0.4003210881944445 0.03996712187500009 0.06585368472222221
6 0.6380117343749999 0.4731067409722223 0.010722884374999974 0.031193851388888937
6 0.638499139453125 0.5181645263888888 0.005848846093750026 0.02079590000000001
5 0.8017794531250001 0.5883506909722223 0.045815968750000116 0.15077027916666666
0 0.799829837890625 0.627343004861111 0.06921135703125003 0.11091147083333336
2 0.35677967187500004 0.6585368555555555 0.323636203125 0.5614893194444445
4 0.190087530078125 0.6022146263888889 0.015596925781250003 0.07105266111111111
2 0.062387701562499995 0.612612575 0.12477540312499999 0.10224651111111108
2 0.12282578750000002 0.6100130888888889 0.09358155312500001 0.06238770555555557
2 0.49910161640625006 0.5944161625000001 0.027294618749999965 0.08664958611111118
2 0.523959217578125 0.5831517159722222 0.022420580468750017 0.06412069305555555
2 0.879276676953125 0.5857512041666666 0.12477540390624994 0.06585368611111109
2 0.8290740722656251 0.5684212861111111 0.12575021171875003 0.07625163611111105