7 0.48964731992187505 0.4335719826388889 0.015440153906250042 0.028696854166666695
7 0.6384342515625001 0.45852576458333333 0.015440153124999956 0.028696851388888927
2 0.12259276640625001 0.4366912041666667 0.03368760625 0.024953783333333333
2 0.0188359625 0.4323242923611111 0.037671925 0.031192229166666703
2 0.5397108484375 0.4703788104166667 0.005614600000000003 0.01247689027777778
2 0.54778183828125 0.4747457222222222 0.007720076562499933 0.016219955555555603
2 0.604044821875 0.4878464604166666 0.015440153125000045 0.02245840694444444
2 0.7204308304687499 0.49782797222222225 0.042811334374999975 0.052402944444444446
2 0.667443031640625 0.4972041263888889 0.028073005468750002 0.03618298055555553
2 0.6435809765625 0.49408490555555556 0.0224584046875 0.03493529722222222
2 0.749549259765625 0.49466975972222227 0.022458405468749998 0.037430675
2 0.775165878515625 0.49466975902777777 0.038600385156250014 0.04242142916666667
2 0.81060804765625 0.5034035840277777 0.046320459374999956 0.04242143194444444
2 0.8709650109375001 0.5009082041666667 0.08000806718749995 0.042421427777777784
2 0.56096883359375 0.49470875 0.03158213124999998 0.05115525555555559
6 0.5325449152343751 0.44292965 0.005614602343749997 0.012476891666666667
2 0.9643223625000001 0.5051061534722223 0.07018251406249991 0.05864139027777774