7 0.909579229296875 0.37570788402777777 0.0472818820312499 0.05349061250000003
6 0.713287779296875 0.4037267777777777 0.012895058593749998 0.053490613888888955
6 0.758420484765625 0.5438212437500001 0.011462274218749968 0.043301926388888905
6 0.90098252265625 0.49287780208333337 0.021491764062499995 0.022924548611111106
4 0.868028483984375 0.65207605625 0.021491764843750084 0.1171699152777778
6 0.48189311367187493 0.45212304722222224 0.008596705468749999 0.03311323611111116
6 0.518429113671875 0.5603778604166667 0.00716392109374997 0.020377376388888833
6 0.6079781332031249 0.5654722055555556 0.008596707031249994 0.020377377777777796
6 0.6280371125 0.57056655 0.008596706249999997 0.030566066666666655
4 0.08931021445312501 0.5845759958333333 0.031521253906250005 0.12990577499999997
4 0.33899918046875 0.6117777354166667 0.0208279734375 0.1129884375
4 0.799254837890625 0.6342458527777778 0.015760627343750055 0.07132081944444447
6 0.47114723164062494 0.4508494611111112 0.012895058593749998 0.04075475277777774
2 0.2606745640625 0.6290277958333333 0.1530146703125 0.14576401666666672
2 0.58648636796875 0.5934910993055555 0.017193412499999994 0.015283031944444442
2 0.595799466015625 0.6164156479166667 0.015760627343749965 0.04075475416666663
2 0.61800762265625 0.6215099916666667 0.03438682343749999 0.06113213055555554
2 0.650245269140625 0.6164156486111111 0.035819607031249937 0.06113213055555562
2 0.5556815054687501 0.6266043361111111 0.07307199999999998 0.09679253888888889
6 0.91863851640625 0.5509884145833334 0.010954654687499853 0.021975859722222265
2 0.49908652539062504 0.6024062013888889 0.02579011796874999 0.03820758055555555
6 0.265108312109375 0.49896144236111106 0.02396696796875002 0.024667756944444442
6 0.38511133945312503 0.5424664159722222 0.01387561328125 0.020182709722222192
4 0.42661202929687503 0.5974082375 0.007568516406249959 0.02691028055555557
7 0.9051945531250001 0.5148833548611111 0.027751226562499908 0.017940187500000034
7 0.907717391796875 0.5429148965277777 0.017659871093750112 0.020182709722222192
6 0.764798591796875 0.5700494256944444 0.013875613281249954 0.017940187499999954
4 0.40806916875 0.6032387777777777 0.006307096874999996 0.04485046666666671