7 0.33013682890625 0.2945292402777778 0.012085546874999986 0.023275866666666704
6 0.39157168945312504 0.20769235208333336 0.00805703203124999 0.028647220833333344
6 0.10806491445312498 0.1862069340277778 0.011078416406250003 0.0358090236111111
6 0.008862721484374999 0.23275867083333338 0.00805703203125 0.02864722222222223
6 0.260141371484375 0.22649208888888886 0.007049902343749981 0.01969496388888889
6 0.095979368359375 0.18441648541666666 0.01107841796875001 0.03938992638888887
6 0.185613837109375 0.2614058909722222 0.007049902343750003 0.01790451250000002
6 0.21431700898437497 0.2685676979166667 0.008057032031250033 0.01790451250000002
6 0.159428486328125 0.27662472569444446 0.007049902343750003 0.0161140625
7 0.17755680507812502 0.28289130625 0.009064158593749982 0.021485415277777795
7 0.157414227734375 0.29005311180555554 0.00906416015625 0.014323609722222248
7 0.21431700898437497 0.2811008569444444 0.008057032031250033 0.014323611111111094
7 0.096482933203125 0.2784151777777778 0.012085547656249996 0.03401857222222222
7 0.1100791734375 0.2667772451388889 0.013092676562499994 0.010742706944444435
2 0.3850253515625 0.36435684166666665 0.06747763437500001 0.07698940555555554
2 0.004934925390625 0.3187003326388889 0.00986985078125 0.04297083194444444
7 0.016001571875 0.19148423611111112 0.0105468671875 0.035156225000000006