6 0.49240688828124995 0.3185823576388889 0.009228509375000016 0.021093734722222222
6 0.51415980234375 0.2881136291666667 0.01054686718750002 0.025781233333333337
6 0.40869112539062497 0.30451986666666664 0.010546867968750017 0.016406238888888876
6 0.433739936328125 0.28576987986111113 0.010546867968749929 0.021093734722222222
6 0.46472135976562506 0.2904573777777778 0.009228508593750018 0.021093736111111146
6 0.4416500871093749 0.31757790625 0.007910150781250014 0.02578123194444441
7 0.3816647765625 0.2924997972222222 0.019775376562500037 0.023437483333333335
7 0.5655757828125 0.22218734583333336 0.031640603125000055 0.03281247777777779
7 0.564257424609375 0.2549998229166667 0.015820302343750026 0.0374999736111111
7 0.528661745703125 0.28664042638888887 0.013183583593750025 0.021093736111111108
7 0.56030234921875 0.31171853541666666 0.013183584375000024 0.018749987499999992
7 0.52976039140625 0.31640603125 0.009228509375000016 0.01874998750000003
2 0.029663066015625 0.32968727430555556 0.030322244531249997 0.02812498194444445
2 0.08635247968750001 0.3261716520833333 0.040869112500000006 0.03046872916666668
2 0.1773192140625 0.32499977708333333 0.027685528125000004 0.018749987499999992
2 0.47658658671875004 0.3265622722222222 0.009228509375000016 0.018749986111111106
2 0.485155916796875 0.3265622722222222 0.007910150781249925 0.018749986111111106
2 0.468676435546875 0.3386716416666667 0.009228508593750018 0.028124980555555526
2 0.445605162890625 0.33984351597222223 0.010546867968750017 0.021093737500000032
2 0.517785288671875 0.3316403965277778 0.011865225781250021 0.018749987499999992
2 0.41066866328125 0.322499775 0.014501943750000024 0.023437483333333297
2 0.45615203007812505 0.3417185138888889 0.013183585156250021 0.028124980555555564
2 0.25592148789062497 0.32143550694444445 0.019335935156250005 0.01562499722222219
2 0.30865585625 0.3151855069444444 0.024609371875000008 0.02187499722222219
2 0.362269130859375 0.32846675625 0.01582031015624996 0.014062498611111115