2 0.34556938085937505 0.5398269243055555 0.03606789140625 0.05025675972222222
2 0.333871687109375 0.5103660625 0.028269427343749997 0.029460858333333326
2 0.398696409375 0.49823512152777777 0.023395387499999965 0.015596926388888871
2 0.45864709140625 0.4991016173611112 0.016571732812499997 0.020795901388888892
2 0.42891545195312497 0.4982351222222222 0.025345003906249986 0.019062911111111053
2 0.36652774921875003 0.49736862569444446 0.011697693750000005 0.017329918055555518
2 0.48935353828125 0.49650212986111114 0.019496156249999962 0.015596926388888871
7 0.46059670781249995 0.4765727243055556 0.02047096562500004 0.017329918055555518
6 0.331434667578125 0.4497113520833333 0.0038992320312499994 0.019062906944444395
6 0.40649487187499994 0.4497113520833333 0.005848846875000024 0.019062906944444395
2 0.5507664328125 0.5155650381944444 0.044841160937500034 0.025994876388888834
2 0.51079931171875 0.5190310222222222 0.027294620312500052 0.01906290833333328