7 0.057529862890625005 0.3942184722222223 0.017138660156249996 0.028124980555555526
7 0.059507401562500006 0.42468720000000004 0.015820301562499993 0.023437483333333377
7 0.06148493828125 0.45164030763888896 0.014501943750000001 0.02578123194444441
7 0.18343309726562498 0.40945283680555555 0.05800777265624999 0.11953116805555557
7 0.2862650578125 0.3063279090277778 0.03427732031250001 0.03046872916666664
7 0.331748425390625 0.3871872270833333 0.017138660156249985 0.03281247638888887
7 0.465561809375 0.36257786875 0.0500976203125 0.06796870416666663
7 0.8670019636718749 0.47859341458333327 0.019775377343749945 0.046874968055555556
7 0.006682427734375 0.3719528631944444 0.01336485546875 0.035156226388888906
7 0.00734160703125 0.4106247097222223 0.0146832140625 0.042187469444444445
5 0.7378028335937501 0.5020308965277778 0.05932613125000001 0.20624985694444448
3 0.7463721640625 0.5606246083333334 0.031640603124999965 0.1078124277777778
2 0.30735879453125003 0.4598434270833333 0.03427732031250001 0.037499973611111174