7 0.251987828125 0.33308100486111114 0.026319812499999973 0.038125818055555566
7 0.284643891796875 0.4370605083333333 0.011697694531250002 0.013863933333333339
6 0.42306660546875 0.44225948263888887 0.007798464062499999 0.020795898611111044
6 0.50933709921875 0.37553930208333336 0.006823654687500014 0.02252889305555554
2 0.45036122382812493 0.4786523090277778 0.013647310156250026 0.03812581805555561
2 0.43427689492187493 0.4795188055555556 0.028269427343750042 0.046790777777777806
2 0.41478073828125 0.4873172673611111 0.03411827500000002 0.07278565416666664
2 0.5371191230468749 0.4829847868055555 0.021445772656249938 0.0398588069444444
2 0.720870403125 0.45265743333333336 0.041916737500000065 0.03465983611111112
2 0.692113570703125 0.4578564097222222 0.06238770234374993 0.03465983611111112
2 0.646785005859375 0.45698991319444443 0.028269427343750042 0.02252889305555562
2 0.6311880808593751 0.4691208548611111 0.030219044531250017 0.025994876388888914
2 0.34264495820312496 0.47691931736111115 0.02631981171875002 0.031193851388888857
2 0.24223974882812502 0.4855842763888889 0.03411827421875002 0.03119384999999997
2 0.122338383984375 0.5020476979166666 0.04971520078125001 0.04332479305555555
2 0.06141289414062499 0.5176446222222222 0.10527924765625 0.09184856111111112
2 0.164742526171875 0.48818376388888884 0.056538855468749996 0.08491659444444445
2 0.02095836875 0.52371009375 0.0419167375 0.08318360138888883
2 0.38017505937499996 0.5063801770833334 0.07798462812499998 0.10397950416666661
9 0.492277962109375 0.4681314104166666 0.08188385859375007 0.1527491708333333