7 0.406733799609375 0.32026363263888885 0.011425780468750002 0.020312495833333305
7 0.6370072066406249 0.24135739027777778 0.020214841406250007 0.03437499444444446
7 0.6392044730468751 0.2772948868055556 0.019335935156250005 0.021874998611111116
7 0.44672402812499995 0.3179198819444444 0.008789060937500004 0.03124999722222219
2 0.4476029347656249 0.366357375 0.021093747656250005 0.03124999722222223
2 0.43002481171875007 0.38198237430555554 0.02285155937499992 0.06249999583333334
2 0.417280672265625 0.39448237291666666 0.03076171484374992 0.0781249902777778
2 0.396626378125 0.39916987083333333 0.03867186875000006 0.10937498611111114
2 0.323677168359375 0.4085448715277778 0.13710935703125 0.1749999791666667
2 0.4801224613281249 0.38041987430555557 0.03515624453125001 0.049999993055555574
2 0.5117630824218751 0.37338862638888887 0.010546872656250006 0.04218749444444446
2 0.5240677683593751 0.374951125 0.022851560156250006 0.05156249444444446
2 0.540327533203125 0.386669875 0.043066400781250014 0.053124994444444455
4 0.5552689363281249 0.34995112777777776 0.009667966406250006 0.02968749722222223
2 0.6123978359375 0.41479486944444444 0.10986326875000003 0.1499999805555556