2 0.25283509296875 0.38350521597222226 0.0208762921875 0.03092784027777774
2 0.226739727734375 0.38969078541666674 0.017396908593750027 0.04742268750000002
4 0.21340209648437497 0.3958763527777778 0.013917527343750003 0.05567011388888893
2 0.2974871625 0.3855670736111111 0.019716498437500007 0.018556705555555515
2 0.3183634546875 0.39072171250000004 0.022036085937499995 0.02886598333333331
2 0.35083768671875004 0.4000000659722222 0.022036085937499995 0.03092784027777782
2 0.363015523828125 0.4072165611111111 0.025515467968750018 0.032989697222222246
2 0.372293875390625 0.40927841875 0.02319588046875003 0.03298969861111113
2 0.387371198046875 0.4164949138888889 0.025515467968750018 0.03917526388888888
2 0.406507799609375 0.42164955416666666 0.015077322656249992 0.02886598333333331
2 0.42796398867187496 0.4175258416666667 0.034793821093750045 0.049484544444444445
2 0.53872431484375 0.44432997013888886 0.024355673437499982 0.07422681527777779
4 0.27429128203125 0.40721656180555554 0.01275773281250001 0.057731968055555506
4 0.28240983984375 0.4082474902777778 0.012757734375000006 0.059793825000000016
6 0.32822170351562496 0.2309278736111111 0.006958764843749998 0.03917526388888888
6 0.336340261328125 0.23298972847222224 0.009278350781250033 0.04329897361111112
6 0.505090289453125 0.28556705694444445 0.008118558593749992 0.032989697222222246
6 0.5155284363281251 0.28556705833333335 0.010438146093750067 0.04123712222222219
7 0.17512889453125 0.28865984166666664 0.027835054687500006 0.014432991666666695
7 0.608311955859375 0.3773196506944444 0.01739691015625002 0.01443299027777777
7 0.616430514453125 0.3536083048611111 0.017396908593750027 0.012371137499999957
6 0.610051646484375 0.40412377916666664 0.006958764843749954 0.01855670555555559
2 0.7248712539062501 0.4752578118055556 0.105541253125 0.0824742402777778
4 0.69529650703125 0.45463925 0.010438146874999976 0.024742272222222222
7 0.7614047656249999 0.3525773770833333 0.01855670468749997 0.018556701388888857
7 0.757925382421875 0.3701031534722222 0.02783505703125 0.02061855972222225
7 0.9794460375 0.3216495388888889 0.030154643750000078 0.030927838888888892
7 0.8907217968750001 0.3731959375 0.015077323437500035 0.014432991666666655
6 0.8930413843749999 0.3484536645833333 0.005798970312500096 0.03092784027777782
6 0.8744846804687502 0.43402069027777784 0.008118557812499993 0.02061856111111106
7 0.9284151015625 0.4639176013888889 0.006958764062500044 0.018556705555555515
2 0.965528509765625 0.5134021472222222 0.06726805234374993 0.07216495833333335
2 0.958569745703125 0.5752578277777778 0.07886599296875012 0.1340206416666667
2 0.817654773828125 0.5123712187499999 0.1890464226562501 0.16082476805555557
2 0.47957482226562503 0.44948460902777776 0.11597940078124998 0.16288662638888887