7 0.503337365234375 0.19137147569444446 0.03627217421875004 0.05408324305555556
7 0.61332396171875 0.24025440763888892 0.024571474999999943 0.04368262083333335
7 0.624439628125 0.28705721319444444 0.023401403125000008 0.04576274305555555
7 0.46648015546875 0.37442245277777775 0.00936056093750004 0.02080124722222223
6 0.3705344015625 0.16120966736111111 0.011700701562500004 0.05616336805555555
6 0.327241805859375 0.4097845736111111 0.00468028046875002 0.02080124722222223
7 0.27517368359375 0.3889833256944445 0.0058503515625 0.016640995833333328
7 0.273418577734375 0.4347460708333334 0.02340140234375001 0.012480747222222198
2 0.331922086328125 0.4805088138888889 0.009360561718749993 0.02912174722222226
2 0.38399020859375 0.4524271305555555 0.010530631250000023 0.0228813722222222
2 0.3851602796875 0.47426844027777776 0.015210912499999996 0.024961494444444395
2 0.32724180546875 0.4815488777777778 0.009360560937499995 0.03952236944444441
2 0.32139145390625 0.4825889395833334 0.014040842187500013 0.04160249305555557
2 0.273418578125 0.47738862916666674 0.016380981249999982 0.05200311666666669
2 0.25996277109375 0.4836290034722222 0.022231332812499983 0.06448386527777777
2 0.2465069640625 0.4825889395833334 0.030421824999999993 0.07488449027777777
2 0.21608513984375 0.4929895638888889 0.06318378906250002 0.08736523888888893
2 0.14178568359375 0.5033901868055556 0.0924355421875 0.12064723472222225
2 0.29916012070312503 0.457627442361111 0.032761964843750005 0.03744224583333333
2 0.298575086328125 0.4909094388888889 0.043292596093750024 0.06656399166666663
2 0.35181327890625 0.4794687520833334 0.03510210468749997 0.06032361527777784
9 0.085622316015625 0.5397923694444444 0.14391863046875 0.14768885833333334
9 0.357663630078125 0.44514669375000004 0.039782386718749986 0.09568574027777778
5 0.1768877890625 0.5366721833333332 0.0479728765625 0.0998459888888889
4 0.533174155078125 0.4607476298611111 0.01404084140625006 0.05616336805555559
4 0.8081406445312499 0.4316258840277778 0.030421824999999993 0.13936835694444444