6 0.443149715625 0.7453119875 0.005273434375000008 0.018749986111111148
6 0.5782814589843751 0.7382807437500001 0.003955075781250006 0.018749990277777802
6 0.6092628828125 0.7523432340277777 0.00263671875 0.018749990277777802
2 0.42996613124999994 0.8027338229166667 0.013183584374999936 0.02109373472222226
2 0.40096224453125 0.8097650666666667 0.01318358593750002 0.021093733333333375
2 0.38052768867187503 0.8074213187499999 0.01977537734374999 0.01640623750000003
2 0.26253460546875 0.827343179861111 0.11865226249999998 0.13124990972222214
5 0.420737621484375 0.8226556847222223 0.010546867968750017 0.04218747222222229
3 0.420078441796875 0.833166438888889 0.009228508593750018 0.035228452777777856
2 0.498520772265625 0.786113725 0.10283196015625 0.2465213
7 0.8433156921875 0.17178652986111112 0.10346234218749997 0.16311044305555555
7 0.8740615769531249 0.34010262500000005 0.10639052109375005 0.17352174722222224