7 0.321158677734375 0.3489724298611111 0.034016807031250006 0.01422925138888888
6 0.347671777734375 0.41442698194444444 0.007003460156249997 0.035573133333333354
6 0.39469501171875 0.3441700472222222 0.00900444843749999 0.03023716111111112
6 0.38669105625 0.33972340763888886 0.00900444843749999 0.028458506944444413
6 0.40069797695312503 0.34239139166666666 0.007003461718749993 0.03023716111111108
6 0.6027978308593751 0.3521740034722222 0.005002472656250046 0.02845850416666664
6 0.5967948636718751 0.35306333194444445 0.009004447656249947 0.03023716111111112
6 0.74686901328125 0.40731235486111106 0.015007414062499969 0.021343879166666666
7 0.686839353125 0.3948617604166666 0.009004448437500034 0.007114626388888942
7 0.668330208984375 0.42065228055555554 0.01400692109374999 0.026679849999999936
7 0.9563725480468751 0.2890316930555556 0.023011369531249846 0.03735178611111113
7 0.9568727953125 0.33616609305555556 0.02401186406249991 0.053359697222222224
4 0.9843863898437499 0.4634147083333333 0.02901433437499996 0.03720244722222219
7 0.6066997527343749 0.42687757847222224 0.010004942968750008 0.010671940277777816
7 0.606799807421875 0.40820168194444445 0.005002471093750049 0.016007908333333317
2 0.467731096875 0.4751146423611111 0.015007415625000053 0.021770548611111135
2 0.4212081113281251 0.48112660486111114 0.02201087578124996 0.030237162500000005
2 0.34016807070312505 0.47667996180555555 0.022010875781250005 0.04268775694444445
2 0.319157689453125 0.48557324583333333 0.020009886718750015 0.04268775555555556
2 0.304650521875 0.48468391805555555 0.017008403125000005 0.040909100000000045
2 0.5927928871093749 0.45533608472222226 0.007003460156249997 0.03201581666666671
2 0.601297088671875 0.45978272430555556 0.010004942968750008 0.02667984861111113
2 0.613303020703125 0.4615613819444445 0.01400692109374999 0.026679850000000015
2 0.748946138671875 0.4634297694444445 0.05517946171875003 0.06954706944444446
2 0.8328115 0.4998024986111111 0.15007414843749994 0.14229252777777773
2 0.63221235703125 0.48824122986111107 0.05302619843750005 0.08003954583333331
2 0.39859693359375 0.4917985451388889 0.028013840624999987 0.03735178750000006
2 0.444619686328125 0.4775692902777777 0.03201581796875006 0.04090909999999997
2 0.5366651496093751 0.5051384666666667 0.11605734140625001 0.2098814777777778
2 0.6952435 0.5144832583333334 0.11705783437499999 0.16984801666666666
2 0.938363651171875 0.5567195083333333 0.1230608023437501 0.15652177777777776
1 0.17933259296875 0.49652532986111114 0.238538090625 0.21813555138888888