6 0.738155987890625 0.36734710416666666 0.030994911718750018 0.1193878083333333
6 0.096733506640625 0.40637773402777777 0.025829092968749988 0.09336738749999998
6 0.11541776953125 0.3432558895833333 0.012914546874999999 0.04285716249999996
7 0.20323668632812503 0.49266071874999995 0.019802305468750014 0.032142873611111136
6 0.2010842625 0.5600076875 0.029272973437500016 0.09948984166666672
6 0.45808373984374995 0.67174243125 0.011192606250000025 0.02908164583333333
6 0.66643842578125 0.6510791583333333 0.01635842656250004 0.045918388888888884
6 0.53509271484375 0.4660716388888889 0.02066327500000007 0.0872449361111111
6 0.638683040234375 0.6492277298611111 0.020663274218749982 0.05663267916666667
7 0.645570798828125 0.72346245625 0.012053577343749922 0.02448980694444442
7 0.645140313671875 0.7487175694444445 0.011192607031249935 0.022959191666666674
2 0.487082891015625 0.8020411763888889 0.03788266953125001 0.05204083888888881
2 0.529700894140625 0.7989799506944444 0.05424109609374996 0.0459183875
2 0.576623746484375 0.7989799513888889 0.05854594453125008 0.042857163888888924
2 0.6599333312500001 0.7982146444444443 0.149808740625 0.06581635555555544
2 0.815424504296875 0.8150513868055557 0.14206001171875 0.10255106805555556