6 0.27915178281249997 0.38822415069444444 0.006455643750000029 0.019552895833333316
6 0.272386841015625 0.40834177777777775 0.004542861718750002 0.012751888888888945
6 0.528188978125 0.3577592895833333 0.006216545312499999 0.022103273611111064
6 0.458611487890625 0.4168430368055556 0.0033473710937499844 0.01275188749999998
6 0.598690257421875 0.41612815486111115 0.011715796093749998 0.016577454166666665
6 0.5856594218750001 0.3476930222222222 0.006216546874999995 0.02252833333333335
6 0.52146163515625 0.35576921944444445 0.006933839062500002 0.025928838888888903
7 0.55802793984375 0.3744730784722222 0.012911285937500062 0.016577456944444437
7 0.542247479296875 0.4186796256944444 0.008129328906249978 0.019127831944444455
7 0.58827382578125 0.3757482645833333 0.010281209374999989 0.019977956944444486
7 0.592218940625 0.3944510354166667 0.007172935937500036 0.008926320833333376
6 0.583611416796875 0.4288811333333333 0.006694741406249971 0.014027077777777761
4 0.6355222203124999 0.4796835215277778 0.01362858125000006 0.0692852597222222
4 0.57550864765625 0.46863188611111106 0.010759406250000048 0.0446316083333333
4 0.5958319695312501 0.4637436618055556 0.007412035937500061 0.038255665277777795
7 0.47939129101562494 0.42187496180555556 0.005977447656249968 0.00977644583333333
6 0.381241603515625 0.3462137618055556 0.0043037632812499725 0.018277709722222233
6 0.350158875390625 0.42995115763888886 0.0043037632812499725 0.008076195833333345
4 0.33617164882812495 0.4546048083333334 0.010759405468750005 0.05313286666666662
4 0.327444575390625 0.4556674652777778 0.006694741406249971 0.03315490833333333
2 0.35174756875 0.45929212361111116 0.0169759515625 0.0272040277777778
2 0.31791521640625 0.46651819375000003 0.01386767812499996 0.05610830694444439
2 0.2986678359375 0.46758085069444444 0.04471130781250001 0.07863664305555555
2 0.26471593359375 0.4722565444444445 0.058100790624999996 0.10159004166666669
2 0.20362641953125 0.47693223611111113 0.10592036875000002 0.14579658888888883
2 0.47698326757812504 0.4643509013888889 0.006455642968750031 0.018702766666666707
2 0.48021108945312496 0.4630757125 0.00860752421874995 0.021253144444444497
2 0.487742673046875 0.4626506506944444 0.011237600781250023 0.025503776388888927
2 0.49049229843750003 0.46392583888888894 0.007651132812500005 0.02125314722222219
2 0.4964697453125 0.46477596527777776 0.010042110937500048 0.02465365000000001
2 0.505675015625 0.4649884951388889 0.014584971875000009 0.022528334722222276
2 0.5129675015625 0.46838899930555555 0.014824070312500038 0.023378459722222227
2 0.5216945746093751 0.46881406319444446 0.016497755468749986 0.025078712499999985
2 0.620453390234375 0.48320548124999996 0.027405196093749938 0.03552313472222224
2 0.4646696960937501 0.46186125902777775 0.022475203124999954 0.033154909722222216
2 0.11604715234375 0.5275739541666666 0.131982040625 0.1483469638888889
2 0.403814611328125 0.46991793263888887 0.10472488046874995 0.2322775680555555
9 0.35982059609375006 0.427875345138889 0.014345875000000018 0.043781484722222236
9 0.8209426425781249 0.50020101875 0.3574513617187501 0.9965436263888888
2 0.586905665625 0.47819579930555556 0.02295339687500002 0.03230478194444449
7 0.327843076171875 0.4208123055555556 0.005499250781249998 0.01105163611111111