6 0.50509247109375 0.40146407430555553 0.00936056093750004 0.020801245833333346
6 0.53609933046875 0.4451466944444445 0.008190490625000013 0.016640997222222214
2 0.5401945761718749 0.47634856527777775 0.018721122656249988 0.045762744444444475
2 0.5507252074218749 0.4825889402777777 0.02808168359374994 0.058243494444444446
2 0.5723715054687499 0.4867491881944444 0.038612315625000004 0.08736523750000005
2 0.59401780390625 0.5085904993055556 0.05616336874999996 0.09776586250000005
2 0.622099487890625 0.5252314972222222 0.07020421015625003 0.1352081083333333
2 0.695813908203125 0.5491529326388889 0.14274856015625 0.2246534736111111
2 0.84675296015625 0.6271576097222222 0.30421824375 0.33490008333333343
2 0.499827155078125 0.5356321208333333 0.09243554296875 0.13936835833333333
2 0.24617306328125005 0.4733314395833334 0.056914120312500004 0.033264873611111134