2 0.19577623281249998 0.5203121395833333 0.15688465937499999 0.11718741805555552
2 0.33552223203125 0.4910152861111111 0.11997062031250003 0.09609368333333335
2 0.489110991796875 0.4640621805555556 0.08437494140625006 0.06562495555555559
2 0.564257424609375 0.44296844652777784 0.06064448984374993 0.05156246805555556
2 0.636107961328125 0.4225778444444444 0.06459956484375003 0.06328120833333337
2 0.686205582421875 0.40617160208333336 0.04614254609374999 0.04921871527777778
2 0.72839305390625 0.4026559798611111 0.04614254687499999 0.04218747083333333
2 0.763988733984375 0.39328098749999996 0.03295896328125005 0.028124983333333374
2 0.9210546609375001 0.3609372513888889 0.017138659374999855 0.037499972222222254
6 0.9867913140625 0.0691405798611111 0.026367170312500042 0.06562495416666667
7 0.8762304730468748 0.03632810069444445 0.07778315078124987 0.0679687013888889
7 0.8795263683593749 0.0796874451388889 0.07646479140624987 0.07031245138888889
7 0.9210546609375001 0.14882802430555558 0.02768552812499987 0.053906212499999995
6 0.007432241406250001 0.20039048819444447 0.0145019421875 0.07734369583333335
4 0.98394671640625 0.34641540555555556 0.020058979687500055 0.05094344166666668