2 0.41694594531250007 0.46597945902777776 0.019716498437499917 0.026804129166666652
2 0.410567078125 0.46597945625 0.016237115624999986 0.030927837499999968
2 0.39201037421875 0.4711340993055556 0.030154643750000033 0.045360831944444395
2 0.382732021875 0.4742268826388889 0.02551547031250001 0.04329897638888885
2 0.3618557296875 0.4711340993055556 0.02551546874999997 0.053608256944444495
2 0.338659849609375 0.47365102361111106 0.03943299609374997 0.08568781388888888
9 0.29864695742187497 0.4958763708333333 0.08930413828125001 0.1154639361111111
2 0.44942017773437504 0.46597945902777776 0.015077322656250036 0.026804129166666652
2 0.4598583234375 0.4670103854166667 0.017396909374999936 0.032989695833333284
2 0.47493564570312496 0.4711340993055556 0.01739691015625002 0.03711340972222222
2 0.49291245312500004 0.4752578118055556 0.02783505625 0.05360825694444442
2 0.5294459625 0.49690729861111105 0.07074743437500004 0.10103094444444444
6 0.165270645703125 0.045876296527777784 0.03363402578125001 0.09175259305555557
6 0.19716498203125 0.04793815277777778 0.025515468749999992 0.09587630555555555
7 0.09626290195312501 0.09793815833333333 0.03943299609374999 0.06185567777777778
7 0.04697165703125 0.1546392027777778 0.0939433140625 0.03917526666666667
7 0.010438146484374999 0.2525773611111111 0.020876292968749998 0.10309280000000001
7 0.8321521984375 0.23711344027777778 0.023195879687499855 0.02268041666666668
7 0.8019975546874999 0.2556701458333333 0.011597939062499929 0.02268041666666668
7 0.803737246875 0.3061856173611111 0.022036085937499995 0.028865984722222196
6 0.8333119929687498 0.3608248027777778 0.02319587968750003 0.03505155277777779
6 0.80141765859375 0.35979387430555554 0.008118557812499904 0.03711340972222222