6 0.43768872265625003 0.3041400479166667 0.005848846875000024 0.02252889305555558
6 0.519085178125 0.31887047777777777 0.004874039062499946 0.02079590000000001
6 0.59609499765625 0.32146996527777777 0.004874039062500035 0.015596925000000025
4 0.32948505234375 0.3769257006944444 0.007798464062499999 0.019062909722222167
4 0.32071178125 0.37605920416666666 0.007798462500000003 0.017329916666666632
4 0.30950149140625 0.3734597166666666 0.006823656250000009 0.01906290833333336
9 0.48594171132812497 0.3777921965277778 0.032168658593749996 0.05892171805555554
2 0.506900080078125 0.38559065902777784 0.017546541406249984 0.03639282638888888
2 0.58780913125 0.3907896340277778 0.01169769374999996 0.02252889305555562
2 0.593657978125 0.3925226256944444 0.011697693750000049 0.025994876388888914
2 0.578548456640625 0.39685510486111114 0.010722886718749968 0.031193851388888857
2 0.531757680078125 0.38905664236111115 0.032168658593749996 0.04679077638888892
2 0.564413742578125 0.39685510486111103 0.03119385078124992 0.038125818055555524
2 0.614616346875 0.38905664236111115 0.032168659375 0.06065470972222226
2 0.348006401171875 0.38299117152777773 0.03314346640624999 0.051989751388888866
2 0.324123608984375 0.4159180138888888 0.024370196093749998 0.0623877027777778
2 0.28220687109375 0.41158553472222226 0.08285866562500002 0.09184856111111112
2 0.18375127929687501 0.41505151874999996 0.16084329453125 0.13690634583333336
2 0.06921135703125 0.4427793868055555 0.13647309843750002 0.1299743819444444
4 0.08334607070312501 0.3795251881944444 0.020470964843750005 0.038125818055555524
2 0.39528458125 0.43324793194444444 0.13354867500000003 0.1629012222222222
5 0.05410183515625 0.4367139145833333 0.0497152 0.19756105694444442
0 0.0448411609375 0.4878371708333333 0.089682321875 0.1403723305555555
4 0.63801173515625 0.3925226256944444 0.004874039062500035 0.025994876388888914
4 0.64483538984375 0.3925226256944444 0.006823654687500014 0.025994876388888914
4 0.9324037042968749 0.41245203125 0.024370196093749998 0.11091147083333336
4 0.889999562890625 0.39425561805555553 0.015596924218749919 0.08491659444444441
4 0.988942559765625 0.39685510486111114 0.020470964843749863 0.1178434375
1 0.76766117890625 0.3258024451388889 0.2310294593750001 0.46097580138888883
7 0.31535033828125 0.31800398125 0.010722885937500015 0.04332479305555555