6 0.381099323046875 0.5456157395833333 0.004798575781250003 0.019194301388888925
6 0.3954950484375 0.5466820902777778 0.004798575000000005 0.017061600000000017
2 0.367303419921875 0.5584119402777777 0.01319608203125 0.01919429999999996
2 0.35590680429687505 0.5605446416666666 0.011996438281249988 0.027725099999999968
2 0.34630965351562504 0.5616109909722221 0.02159358828125 0.03838860138888889
2 0.326515531640625 0.5658763916666666 0.037188955468749986 0.04691940277777778
2 0.3025226578125 0.5712081409722222 0.046786106249999994 0.07037910416666666
2 0.276730315234375 0.5829379923611111 0.06957933671875001 0.07251180138888884
2 0.402692910546875 0.5616109902777778 0.014395725781250058 0.02132700000000006
2 0.413489704296875 0.5626773409722222 0.016795013281249993 0.027725101388888854
2 0.42728560703124996 0.5573455909722222 0.020393943749999987 0.03838860138888889
2 0.44408061992187503 0.5616109916666667 0.02519251796875004 0.04691940277777778
2 0.45907616640625 0.5701417909722223 0.031190737499999965 0.055450201388888905
2 0.49506547929687506 0.6010659402777777 0.08397506328125007 0.10450229999999996
7 0.42608596367187507 0.5296204902777778 0.008397505468750044 0.017061600000000017
2 0.086780476171875 0.6437199430555555 0.17356095234375 0.22819890277777774
7 0.13037377890625 0.5242887402777777 0.016795012499999994 0.027725099999999968
2 0.941275205859375 0.8196676902777779 0.11744958828125007 0.3582936
2 0.7679844332031249 0.6618478909722223 0.4162763820312499 0.4094784013888889