6 0.525685865625 0.2701632534722222 0.0036729156249999837 0.01305924861111111
6 0.496302551171875 0.26526603680555555 0.003672914843749986 0.016324062500000024
7 0.5742142515624999 0.30844318680555555 0.007070371874999992 0.05370617361111114
2 0.541479409375 0.3067291611111111 0.00642760156250004 0.021221280555555565
2 0.5497434648437499 0.30428054930555554 0.011936970312499984 0.029383315277777752
2 0.553416378515625 0.3050967527777778 0.004591142968750006 0.03101572222222219
2 0.562598665234375 0.3116263805555555 0.011936972656249979 0.034280533333333335
2 0.571321837109375 0.3116263791666667 0.014691657031250038 0.04081015833333331
2 0.577290322265625 0.3140749895833333 0.01560988515624997 0.0359129375
2 0.580963236328125 0.3132587868055556 0.011936971093749981 0.04407497361111111
2 0.589686408984375 0.31244258125 0.016528114843749987 0.045707379166666666
2 0.5139325515625 0.3034643486111111 0.010100514062500033 0.017956469444444463
2 0.617800896484375 0.32071684236111114 0.05325725859374995 0.08162032083333332
2 0.52421670859375 0.30558646944444445 0.013773428124999931 0.019588875000000013
2 0.48519199375 0.3015054541666667 0.0128552 0.017956472222222235
2 0.47417325156249995 0.29742443749999997 0.011018743749999959 0.02285368888888889
2 0.466827421875 0.2990568430555555 0.014691657812500036 0.029383313888888908
2 0.45764513593749995 0.2990568423611111 0.012855201562499996 0.03264812638888889
2 0.45029930625 0.2990568423611111 0.014691656249999952 0.03264812638888889
2 0.43560765 0.2966082326388889 0.03305622968750006 0.040810156944444426
2 0.4007149640625 0.3039540625 0.04407497187500002 0.055501816666666634
2 0.9212307628906249 0.5240343305555555 0.1542624023437499 0.32974608888888884