2 0.584054866796875 0.48437851527777775 0.008802033593750026 0.018493161111111156
2 0.59045634453125 0.4900687180555555 0.015203509375000035 0.018493158333333388
2 0.598458193359375 0.511406979861111 0.02000461953124999 0.03271866527777776
2 0.61286151875 0.5128295291666667 0.021604989062500034 0.03840886666666666
2 0.6292653046875 0.5185197326388888 0.027206281250000065 0.0753951875
2 0.655271317578125 0.5227873833333334 0.050411641406249964 0.0896206916666667
2 0.686478523828125 0.54341436875 0.06801570546875002 0.1024236486111111
2 0.7392907058593751 0.56475263125 0.09522198671875 0.17355118750000004
2 0.501635833984375 0.4872236173611111 0.007201663281249981 0.01280295694444449
2 0.4700285375 0.5007378465277778 0.011202589062500046 0.022760812500000012
2 0.44362243867187506 0.5192310194444444 0.012802957031250006 0.01991571388888889
2 0.42881902109375 0.52065355625 0.013603140624999987 0.028451012500000022
2 0.40641384765625005 0.5334565138888889 0.02160498906249999 0.031296113888888914
2 0.295588255859375 0.5498158486111111 0.04000923984375002 0.058324577777777775
2 0.32479499921875005 0.5491045715277778 0.037608684375 0.03983142083333328
2 0.257979571875 0.5555060520833334 0.03360776093750002 0.02702846250000006
2 0.206767746484375 0.5697315590277777 0.060814042968750016 0.04978927638888887
2 0.10572440078125 0.591781104861111 0.100023096875 0.07397264027777774
2 0.5658306453125 0.4737093972222222 0.007201662499999983 0.017070611111111116
2 0.544625748828125 0.5206535701388889 0.02240517421875001 0.034141218055555575
2 0.86806335546875 0.5813964756944445 0.2593057109375 0.32007390694444454