2 0.22262649140625 0.4970462118055555 0.014240498437500016 0.05738394027777779
2 0.40585426601562496 0.4801685826388889 0.012341767968750039 0.038818551388888914
2 0.42009476679687496 0.4810124618055555 0.01613923515625002 0.03375525972222222
2 0.42246818320312496 0.4666664763888889 0.03417720078125006 0.02869196944444449
2 0.46044285078125 0.5046411444444445 0.0645569375 0.07088604722222216
2 0.5150314371093749 0.4962023305555555 0.05791136796874996 0.07088604722222223
2 0.54446180546875 0.48438798888888895 0.021835434375000063 0.04050631388888893
2 0.5606010386718749 0.4641348319444445 0.018037967968749947 0.033755258333333336
2 0.5677212894531249 0.48860739583333335 0.017088599218750035 0.03206749722222229
3 0.578639005078125 0.5139238409722222 0.04746833359374998 0.0641349958333333
0 0.546044101171875 0.5187058541666667 0.02753163203125002 0.047257363888888904
4 0.4835441167968749 0.47313625416666666 0.009493666406250068 0.050632891666666624
4 0.7784806972656251 0.5552740354166666 0.07689870390624991 0.2514766902777778
4 0.7167718609375 0.5426158131944444 0.05411390312499993 0.25991550416666664
1 0.31518974453125004 0.46594315347222226 0.17088600781250002 0.11983117361111108
2 0.1746834734375 0.49547900625 0.08164553749999999 0.07426157361111116
7 0.32276649648437494 0.3007132458333333 0.036039567968750005 0.030279111111111114
7 0.444778300390625 0.2837853041666667 0.03132910234375004 0.03713078611111109
7 0.444778301171875 0.36817345416666664 0.02373416640624999 0.02025315555555554
6 0.24066445937499997 0.29164545138888887 0.012341768749999992 0.047257363888888904
6 0.22784800859374998 0.29080157152777775 0.011392399999999992 0.04556960138888889
6 0.254904960546875 0.2924893333333333 0.014240500781250009 0.055696180555555544
6 0.7102212375000001 0.10261598749999999 0.029430368750000026 0.15189867222222223
6 0.4628833863281249 0.43186906875 0.01760647890625 0.020413309722222155
2 0.988468098828125 0.48958306250000005 0.01990297734374984 0.03266129444444448