2 0.30164051875000003 0.4074105694444444 0.02531249062499996 0.037499988888888836
9 0.322206918359375 0.3886605777777778 0.03480467734374999 0.01874999444444446
9 0.34962878359375005 0.3989730722222223 0.024257803125000033 0.04687498055555553
2 0.3638670609375 0.41049092291666667 0.010546871875000008 0.020624993055555527
2 0.37335924453125 0.4090177034722222 0.012656245312499958 0.018749990277777802
2 0.290038961328125 0.42241056388888887 0.03796873515625001 0.056249977777777835
2 0.20460930390624998 0.42241056111111114 0.023203115625000013 0.03374998333333331
2 0.18984368359374998 0.43580341805555556 0.029531237499999995 0.05624998333333338
2 0.148183542578125 0.43486591527777785 0.06644528984375 0.07312496944444441
5 0.006328122265625 0.43299091666666667 0.01265624453125 0.06937497222222219
0 0.006328122265625 0.4617855555555555 0.01265624453125 0.06749997500000002
2 0.22201164062499998 0.43366056180555557 0.041132796874999975 0.0524999819444445
2 0.25892569062500004 0.4308480618055555 0.05800779375 0.061874976388888885
2 0.32906238515625 0.4254909180555556 0.05062498125000001 0.07687496944444447
2 0.40869126289062496 0.4120980694444444 0.015820307031250015 0.024374991666666703
2 0.41660141679687507 0.41584806944444447 0.012656247656250041 0.024374994444444475
4 0.402890484765625 0.41517842361111107 0.006328122656250023 0.022499997222222214
2 0.432421723046875 0.41705342291666664 0.012656246093749957 0.026249995833333314
2 0.44085922109375 0.42267841944444445 0.018984367187499983 0.03749998888888892
2 0.45193343554687504 0.4261605611111111 0.02847655234374997 0.04124998333333336
4 0.42767563164062494 0.42803556111111113 0.015820305468750018 0.05249998055555554
4 0.49253889023437497 0.42683019791666665 0.006328122656250023 0.0506249819444444
4 0.48673811093749997 0.4277676993055556 0.007382809374999954 0.0449999875
4 0.48093733164062497 0.4249551986111112 0.008437496093749974 0.05062498055555559
4 0.5046677917968749 0.4240176993055556 0.011601558593750028 0.04499998472222215
4 0.507304509375 0.4277676979166667 0.008437496874999973 0.05249998194444443
4 0.516269349609375 0.42870519583333333 0.015820305468749928 0.05437497777777772
7 0.4730271785156249 0.37901771388888894 0.01160155859374994 0.026249988888888885
7 0.553710744140625 0.2552677611111111 0.050624983593749916 0.026249991666666656
7 0.05589841796875 0.2730802548611111 0.01898436875 0.016874995833333312
7 0.07435544296874999 0.26745525416666666 0.013710932812499998 0.013124991666666672
6 0.006328122265625 0.11504455208333333 0.01265624453125 0.08062496805555557
6 0.02373046015625 0.11785705069444445 0.0200390546875 0.06749997361111111
6 0.3169334828125 0.35558022638888886 0.007382809374999999 0.016874994444444427
6 0.495702951953125 0.2224552701388889 0.010546872656250006 0.05437497916666665
6 0.508359196484375 0.22339277083333334 0.012656244531249961 0.05249997777777777
6 0.486210766796875 0.2271427701388889 0.01265624453125005 0.05999997638888889
2 0.38970689375 0.41678556666666666 0.020039054687500002 0.04124998611111113
2 0.7612581113281249 0.4202677013888889 0.13605464140625 0.09374996944444444
2 0.8556526085937499 0.41959806388888893 0.12656245624999993 0.12562495555555558
2 0.9367861632812499 0.4200838861111111 0.1252873765624999 0.1275189583333334
2 0.9421369542968752 0.4674105486111111 0.11179683515625012 0.16124994166666667
4 0.53367168828125 0.4240177006944445 0.008437496875000061 0.048749984722222216
6 0.608027129296875 0.3614730819444445 0.015820305468750018 0.028124988888888838
7 0.29711917109375 0.3570530833333333 0.019127843749999984 0.013602022222222211
7 0.42049376328125004 0.3630039673611111 0.01338949062500001 0.011901768055555569