6 0.48325767812500003 0.3173048611111111 0.009415440625000038 0.0327493638888889
6 0.47281882148437493 0.3222172701388889 0.008596707031249994 0.0331132375
7 0.50004172265625 0.31202858333333333 0.020058979687500055 0.017830208333333333
7 0.5494727808593749 0.32603803125 0.05014744921875005 0.015283031944444482
7 0.204171763671875 0.4164626381944444 0.018626196093750002 0.012735859722222248
6 0.20560454804687503 0.30247668680555556 0.010029489843749984 0.04330192638888886
6 0.1941422734375 0.30629744513888885 0.010029490625000003 0.04075475416666667
2 0.49932533046874994 0.4686796659722222 0.010029490625000026 0.02037737638888891
2 0.48929583945312505 0.4674060798611111 0.010029491406249934 0.022924548611111106
2 0.477833567578125 0.47122683819444444 0.012895058593749998 0.02547172083333338
2 0.46923686054687497 0.4737740104166666 0.010029491406250025 0.03566040972222224
2 0.4563418 0.4788683548611111 0.024357332812499966 0.040754754166666705
2 0.41479105664062493 0.47886835763888896 0.010029489843749939 0.02037737638888891
2 0.43413364453125 0.4890570444444445 0.03725239218750005 0.05094343888888891
2 0.39616486015624996 0.48523628750000003 0.03295403906250001 0.04330192500000002
2 0.5093548207031249 0.4763211840277778 0.021491764843749993 0.03056606805555554
2 0.584575996484375 0.5837269520833334 0.15187513671875 0.2165096263888889
1 0.296586350390625 0.4801419402777778 0.10889160546874996 0.12481143333333336
4 0.149725959765625 0.5208966916666666 0.012895058593749998 0.06367930277777781
4 0.12751780351562497 0.5183495194444444 0.014327842968750004 0.06367930277777781
7 0.09002660625 0.29419837708333335 0.05014745 0.028018893055555574
4 0.864787669140625 0.40991273263888894 0.017193411718750086 0.08915102361111112