6 0.18065130390625 0.2735526326388889 0.0239802640625 0.03907894583333334
6 0.772664054296875 0.1101315798611111 0.01698601953124994 0.07105263194444444
6 0.79264760703125 0.11101973750000001 0.016986020312500027 0.06927631666666666
2 0.380986419921875 0.4032236875 0.04096628359375001 0.0710526333333334
2 0.33052795 0.4263157916666666 0.07393914531250001 0.08171052777777774
9 0.6482664386718751 0.37302631736111114 0.27377467265625005 0.18473684305555552
6 0.49089596015625003 0.3357236861111111 0.01298930937499998 0.028421052777777768
6 0.17265788359375 0.35348684375000006 0.015986842187499996 0.02486842083333336
6 0.192641436328125 0.35348684375 0.011990132031250012 0.028421051388888844
7 0.9225407000000001 0.20605263194444443 0.028976151562500087 0.014210524999999979
7 0.9370287765625 0.23625000069444443 0.02597861874999996 0.024868423611111093