7 0.326474991015625 0.5050777784722222 0.014501942968750025 0.011718740277777803
6 0.524228762109375 0.4874996652777778 0.003955075781250006 0.028124980555555526
6 0.528843016796875 0.4874996652777778 0.005273433593749921 0.028124980555555526
6 0.397666348828125 0.4898434131944444 0.003955075781250006 0.02343748472222226
6 0.4016214234375 0.4898434131944444 0.0039550750000000075 0.02343748472222226
2 0.425351876953125 0.5683589840277777 0.022412092968749953 0.03515622638888887
2 0.4365579234375 0.5753902291666667 0.013183584375000024 0.03984372222222221
2 0.45435576289062496 0.5777339777777778 0.030322244531250053 0.0539062138888889
2 0.573667203515625 0.5894527208333333 0.013183585156249933 0.09140618888888888
2 0.602011910546875 0.5800777256944444 0.05932613203124992 0.0914061875
2 0.660678863671875 0.5941402173611111 0.09755852734374999 0.12890616250000006
2 0.7378028335937501 0.6281245701388889 0.13315420624999996 0.15937489027777774
2 0.896005850390625 0.7617182263888888 0.20698228046875009 0.2859373027777778
2 0.54598167578125 0.5671871118055555 0.01318358593750002 0.0374999736111111
2 0.5044533847656251 0.6058589583333333 0.09624016796874998 0.14765614722222226
2 0.4009622453125 0.5742183569444445 0.0263671703125 0.0515624638888889
2 0.340976933984375 0.5812496020833333 0.030322246093750005 0.046874968055555556
4 0.092466362890625 0.6035152118055556 0.010546867968749995 0.0914061875
4 0.0819194953125 0.6023433354166667 0.010546867187499998 0.08437494027777777
4 0.072031806640625 0.6093745805555555 0.014501942968749992 0.07031245000000005
4 0.062803297265625 0.5964839645833333 0.014501942968750004 0.0914061875
4 0.045005458203125 0.5660152368055555 0.010546867968750002 0.0351562236111111
4 0.04236874140625 0.6093745819444444 0.0158203015625 0.10312492777777772
4 0.024570901562499997 0.5882808465277778 0.011865224999999998 0.0609374569444444
1 0.21177780390624998 0.5613277388888889 0.2280760140625 0.1710936333333333
2 0.01666075078125 0.648046429861111 0.032958960937500004 0.1148436708333333
3 0.36260622656249997 0.5795626361111111 0.010736657812500017 0.017352174999999984
5 0.3626062265625 0.5674161138888889 0.008784539062500008 0.024293044444444453