6 0.44468044179687494 0.3440755902777778 0.007197863281249983 0.021327000000000023
6 0.48666797265625006 0.3366111402777778 0.00479857499999996 0.023459700000000003
7 0.305521765625 0.34727464027777777 0.016795012499999994 0.03625589999999998
7 0.358306090625 0.35793814027777776 0.01199643749999999 0.027725100000000048
7 0.56524463828125 0.3686016395833333 0.017994656249999963 0.019194298611111153
7 0.52265728671875 0.37606609027777776 0.016795012499999994 0.025592399999999946
7 0.55324820078125 0.3355447902777777 0.015595368750000027 0.012796200000000013
7 0.6018337726562499 0.2854263395833333 0.01919430000000002 0.04052130138888887
9 0.26353423398437503 0.4261845402777778 0.06718004921874998 0.10450230000000005
2 0.42188721015624997 0.4229854895833333 0.01919430000000002 0.04691939861111112
2 0.39789433515625 0.43684804027777774 0.07197862500000003 0.10876770000000001
2 0.445280262890625 0.43578169027777786 0.027591805468749973 0.06824639999999998
2 0.509461205078125 0.42725089027777774 0.02159358984375004 0.051184799999999975
2 0.5322544359375 0.43684804027777774 0.04798575156250005 0.08744069999999995
9 0.580240186328125 0.45604234027777785 0.09117292421875005 0.1386255
2 0.684609191796875 0.48270109027777786 0.18474513828125003 0.2218008
2 0.8525015679687499 0.5797389402777777 0.29499686406250003 0.5310423
2 0.14896825585937498 0.4475115409722222 0.13795903203124998 0.16421790138888892
2 0.066386533203125 0.4549759902777778 0.13277306640625 0.23459700000000006
2 0.317518203515625 0.5402839902777777 0.22313373828125 0.3113742
2 0.4722722476562501 0.45071059027777777 0.06478076249999995 0.09810419999999999