7 0.5980568359375 0.519609011111111 0.03823239531249998 0.03984372222222221
7 0.549277572265625 0.5207808854166667 0.05141598046875 0.04218747083333333
7 0.49654323398437494 0.5149215138888888 0.032958961718750054 0.035156224999999985
7 0.3732767171875 0.5571089847222223 0.031640603124999965 0.03515622500000006
2 0.379868508984375 0.6133589465277778 0.023730452343749996 0.02109373472222218
2 0.398984706640625 0.6110151979166667 0.017138658593750033 0.02578123194444441
9 0.3047220765625 0.6051558263888889 0.04482418749999999 0.05624996111111113
2 0.486655544921875 0.6121870722222221 0.018457017968749944 0.03281247777777775
2 0.5420266011718751 0.6121870722222221 0.007910150781250014 0.018749986111111068
2 0.533457270703125 0.6168745694444444 0.00922850859374993 0.02343748611111107
2 0.5499367515625 0.6133589458333333 0.013183584375000024 0.016406238888888838
2 0.557187723046875 0.6157026951388889 0.014501942968750025 0.03046872916666664
2 0.569712128515625 0.61687456875 0.026367169531249957 0.04218747083333333
2 0.6705665515625 0.6321089333333333 0.04350582968749998 0.0632812055555556
2 0.702207155078125 0.65320266875 0.06196284765625002 0.0914061875
2 0.509726818359375 0.6239058131944445 0.04877926328125 0.07499994583333339
2 0.59212422265625 0.6332808076388889 0.04482418749999999 0.060937456944444475
2 0.820859416796875 0.7235151208333334 0.26235333515625003 0.2507810777777778
2 0.11149192578125 0.7657025916666665 0.2229838515625 0.46640593055555557
7 0.8053737910156251 0.50798235 0.09355745859375002 0.0956365138888889