7 0.31315613671875 0.29909363819444446 0.013000376562500016 0.019033231944444475
7 0.2638311765625 0.3425981652777778 0.015294560937500012 0.04350453055555555
7 0.159063434375 0.36706946319444445 0.022941842187499995 0.03806646250000002
7 0.22967332695312498 0.3895014868055556 0.010706192968750017 0.025830815277777773
7 0.863393884765625 0.054154069444444446 0.04588368203125004 0.10740180555555556
7 0.556737937109375 0.006344406944444445 0.08259062890624999 0.01268881388888889
7 0.543610090234375 0.05959213611111112 0.04511895546874998 0.07749244166666668
9 0.28715538320312495 0.41238669583333326 0.043589499218749994 0.09244712500000002
2 0.25274262109374995 0.43617823541666667 0.019118201562499992 0.03942597916666667
2 0.24203642734375 0.4368579923611111 0.028294937500000027 0.06253775972222225
2 0.208388394140625 0.43141992777777777 0.06653134140625001 0.08972809166666665
2 0.183917096484375 0.4470543673611111 0.05276623515625001 0.08021147638888884
2 0.12847431171874998 0.45589122361111106 0.097885190625 0.11691842222222222
2 0.053913327734375 0.4717522375 0.10782665546875 0.19305134722222228
4 0.365922371875 0.4418428729166667 0.016059289062500027 0.11283987083333326
4 0.37739329296874996 0.4472809402777778 0.019118201562499992 0.1291540722222222
4 0.319273961328125 0.46019634513888896 0.02370656953124999 0.1522658513888889
4 0.30168521640624996 0.4520392472222222 0.02370656874999999 0.14954681666666672
4 0.399952770703125 0.47651054375 0.047413138281249975 0.1780966652777777
4 0.34259816718749997 0.46699392986111116 0.048942595312500004 0.21344409583333335
4 0.428247708203125 0.6267371222222222 0.006117824218750023 0.0027190333333333033
2 0.8316596777343749 0.4371376736111111 0.33495088515625 0.5424470972222223
6 0.007213407031250001 0.30893783055555557 0.0091807 0.034974094444444465