7 0.481555074609375 0.33533389930555557 0.017546539843749986 0.02946085972222221
7 0.375788424609375 0.34399885902777777 0.016571733593749992 0.02946085972222217
7 0.27294619609375 0.2764121784722222 0.01949615468750001 0.02946085972222225
2 0.4542604566406251 0.3708602277777778 0.015596924218750008 0.027727866666666677
2 0.47083218945312505 0.37259322152777785 0.015596925781250003 0.04505778472222228
2 0.481555075 0.3812581819444445 0.015596925000000006 0.04505778611111116
2 0.49325276953124997 0.38819014722222217 0.02339538750000001 0.048523769444444455
2 0.510799311328125 0.3951221131944444 0.03119385078125001 0.07625163750000002
2 0.5259088328125 0.4037870736111111 0.034118274999999976 0.0866495861111111
2 0.58098547578125 0.4159180131944445 0.10527924687499998 0.11784343750000004
2 0.41136891093750005 0.36739424444444446 0.01169769374999996 0.02079590000000001
2 0.402595640625 0.3708602284722222 0.015596926562499957 0.03465983472222227
2 0.39382236992187497 0.37692570000000003 0.01949615703124996 0.04679077777777777
2 0.364578134765625 0.3985880972222222 0.040941928906249994 0.06931966944444447
2 0.294391969921875 0.42371647638888893 0.12282578828125001 0.16463421388888888
2 0.855393885546875 0.5086330736111111 0.28561869921875005 0.29634158611111105
2 0.0492430078125 0.41136829375000006 0.098486015625 0.13500012083333332