2 0.4825946281249999 0.5303591138888889 0.10158623281250004 0.22158446944444446
2 0.22176057499999996 0.5940339652777777 0.0691650953125 0.08398808888888883
2 0.42313186484375 0.5456357430555555 0.025216440624999947 0.07172676388888893
2 0.40187800781250005 0.5437144909722222 0.014409393749999966 0.03458254861111109
2 0.5805545015625 0.5514909895833333 0.06051945781250003 0.08087558749999996
2 0.636533718359375 0.5572547486111111 0.07104088046874998 0.11545813611111112
2 0.549499693359375 0.5451783034722223 0.016570803906250032 0.07044592916666667
2 0.734735023828125 0.5635674361111112 0.12247985390625002 0.14857686944444445
2 0.292390618359375 0.5918391979166666 0.08717683828125003 0.10630931250000002
9 0.36290960039062503 0.54069538125 0.05318867578124999 0.08453511527777774
4 0.06569032500000001 0.6019924881944445 0.0194526828125 0.07941177638888886
2 0.118733403515625 0.5898245527777778 0.07492885234374999 0.037144216666666646
7 0.740498781640625 0.38937386527777773 0.015850333593750054 0.025616700000000017
7 0.5765919175781249 0.44701144374999996 0.016570803906250032 0.02817837083333335
7 0.530407244140625 0.4196564645833334 0.025936910156250013 0.014089184722222193
2 0.5361710023437499 0.5432570493055555 0.01440939375000001 0.04867173194444448
4 0.055963983203125 0.6115987520833334 0.014409394531250003 0.0832542791666666
2 0.948662162109375 0.6032332972222223 0.10086576328125005 0.2420778277777778
2 0.9346130027343751 0.5731336736111111 0.09726341328124999 0.13064517777777776
6 0.175650512109375 0.4553368708333333 0.012968455468749984 0.03202087777777783
6 0.164122996484375 0.5142552840277778 0.014409394531250008 0.0294592069444445
6 0.3139807 0.4611006277777777 0.007204696875000005 0.023055033333333343
6 0.308577177734375 0.4630218798611111 0.010807046093750028 0.02689753750000005
6 0.588335576953125 0.48607691388888885 0.015850333593749967 0.019212527777777745