2 0.429646586328125 0.40481321249999996 0.011569430468750053 0.016828261111111135
2 0.47539842617187505 0.40855282638888896 0.016828263281249978 0.035526333333333326
2 0.526409098046875 0.41322734375 0.02839769453124994 0.044875368055555497
2 0.3896794625 0.40761792291666665 0.05995068593749999 0.10470919027777777
2 0.82511076328125 0.46726476875 0.18195559218750007 0.19259012083333335
6 0.89908501328125 0.30228546180555554 0.030501226562500074 0.05110805694444443
9 0.3076416796875 0.3730264958333333 0.11884960468750001 0.17015243611111114
2 0.3510270453125 0.4267834444444445 0.091503678125 0.12340726111111111
2 0.453574271875 0.41649950555555554 0.04627772343750003 0.07292247222222224
2 0.49880022929687495 0.4108900840277777 0.03365652578124996 0.05422440138888894
2 0.5787344773437499 0.43426267222222226 0.08834837968749998 0.12340726111111111
2 0.87784934921875 0.5307580763888888 0.24295804531250004 0.542244025
6 0.532385048828125 0.013526884722222222 0.02524239296874997 0.027053769444444445
6 0.561834509375 0.0120953125 0.02734592812500001 0.02243768333333333
7 0.8629743550781249 0.05235459513888888 0.03365652578125004 0.10283938194444443
7 0.89487794765625 0.19975771111111112 0.030501226562499893 0.028047102777777746
7 0.892248531640625 0.24837269236111112 0.031552992968750006 0.03552633194444444