7 0.56476605 0.013520811111111112 0.06318378906249995 0.027041622222222225
7 0.38223510312500003 0.030161806944444446 0.06318378750000005 0.047842872222222214
7 0.35941873593749996 0.10400623680555555 0.12753764843749998 0.1206472347222222
7 0.5380433558593751 0.07835136597222221 0.16418766484375 0.14006173194444443
2 0.67505856953125 0.3681820777777778 0.020449410937500013 0.03328199444444443
2 0.38319797929687505 0.4051042951388889 0.03627217578125004 0.05824349305555556
9 0.8210114167968751 0.34114045625 0.05382322734374991 0.06656399027777773
9 0.8818550652343751 0.32761964652777775 0.05616336796874997 0.07280436805555554
9 0.94562388828125 0.3057783375 0.10647638593750006 0.1123267361111111
2 0.025552623437499998 0.5169109972222222 0.051105246874999996 0.18513110277777772
2 0.20417724375000001 0.41810507222222226 0.12519750624999998 0.11232673333333333
2 0.3386183171875 0.4160249486111111 0.09360561406250004 0.10400623611111115
2 0.47469746328125 0.37255033819444444 0.05031301718750001 0.08112486805555554
2 0.426724585546875 0.4099925833333333 0.05733343671874995 0.05616336944444448
2 0.610542635546875 0.3767105881944445 0.032761964843749956 0.0395223708333333
2 0.642134529296875 0.3829509611111111 0.032761964843749956 0.05616336944444448
2 0.68542712578125 0.3767105875 0.030421824999999993 0.03536212222222224
2 0.545603741015625 0.40791245763888895 0.09477568359374997 0.1768106013888889