2 0.475489371484375 0.46958890208333326 0.02295571484374994 0.02611850416666665
2 0.453910999609375 0.47366991875000003 0.025710400781249997 0.04407497361111115
2 0.43279174296875 0.4810157451388889 0.02938331718750007 0.048972190277777765
2 0.42131388359374994 0.5014208256944445 0.03764737187499998 0.047339784722222174
2 0.528287516015625 0.46958890347222226 0.014691657031250038 0.02938331249999998
2 0.54894765859375 0.47285371458333336 0.02662862812500002 0.048972190277777765
2 0.567312229296875 0.4785671388888889 0.02295571484375003 0.04733978333333329
2 0.5842994578124999 0.4801995423611111 0.027546857812499947 0.06692865972222219
2 0.603582258984375 0.48019954375 0.05142080078125 0.09304715972222226
2 0.640311401953125 0.49407499722222226 0.06978537265624993 0.11753326111111109
2 0.22925107109375 0.4785671361111112 0.04774788593750001 0.08651753888888886
2 0.3430093765625 0.5067091298611112 0.09733222968750002 0.11590085694444446
2 0.39488929140625 0.5001795034722222 0.02662862812500002 0.09957679027777779
2 0.715810182421875 0.5205845826388888 0.15426240234375 0.15344619861111114