7 0.738600309765625 0.4814155270833333 0.020058980468749966 0.017830204166666638
7 0.691318426953125 0.5119815916666667 0.02579011796875008 0.04330192500000002
7 0.682721721484375 0.5005193180555556 0.014327842968750027 0.020377377777777796
2 0.58314321171875 0.5356702909722222 0.01432784218749994 0.017830206944444486
9 0.560278358203125 0.538302367361111 0.03522260703124998 0.04245286249999999
2 0.539264193359375 0.5476420013888889 0.023999138281249978 0.03566040833333335
2 0.616455447265625 0.53235896875 0.012895058593750086 0.015283031944444442
2 0.6307832906249999 0.5323589694444444 0.012895059374999995 0.020377377777777796
2 0.642245566015625 0.5247174520833333 0.018626196093750026 0.03056606527777777
2 0.65657340859375 0.5349061416666667 0.01862619687500002 0.04584909999999998
2 0.657289800390625 0.5425476569444445 0.011462274218749968 0.030566066666666655
2 0.670184859765625 0.5450948298611111 0.02579011796874999 0.0458490986111111
2 0.69884054453125 0.5603778618055556 0.03725239218750005 0.08150950694444438
2 0.7375257222656251 0.5680193784722222 0.07163921484375005 0.09679254027777778
2 0.77692728984375 0.5922175125 0.06447529374999998 0.11462274444444441
2 0.8736402300781251 0.5998590284722223 0.18339638984375 0.20122659583333333
2 0.43843199804687505 0.5782080659722223 0.05731137265625001 0.08150950694444445
2 0.399030429296875 0.5883967555555556 0.047281882031250035 0.09679254166666666
2 0.337420704296875 0.5947646840277778 0.10172768671874999 0.13500012083333332
2 0.20141474218750002 0.6472844263888888 0.20128450625 0.1658098027777778
2 0.05431555742187501 0.6924328152777777 0.10863111484375002 0.20377376666666663
2 0.52067381875 0.5573212534722222 0.028655685937500053 0.040754754166666705
2 0.9536175039062499 0.6634893222222222 0.089400146875 0.25429375