6 0.42550362421875 0.3977216013888889 0.010722887500000056 0.022528891666666655
6 0.501538637109375 0.2530167916666667 0.010722885156249973 0.04852376666666668
6 0.578061053125 0.3959886090277777 0.005848846875000024 0.019062906944444475
6 0.6370369265625 0.4133185263888889 0.008773270312499993 0.012130941666666692
6 0.835410323046875 0.4055200652777778 0.013647310156250115 0.013863933333333339
6 0.41380593046875 0.3942556166666667 0.006823654687500014 0.025994874999999952
6 0.25588705859375 0.38732365138888886 0.006823654687500014 0.015596927777777835
2 0.5341946988281251 0.44537887361111106 0.015596925781250003 0.03465983333333335
2 0.5215221980468749 0.4540438340277778 0.015596924218750008 0.031193851388888857
7 0.5317576789062499 0.4167845111111111 0.006823654687500014 0.019062911111111133
2 0.44353756953124995 0.45577682291666666 0.029244234374999945 0.05198975138888894
2 0.41283112343749995 0.4583763111111111 0.04191673749999998 0.07105266111111111
2 0.314862934765625 0.43758040902777773 0.035093083593750005 0.032926843055555585
4 0.290980142578125 0.4358474194444445 0.008773269531249994 0.036392825
2 0.161818102734375 0.4445123756944444 0.015596924218750008 0.02946085694444444
2 0.13354867578125001 0.4410463923611111 0.03509308281250001 0.039858809722222256
2 0.367015154296875 0.4739732354166667 0.07116097265624996 0.09878052916666667
2 0.4893535390625 0.46097580069444444 0.06238770156250002 0.1247754041666667
5 0.941176975 0.4696407576388889 0.041916737500000065 0.1213094208333334
0 0.93727774375 0.5259629895833333 0.034118275000000156 0.08838257916666663
3 0.8222504179687501 0.528562475 0.12964944374999998 0.19062908611111112
4 0.6380117343749999 0.4497113520833333 0.010722885937499971 0.046790776388888844
4 0.627776252734375 0.4540438312499999 0.011697694531249959 0.04852376805555557
4 0.5673381671875 0.4367139145833333 0.00974807812500007 0.034659834722222234
4 0.55953970390625 0.4436458833333333 0.007798464062499999 0.0589217194444445
4 0.055564047656250004 0.4375804104166666 0.011697693749999993 0.05025675972222222
4 0.04386635390625 0.4384469069444445 0.009748078125000004 0.04505778611111116
4 0.01267250234375 0.42544947013888884 0.007798464062499999 0.02252889305555554
3 0.012185098046874999 0.45144434375 0.024370196093749998 0.05025675972222222
2 0.058975875 0.6732672854166667 0.11795175 0.3795251875
2 0.9830937132812501 0.5848847090277778 0.030219043750000018 0.14383831249999998
2 0.2476011921875 0.4358474180555556 0.015596925000000006 0.01906290833333336
2 0.2188443625 0.44104639375 0.0419167375 0.04332479305555555
4 0.586834322265625 0.4523108416666667 0.011697694531249959 0.041591802777777784
9 0.49195355703125 0.3845927527777778 0.06307096874999996 0.10539859722222222