2 0.053127027734375 0.4384469069444445 0.10625405546875 0.17329917222222224
2 0.9099831242187498 0.7330555000000001 0.17838983593749996 0.35353031111111116
2 0.132573866796875 0.42111698888888893 0.10527924609374999 0.12130942222222221
2 0.199348204296875 0.41071903819444444 0.06726174140624999 0.08664958472222221
2 0.259298887109375 0.40032108888888884 0.06043808671874999 0.07278565277777777
2 0.728668865234375 0.4809052027777778 0.35580486484374996 0.43498092222222223
2 0.5546656640625001 0.46357528680555554 0.08773270625 0.1992940486111111
2 0.5239592171874999 0.4289154520833333 0.08480828281250004 0.14383831249999998
2 0.48155507578125 0.42198348541666664 0.031193851562500007 0.09184856250000001
2 0.4644959390625 0.4141850222222222 0.032168659375 0.07278565277777777
2 0.4518234359375001 0.40292057638888884 0.030219042187499934 0.0537227444444444
2 0.44548718593750003 0.4020540805555555 0.02924423593749994 0.0623877027777778
2 0.42842804765625003 0.3881901479166667 0.012672501562499949 0.031193851388888937
2 0.421116989453125 0.38645715486111115 0.011697694531249959 0.02426188472222219
2 0.41429333437500004 0.3743262125 0.01169769374999996 0.02079590000000001
2 0.36360332578125 0.3899231388888888 0.02339538750000001 0.03465983333333335
2 0.3099888953125 0.3890566430555555 0.04094192968750003 0.046790777777777806
2 0.33143466796875 0.3925226270833333 0.0116976953125 0.039858809722222256
2 0.33533389921875 0.38905664375000004 0.015596926562500002 0.032926843055555585
2 0.34898120859375 0.39338912083333333 0.009748078124999981 0.02772786944444445
2 0.381637271875 0.38385766805555555 0.012672501562499994 0.0259948777777778
2 0.37968765546874994 0.36566125277777783 0.012672501562499994 0.010397949999999965