2 0.425064502734375 0.32749145416666664 0.06842784765625001 0.12577321666666666
9 0.255734578515625 0.3632302972222223 0.12873713515625002 0.16288662500000003
9 0.112500018359375 0.40137463055555556 0.22500003671875 0.3134021138888889
2 0.5816366937499999 0.2927835527777778 0.022036085937499995 0.032989694444444474
2 0.600193398828125 0.3082474722222222 0.03363402578125001 0.09278351944444445
2 0.64368567265625 0.32199317499999996 0.09510310937499993 0.13402064166666663
2 0.8246135382812501 0.3542955791666667 0.24819591718749995 0.29484540555555555
2 0.957989848828125 0.31374575000000005 0.07886599296875012 0.11340208055555559
2 0.98118572890625 0.3388316611111111 0.03247423281250015 0.1319587861111111
7 0.476675335546875 0.24501721319444444 0.011597939843749927 0.014432993055555541
7 0.48131451171875 0.21615122847222226 0.006958764062500044 0.018556704166666667
7 0.47551554179687494 0.22027494027777778 0.00927835234374994 0.0061855694444444415
7 0.46043821992187495 0.22233679513888888 0.011597941406250012 0.03505155138888891
7 0.18150776210937497 0.14089348402777777 0.02435567421875 0.03711340694444445
7 0.19426549609375 0.07560136458333333 0.038273203124999974 0.06597939305555554
7 0.19020621601562498 0.02268041736111111 0.032474232031249974 0.041237120833333335
6 0.621069690625 0.1972508708333333 0.008118557812499993 0.020618561111111097
6 0.655283612890625 0.2374570638888889 0.009278350781250033 0.014432991666666655
7 0.6483248496093751 0.2182130840277778 0.011597941406250012 0.022680415277777755
7 0.706314549609375 0.24810999513888887 0.011597939843750016 0.03298969583333336
7 0.88260323828125 0.15120276527777776 0.02551546718749993 0.049484544444444445
7 0.8791238554687499 0.1883161715277778 0.02783505625 0.032989695833333325
7 0.864046533984375 0.04536083263888889 0.03015464296874999 0.09072166527777778
2 0.524806787890625 0.37594506875 0.15889177890625 0.2350515847222222