2 0.35503797890625 0.3477488722222222 0.031747873437499984 0.05949151111111111
2 0.6248949203125 0.3096132875 0.04805084062499994 0.07474575000000003
2 0.9655410406249999 0.45224037986111115 0.066927953125 0.21966097361111114
2 0.8093758171875001 0.31876583124999996 0.17504234062500013 0.22728809305555556
2 0.6527815671875 0.3195285395833333 0.06778600468749998 0.08237286805555558
2 0.525790065234375 0.3225793888888889 0.04376058515625001 0.06406778611111111
2 0.40180174218750003 0.34164718125 0.07036015624999999 0.10220337083333332
2 0.2413462640625 0.3805454791666667 0.1012499828125 0.10677964166666669
2 0.31899985078125004 0.35537599305555556 0.07121820781250002 0.07779659444444446
2 0.464868466015625 0.34927429652777775 0.02659957109374993 0.016779656944444454
7 0.6635072 0.22800313472222225 0.01716101406249999 0.03661016666666666
7 0.145244586328125 0.22952855833333333 0.018877117968750003 0.03355931666666668
7 0.1473897140625 0.2646132986111111 0.019735167187500013 0.036610163888888894