2 0.086270494921875 0.6247435166666667 0.17059137421875 0.24781781666666675
2 0.5683129753906251 0.5831517173611112 0.11112809765625001 0.0849165986111111
2 0.849057633203125 0.5606228243055555 0.07213578046875 0.07451864583333329
2 0.68967655 0.5961491569444445 0.13744790624999997 0.15943523888888886
2 0.44597458945312496 0.5588898305555555 0.06921135703125003 0.029460858333333402
2 0.9743204425781251 0.5424264083333333 0.012672502343749947 0.024261883333333383
2 0.9928417902343749 0.5380939284722221 0.010722886718749968 0.025994873611111066
7 0.9538494773437499 0.3344674034722222 0.08675789843749993 0.06931967083333335
7 0.84613320859375 0.3422658659722222 0.06628693124999999 0.05718872638888889
7 0.3231488 0.48090520347222215 0.01657173125 0.03985880972222217
1 0.675054433984375 0.49216965138888896 0.05946327734374997 0.03812581666666664
2 0.89584841015625 0.5432929055555555 0.02339538749999992 0.029460858333333326
7 0.015596925390624999 0.1975610576388889 0.031193850781249997 0.11091146805555556