9 0.217825326953125 0.38659136736111116 0.17219395546875 0.20204090694444443
1 0.008609684765625 0.36669340208333334 0.01721936953125 0.3030613597222222
2 0.47568577421875 0.4462852729166667 0.06629467343749998 0.14081639027777773
2 0.511416019140625 0.42562199791666666 0.017219394531250033 0.035204095833333324
2 0.5454243269531249 0.4485811909722222 0.02152424453124997 0.0719388069444444
2 0.578141176953125 0.44398935486111113 0.07146049140624999 0.14234700416666668
2 0.814907865234375 0.37970361041666667 0.24365444609375003 0.3413266847222222
2 0.37925715898437506 0.5220506138888888 0.20232789609375001 0.2984695222222222
2 0.66897348828125 0.4684791590277778 0.1739158953125 0.24336745694444445
6 0.46234074179687495 0.2664382527777777 0.006887758593749993 0.026020419444444443
6 0.5966520273437499 0.22740762430555558 0.00860969843749997 0.0367347125
6 0.5294963859375 0.3475607388888889 0.005165818750000018 0.019897969444444403
6 0.45459201484374995 0.2694994784722222 0.00860969843749997 0.032142870833333365
6 0.589333783984375 0.23123415416666665 0.006026788281250006 0.03520409722222225
6 0.6095665742187499 0.2725607027777778 0.01721939531250003 0.029081644444444443
6 0.523039110546875 0.3452648201388889 0.006026788281250006 0.02448980694444442
6 0.49204419921875003 0.32230562430555554 0.006026787500000008 0.024489806944444463
7 0.4287629210937499 0.3177137861111111 0.00860969843749997 0.02448980555555554
7 0.529496397265625 0.33061239444444446 0.010331611718750012 0.00612245277777777
7 0.649171183203125 0.2794484638888889 0.012053575781250015 0.030612258333333347
0 0.1166614046875 0.43086754027777785 0.018080365624999994 0.029081644444444443
1 0.04821430703125 0.4170920229166667 0.08265309843749999 0.11479597083333333
6 0.594069144140625 0.27551032847222223 0.008609697656250059 0.02448980694444442