7 0.20451205507812498 0.4381136027777778 0.04871466796874999 0.04584909444444444
7 0.18158750546875 0.4992457319444444 0.1174883140625 0.11207556944444445
7 0.07556146757812501 0.47250042291666666 0.051580233593750004 0.048396273611111144
7 0.06338279999999999 0.5540099298611111 0.12465223437499999 0.15537749583333327
7 0.022736498046875 0.812298088888889 0.04547299609375 0.03106567777777782
7 0.220989075390625 0.6686326743055555 0.015760627343749965 0.038207579166666665
2 0.28474797617187503 0.7004723256944445 0.045849097656250004 0.05603778750000003
2 0.162244916796875 0.7361327374999999 0.08739984296875 0.06622647222222217
2 0.05478609375000001 0.84056679375 0.053013020312500006 0.06622647361111104
2 0.03544350703125 0.8647649284722222 0.0458490984375 0.07386799027777771
2 0.025602067968749996 0.9169819541666666 0.05120413593749999 0.1630190138888889
2 0.359969151953125 0.681368536111111 0.10172768671874999 0.14518880833333322
2 0.548380287890625 0.62023640625 0.14327843046875 0.2368870041666666
2 0.2274366015625 0.8469347222222222 0.3066158421875 0.3031134777777778
2 0.08630734843750001 0.8150950750000001 0.010029489062499997 0.030566063888888884