2 0.22382633828124998 0.5672836104166666 0.020329729687499975 0.03614174305555551
2 0.24236226796875 0.563031642361111 0.028700795312500027 0.040393712499999956
2 0.31414273320312497 0.5752813645833332 0.15062222578125 0.17321714027777776
2 0.57557351953125 0.5242993458333334 0.08947900937500002 0.10101689444444438
2 0.657384885546875 0.5152476055555556 0.09088585234374999 0.09566931666666668
2 0.7309306718749999 0.5099326444444445 0.08729825312499999 0.09354333333333334
2 0.84633178828125 0.5109956326388889 0.07892718750000008 0.07866144027777777
2 0.90672304609375 0.5088696520833333 0.06338092343750006 0.13393704305555554
2 0.1155655421875 0.6309923041666666 0.2308022296875 0.5229922777777778
7 0.30992872382812503 0.43866152708333334 0.01315453046874997 0.01700787916666668
7 0.31112458984374997 0.45354342152777777 0.013154531249999967 0.021259848611111132
7 0.577802814453125 0.3344882708333333 0.02032973046874993 0.04677166666666667
7 0.6041118761718749 0.33767724791666665 0.025113196093750022 0.05314962083333334
7 0.8785632320312502 0.40783474791666663 0.014350398437500012 0.02338583194444439