7 0.185378361328125 0.37583170833333335 0.06047442890624999 0.10206654444444443
2 0.3893109703125 0.5192757083333334 0.01071698750000003 0.013608872222222207
2 0.37935948203125003 0.5226779256944444 0.010716987499999987 0.014969759722222243
2 0.367111496875 0.5192757076388889 0.018371978124999976 0.02177419583333331
2 0.360222005078125 0.5226779256944444 0.01224798515625003 0.01769153472222224
2 0.346060271875 0.5247192576388889 0.016075481250000002 0.02449597083333338
2 0.32998479101562495 0.5260801451388889 0.019137477343749997 0.027217745833333376
2 0.30663706914062494 0.53016280625 0.036743957031249996 0.03538306805555559
2 0.27410335703125 0.53016280625 0.032916460937500024 0.0435483930555555
2 0.40844844804687497 0.5172343777777778 0.01530998203124998 0.009526211111111137
2 0.4050037015625 0.5322041375 0.020668475 0.028578633333333336
2 0.42605492656250005 0.5288019187499999 0.021433974999999973 0.03810484305555559
2 0.42375842929687496 0.5410499034722223 0.021433974218749974 0.051713715277777794
2 0.508728828125 0.5485347840277778 0.027557967187499966 0.050352829166666724
2 0.579154744921875 0.5519370013888889 0.05970892890624997 0.08981856111111115
2 0.666585689453125 0.5852787409722222 0.055881433593749995 0.08301412361111113
2 0.131611163671875 0.5294823625 0.048226442968750005 0.06396170277777774
2 0.20548182578125 0.5904306680555556 0.18678177812500002 0.19868954166666666
2 0.45809652578124993 0.5931524444444444 0.102576878125 0.16058469722222218
2 0.553619884765625 0.5693369173611111 0.07425341171874997 0.09390122361111111
2 0.8220317015624999 0.6528122118055555 0.34971377187499997 0.3606351291666666
2 0.06336301562499999 0.5414494069444444 0.1260698921875 0.10383760277777772
2 0.9773683617187501 0.5480238916666667 0.04210244999999997 0.1047883222222222