7 0.556835977734375 0.46542756180555556 0.012870763281250053 0.032241909722222156
7 0.557128494921875 0.49662940902777775 0.016966005468750024 0.03016178472222227
7 0.8772009527343749 0.22101308819444446 0.2422043429687501 0.15288905416666668
7 0.438951493359375 0.5045338854166667 0.014625866406250054 0.03016178749999996
7 0.43924400390624996 0.5356317201388888 0.016380968749999968 0.0312018486111111
7 0.8736907449218749 0.4733320361111111 0.012870763281249965 0.028081661111111107
7 0.766336887890625 0.5092141638888888 0.005265313281249994 0.014560866666666625
7 0.13894572851562498 0.4846687020833334 0.017551039843750015 0.0332819708333333
7 0.13865321171875 0.5215908888888888 0.023986421874999997 0.04056240277777776
2 0.161573159375 0.526097836111111 0.029836767187500012 0.01976117500000001
2 0.10306969453125 0.5266178625 0.0204762125 0.008320491666666641
2 0.361947528125 0.5110169395833334 0.023401387500000002 0.016640987500000017
2 0.5110338609375 0.514137125 0.008775521874999992 0.014560863888888855
2 0.48587736953125005 0.514137125 0.008775518749999999 0.010400616666666689
2 0.5338502113281249 0.5318181701388889 0.018136074218749965 0.024961476388888886
2 0.55286383671875 0.5286979840277777 0.019891178125000054 0.022881354166666687
2 0.5742176011718749 0.5203774923611112 0.027496627343750024 0.054083201388888905
2 0.629503375390625 0.5427388180555555 0.036272147656249934 0.03848228055555557
2 0.6829365375 0.5552195569444444 0.04095242656250005 0.057203388888888894
2 0.78609765078125 0.5666602347222222 0.11232665000000006 0.07592449722222222
7 0.32684544648437497 0.5441255604166667 0.05733339609375001 0.026001537500000026
7 0.39548951328125 0.5519260229166666 0.009360553124999971 0.0124807375
2 0.39002918828125 0.5860747062499999 0.008190485937499981 0.011440676388888862
2 0.38096115234375 0.5871147694444444 0.008775521874999992 0.019761172222222238
2 0.375110804296875 0.5876347999999999 0.008775519531250043 0.022881355555555573
2 0.3218726515625 0.6125962763888889 0.00877552031250004 0.027041600000000048
2 0.313974682421875 0.6125962763888889 0.005850342968750022 0.027041600000000048
2 0.30607671601562497 0.6120762458333334 0.015795935156249996 0.028081661111111107
2 0.29320595585937503 0.6105161541666667 0.008775521093749994 0.027041599999999968
2 0.28618553789062495 0.6125962784722222 0.009945588281249983 0.0312018486111111
2 0.27623995 0.6099961250000001 0.012285729687499991 0.03640215833333329
2 0.261906601171875 0.6016756298611111 0.023401386718750007 0.0717642486111111
2 0.30929440703125 0.5923150763888889 0.012870762499999966 0.013520800000000024
2 0.210423551953125 0.62403695625 0.11466678984374998 0.13312788750000001
2 0.089217774609375 0.6828672486111111 0.17843554921875 0.3677015111111111
2 0.350539353515625 0.6025423597222223 0.05440822109375003 0.08320492777777773
7 0.4986506234375 0.4487865770833333 0.03276194062500002 0.03016178749999996
7 0.5624193996093749 0.4545069159722222 0.05850346484375004 0.027041601388888933
7 0.50391593515625 0.47634820902777775 0.021061248437499992 0.02080123194444449