7 0.29600121328125 0.017448976388888888 0.06612243593749997 0.031224483333333334
7 0.281536930078125 0.13959180833333334 0.017563771093750003 0.031224483333333334
7 0.42308026718749997 0.18551016527777778 0.017563771875000002 0.031224483333333334
2 0.42783281445312493 0.24153056041666662 0.011364792968749971 0.020204076388888877
2 0.43764786484374996 0.24336729583333336 0.012397956249999975 0.01653061111111111
2 0.419050930078125 0.24428566180555553 0.008265305468749951 0.01836734305555553
2 0.4092358808593749 0.24520402916666664 0.01343111953124998 0.02020407777777776
2 0.396837924609375 0.24428566180555553 0.01343111953124998 0.022040812499999993
2 0.387022874609375 0.24428566180555553 0.010331630468750009 0.01836734305555553
2 0.36171038046875 0.24795913125 0.023762751562500028 0.033061218055555563
2 0.33329839609375 0.2543877013888889 0.026862239062500005 0.02755101388888887
2 0.25942723984375 0.23234689027777777 0.03409438124999999 0.023877544444444412
2 0.200261438671875 0.24795913055555555 0.02376274921874999 0.025714280555555528
2 0.214725722265625 0.26265300555555554 0.04029335859375003 0.05142856111111113
2 0.23332265664062496 0.2644897402777778 0.02996172890625002 0.04775509166666667
2 0.261734640234375 0.27298463680555557 0.059923457031249995 0.06107141527777778
2 0.17563771757812502 0.25346933402777777 0.028928564843749994 0.029387748611111104
2 0.1513583859375 0.25714280208333334 0.03202805312499999 0.03306121527777779
2 0.12397956601562501 0.25897953819444447 0.028928564843749994 0.033061218055555563
2 0.08833544140625 0.2608162722222222 0.0444260109375 0.0367346861111111
2 0.03357779765625 0.26173463680555553 0.056823967187500005 0.056938762499999976
2 0.44770399765624996 0.24153056041666662 0.012397956249999975 0.020204076388888877
2 0.457002464453125 0.24061219236111112 0.008265303906249955 0.01469387361111111
2 0.46475118828125 0.24153055972222223 0.00929846718749996 0.01653060833333334
2 0.47198332968750006 0.24244892847222224 0.007232142187500035 0.01469387638888888
2 0.4786988890625 0.24428566319444442 0.010331629687499965 0.01469387638888892
2 0.48644761171875006 0.24520402916666664 0.007232142187500035 0.01653060833333334
2 0.49367975351562504 0.24520402916666664 0.011364792968749971 0.02020407777777776
2 0.648654209375 0.24612239652777776 0.02169642500000002 0.01469387361111111
2 0.7228008738281251 0.27642851180555555 0.031408182031249954 0.04224488749999998
9 0.7756988347656251 0.2543877 0.07852039140625004 0.10469385555555553
2 0.5040113835937501 0.2501019965277778 0.01963009843749992 0.03122448472222222
2 0.5933799867187499 0.27336729305555557 0.051658153124999995 0.07163263611111112
2 0.866135062890625 0.29357137083333334 0.06818876015625008 0.05326529444444444
2 0.9749615332031251 0.30704075208333337 0.04752550078125015 0.08632651250000001