6 0.695525396875 0.19582806527777777 0.016571732812499997 0.05892171944444442
6 0.9260674542968751 0.11437745347222222 0.027294619531249963 0.06931967083333333
6 0.9055964886718749 0.10831198333333333 0.025345003906249986 0.07105266111111111
6 0.673104818359375 0.1966945611111111 0.014622117968750015 0.057188727777777774
7 0.768148582421875 0.15683575069444444 0.03899231484374992 0.04332479305555555
2 0.530782871875 0.4384469069444445 0.047765584375 0.10744548888888887
2 0.41331852578124995 0.4107190388888889 0.22225618906249997 0.1490372888888889
2 0.6468193796875 0.43604344375 0.20965243593749996 0.3583372402777777
2 0.9821189042968751 0.4401798979166666 0.034118274218750064 0.07971761805555554
2 0.81802325625 0.5554238472222223 0.36294746718749993 0.5840182111111112
9 0.22371840078125 0.26601422916666667 0.44548718593750003 0.4731067416666667