6 0.656058968359375 0.47908184583333335 0.012914547656249997 0.0214285805555555
6 0.72708897578125 0.4775512333333334 0.013775517187499985 0.03061225833333331
6 0.705134244921875 0.4974492027777777 0.007748727343749984 0.015306130555555578
2 0.726776876953125 0.5190308486111112 0.010331636718750037 0.013775516666666713
2 0.73624754453125 0.5220920756944444 0.00860969843749997 0.016836743055555558
2 0.780157003515625 0.5167349291666666 0.020663274218749982 0.030612258333333385
2 0.7526059691406249 0.5289798333333333 0.02066327265624999 0.04285716111111115
2 0.78058748671875 0.5527043340277777 0.033577820312499986 0.050510226388888906
2 0.804264156640625 0.5511737215277778 0.04132654921875005 0.07500003472222229
2 0.8197616132812499 0.5580614784722223 0.030994912500000103 0.07653064583333331
2 0.866684465234375 0.5588267791666667 0.08179212890625003 0.1025510638888889
2 0.938144956640625 0.5940308826388889 0.11967479921875004 0.1576531319444444
2 0.637924791796875 0.5565308666666666 0.020663274218749982 0.033673486111111116
2 0.6164005480468749 0.5618880104166667 0.018941335156250006 0.038265323611111055
2 0.479248059765625 0.5741329145833334 0.028412002343750055 0.032142870833333365
2 0.22663953320312502 0.6675003041666666 0.07834824921875001 0.10255106666666668
2 0.0531541234375 0.6560207048611111 0.024107153125000003 0.05816329027777777
2 0.299305377734375 0.6185206881944445 0.04735333828124997 0.07193880694444449
2 0.10825618945312501 0.6774492875 0.11192607109375 0.1469388416666667
2 0.44575634140625003 0.5764288340277778 0.03099491093750002 0.04897961250000004
2 0.58695538359375 0.5664798444444444 0.03443879218749997 0.04438777499999994