2 0.3961667203125 0.41835908819444445 0.014501942187499983 0.016406240277777803
2 0.382323954296875 0.42890595625000005 0.021093735156250036 0.023437484722222183
2 0.554863323828125 0.4674493034722223 0.037245216406250045 0.07239919861111106
2 0.59655720703125 0.4828121673611111 0.07778315000000005 0.09843743194444446
2 0.689030641796875 0.4993858131944445 0.14633779140624997 0.15234364583333335
2 0.883488515234375 0.5814170041666666 0.22939437265624996 0.3023435444444445
2 0.467096957421875 0.48578984722222224 0.11643498203125002 0.1814016805555555
6 0.526213370703125 0.2732140923611111 0.010546867968749929 0.04218747083333333
6 0.5196215769531249 0.2743859659722222 0.010546867968750017 0.04453121805555556
6 0.37789804375 0.27790158958333333 0.006591792187500012 0.04218747083333333
6 0.36998789179687497 0.27672971597222223 0.00659179296875001 0.04453121805555556
2 0.309814240625 0.43727648125 0.08964837656249998 0.11718742083333338
2 0.172704959375 0.4747764548611111 0.158203015625 0.18749987083333333
6 0.5352535375 0.27656231180555557 0.01054686718749993 0.046874968055555556
6 0.384960673046875 0.27656231180555557 0.00791015234375001 0.046874968055555556
6 0.6987689492187499 0.38437473611111117 0.016389401562499996 0.028124977777777754
2 0.0553972875 0.5026607875 0.10678703593749998 0.2578123222222222
7 0.687392116796875 0.3185154055555556 0.018457017968750034 0.030468727777777795
6 0.37439537421875 0.3761757777777778 0.01502361875 0.02185253611111114