6 0.32691731015625003 0.32886338958333333 0.01201270781249999 0.034815456944444434
6 0.38569378203125 0.38822026458333325 0.009438557812500026 0.013728809722222242
6 0.42645119023437505 0.38898297708333335 0.00858050703125004 0.015254234722222215
6 0.44189610273437496 0.3432202743055556 0.012012708593749987 0.018305081944444426
6 0.49638232070312505 0.40423721041666666 0.012870761718750057 0.018305081944444464
6 0.29002113203124996 0.40499992291666664 0.008580507812499994 0.013728809722222242
7 0.523839943359375 0.36533891180555556 0.012870761718750057 0.013728809722222164
7 0.5162890929687499 0.37983043680555556 0.020078379687500016 0.015254237500000064
7 0.49123401640625 0.3805931472222222 0.014586860937500034 0.025932197222222206
6 0.42722343046875 0.4057626361111111 0.006006354687499993 0.012203388888888927
7 0.2933675375 0.3851694173611111 0.011154659374999997 0.016779656944444495
7 0.29903066367187503 0.36915247361111114 0.012870760156249971 0.012203388888888849
7 0.25012177421875 0.3760168770833333 0.02145126718750001 0.013728809722222242
4 0.310185322265625 0.45686431874999994 0.014586861718749988 0.06254235972222225
4 0.594495053125 0.4751694006944444 0.007722456249999965 0.0411864319444445
2 0.409719201953125 0.4255931402777777 0.009438558593750025 0.009152541666666675
2 0.400280644921875 0.4332202576388889 0.0077224554687500115 0.012203387499999963
2 0.39255818867187503 0.4370338152777778 0.00943855859374998 0.010677963888888876
2 0.38097450429687496 0.43627110486111115 0.013728810156250004 0.018305081944444388
2 0.368103744140625 0.43932195 0.010296608593750011 0.021355927777777752
2 0.35694908476562504 0.44313550902777776 0.012012710156249985 0.02288135138888884
2 0.341075146484375 0.4454236458333333 0.019735164843749996 0.03050846944444443
2 0.3277753609375 0.4477117798611111 0.0223093171875 0.03813558750000002
2 0.28401477695312505 0.4561016104166667 0.034322027343750026 0.05796609305555549
2 0.221806103125 0.48355923194444445 0.12441734843749999 0.12813556944444443
2 0.11255211796875 0.4782202486111111 0.095806721875 0.1418643805555555
2 0.033034953125 0.47745753750000003 0.0643538015625 0.20440673888888894
2 0.42044483671874994 0.43245754375 0.006864406249999977 0.013728809722222242
2 0.427738266015625 0.4324575465277778 0.007722455468750056 0.019830504166666665
2 0.4384639 0.4324575451388889 0.012012709374999986 0.028983045833333342
2 0.4414670765625 0.43627110347222225 0.007722456249999965 0.02440677361111112
2 0.4470444070312499 0.4339829708333333 0.005148304687500005 0.022881352777777725
2 0.450476609375 0.44008466180555555 0.006864404687499981 0.028983045833333342
2 0.46291834492187506 0.44542364305555554 0.02145126796874992 0.042711852777777816
2 0.47793423164062504 0.45228804930555555 0.008580505468750044 0.04118643194444442
2 0.497669396875 0.4576270305555555 0.030889825000000037 0.08237286666666668
2 0.55086853984375 0.46449143888888894 0.08065676718750003 0.10525421666666664
2 0.83432021953125 0.5583049777777778 0.32434315937499997 0.38440670833333335
4 0.6052206874999999 0.46449143680555555 0.012012709375000074 0.028983045833333342