2 0.32089955546875004 0.4264348631944444 0.008237795312499996 0.01730769027777781
2 0.327639569921875 0.42976326805555554 0.006740014843749975 0.021301772222222185
2 0.336251808203125 0.4271005444444444 0.016475589843749992 0.026627213888888848
2 0.34186848789062496 0.4324259881944444 0.02471338515624999 0.023964493055555557
2 0.3590929671875 0.4357543895833333 0.021717823437499995 0.030621295833333305
2 0.37107521523437503 0.4390827916666667 0.03519785078125 0.03727810000000002
2 0.269975005078125 0.4177810215277778 0.008237794531249999 0.029289937500000068
2 0.2684772234375 0.41977806180555555 0.009735575000000019 0.025295856944444493
2 0.26473277109375 0.4177810215277778 0.011233356250000038 0.029289937500000068
2 0.257618312109375 0.42510350555555554 0.022466713281249984 0.04393490555555562
2 0.415634196484375 0.43974847291666663 0.07039570234374999 0.05192307083333334
2 0.395414155078125 0.44041415277777773 0.03295118046875003 0.0399408222222222
2 0.439598690625 0.44707095625000004 0.05092455000000005 0.05325442916666666
2 0.4703031984375 0.45106503958333327 0.06889792031250001 0.058579876388888945
2 0.5575489351562499 0.43775143125000004 0.05916234375 0.03727809861111105
2 0.702084791796875 0.49992597499999997 0.15502032265625001 0.16908281944444442
2 0.736159306640625 0.5358727166666667 0.05991123671874998 0.12115383055555552
2 0.528716654296875 0.46331355416666664 0.14977808828124992 0.08520708888888891
2 0.24091538007812502 0.43697163055555555 0.04718009765625002 0.07322484444444449
2 0.874704037890625 0.5312129562500001 0.24938051796874997 0.4207100097222222