6 0.45767228359375006 0.39945459305555553 0.006823654687500014 0.022528891666666655
6 0.41185631484375007 0.39685510486111114 0.006823654687500014 0.027727868055555563
6 0.43135247187500003 0.43064844375000005 0.004874039062499946 0.019062909722222247
6 0.41234371875000003 0.43064844375000005 0.005848846875000024 0.019062909722222247
6 0.4225792015625 0.46097579930555554 0.006823656250000009 0.017329918055555518
6 0.43281468359374997 0.46357528680555554 0.003899231249999957 0.02252889305555554
6 0.40649487187499994 0.46357528680555554 0.005848846875000024 0.019062909722222247
2 0.44841160898437504 0.48003870763888884 0.027294619531250053 0.038125818055555524
2 0.424041412890625 0.4783057166666667 0.013647310156250026 0.02079590000000001
2 0.405520063671875 0.4800387083333334 0.017546541406250026 0.024261883333333303
2 0.38358688710937494 0.4765727243055556 0.020470964843749995 0.031193851388888857
2 0.31632514609375006 0.4791722118055555 0.036067890625 0.03639282638888888
2 0.27050917734375 0.48697067361111107 0.04191673750000002 0.038125813888888874
2 0.17985204765625 0.4791722125 0.08090905156249999 0.06065471111111115
6 0.5034882523437499 0.4427793861111111 0.008773270312499993 0.01906290833333336
7 0.52054738984375 0.44191289027777775 0.011697693750000049 0.024261883333333383
7 0.466445554296875 0.4592428076388889 0.00877327109374999 0.017329918055555598
7 0.50348825234375 0.4592428076388889 0.004874039062499946 0.017329918055555598
7 0.701374244921875 0.3916561298611111 0.016571733593749992 0.0415918013888889
7 0.93873995546875 0.2521502958333333 0.09748078437499999 0.14037233055555556