6 0.2177763359375 0.33874760625 0.01614197968750002 0.07361366250000004
6 0.8410672605468751 0.39738899513888887 0.015440152343749958 0.056146009722222265
6 0.078464043359375 0.32190380277777775 0.02666935546875 0.08983361944444444
6 0.448676815625 0.1403650277777778 0.024563870312499958 0.08858592777777778
7 0.057760201171875004 0.15845652222222223 0.04842593515625 0.06737521388888888
7 0.05705837734375 0.19775873055555554 0.01614198125 0.043669119444444446
7 0.066533015625 0.24205169652777778 0.023862054687500002 0.0349352986111111
7 0.8340490078125 0.21959329097222222 0.0757971140625 0.03493529583333333
7 0.8529982878906249 0.29320695069444447 0.032283957031249956 0.019963026388888888
2 0.47689750429687494 0.5217420201388888 0.009123728906250062 0.021210715277777816
2 0.47128290234375003 0.5229897104166666 0.007720076562499933 0.02121071527777774
2 0.46742286328125005 0.5229897090277777 0.007018250000000048 0.023706093055555596
2 0.4625100878906251 0.5236135555555556 0.009825552343750044 0.027449161111111113
2 0.45092997265625 0.5273566208333333 0.02175657968750002 0.03243991666666667
2 0.43198069453125 0.5261089326388889 0.018949278124999934 0.0474121875
2 0.414084152734375 0.5254850888888889 0.021054753906249956 0.0561460083333333
2 0.390923923046875 0.5254850895833333 0.03930220703124996 0.06363214583333338
2 0.36495639296875 0.5373381354166666 0.0519350609375 0.059889079166666664
4 0.439279895703125 0.5315155888888888 0.008421900781250002 0.034935294444444445
4 0.43050708242187496 0.5277725215277778 0.009123728906249972 0.04242142916666667
9 0.589006756640625 0.5115525527777778 0.027371180468749933 0.04366911944444449
2 0.59585686640625 0.5306837875 0.014036503124999999 0.039926052777777776
2 0.60498059375 0.5325553215277777 0.019651104687499997 0.04865987638888885
2 0.614455233203125 0.5313076333333333 0.011931028906249974 0.041173744444444396
2 0.637264549609375 0.5344268555555556 0.04632046015624995 0.06238445833333333
2 0.653055615625 0.5462799020833333 0.030178482812500018 0.04616449861111107
2 0.30810854921875 0.5442004166666666 0.0828153671875 0.08609055277777773
2 0.694580275390625 0.5597965305555556 0.06737521484375 0.07486134722222222
2 0.5352659656250001 0.5797595569444444 0.13615407968749996 0.1796672361111111
2 0.837101946484375 0.54648785 0.03649490859375 0.02370609444444448
6 0.213897830859375 0.42485607430555555 0.02246301640624999 0.03327854583333334