3 0.9557990925781251 0.5233635000000001 0.05166481484374987 0.1109114694444444
7 0.5429679703125 0.4479783597222222 0.009748078124999981 0.012130941666666692
2 0.037530101953125 0.5649553027777778 0.07506020390625 0.13863933888888885
4 0.103817035546875 0.5077665763888889 0.018521349218750018 0.07278565277777783
4 0.44110055039062496 0.49476913819444446 0.010722886718750057 0.04332479305555555
3 0.7618123324218751 0.5372274347222222 0.024370196093749998 0.08318360277777773
3 0.739391750390625 0.5398269236111111 0.018521347656249975 0.08145061111111115
3 0.718433383203125 0.5268294854166666 0.04484116015625004 0.10397950138888884
2 0.627288848828125 0.5129655493055556 0.08675789765625001 0.11784343749999995
2 0.15694406367187502 0.5415599145833333 0.11502732578125001 0.10224651249999997
2 0.23151686367187502 0.5250964916666667 0.06921135703125003 0.09011556944444447
2 0.28708091171875 0.5181645263888889 0.045815968750000026 0.05892171944444442
2 0.31924956953125 0.5129655520833333 0.036067890625 0.05198975138888894
2 0.34556938046874996 0.5086330715277777 0.03021904218749998 0.03985880972222217
2 0.383586887109375 0.49910161805555553 0.032168660156249994 0.03465983333333335
2 0.42452881679687504 0.4913031548611111 0.02047096484374995 0.019062906944444395
2 0.58293509140625 0.5086330729166666 0.031193851562500007 0.06758667638888885
2 0.5444301816406251 0.49043665833333333 0.018521349218749972 0.024261883333333383
2 0.5307828718750001 0.48610417916666665 0.010722885937499971 0.01906290833333336
2 0.52152219765625 0.48610417916666665 0.009748078124999981 0.01906290833333336
2 0.5073874843749999 0.4826381979166667 0.014622118750000013 0.015596926388888871
2 0.487891326953125 0.48003870902777773 0.012672502343750036 0.020795898611111124
2 0.470832188671875 0.47830571666666666 0.011697694531250047 0.013863933333333339
2 0.459621898828125 0.4800387083333334 0.010722885156249973 0.017329916666666712