0 0.029498036718750002 0.47090564236111115 0.057401590625 0.06590553194444443
0 0.10364175742187501 0.4772835958333333 0.05740158984375001 0.06590553055555554
0 0.11380662187500001 0.4762206048611112 0.03946359375000001 0.055275606944444416
2 0.193929676171875 0.5070473833333333 0.13752464296875003 0.1254331055555555
4 0.336237785546875 0.5159056340277778 0.03228839296875004 0.1062992402777778
0 0.37151584765625 0.5229922708333333 0.0430511921875 0.06377954444444443
4 0.4629996328125 0.5198032951388888 0.017937996875000018 0.09566931805555556
4 0.493494228515625 0.5198032951388888 0.016742132031250013 0.09141734861111112
7 0.5437206207031251 0.4209449986111111 0.011958664843750012 0.025511819444444465
7 0.52279295703125 0.4188190118055556 0.017937996875000018 0.02551181805555558
4 0.712434090234375 0.5488853472222223 0.018626196093750026 0.09430584722222224
0 0.6992342296875 0.5450846361111111 0.019235800000000046 0.03568079444444439
0 0.72604554140625 0.5463781034722222 0.020058979687499968 0.042519695833333294
7 0.627396393359375 0.37353553055555555 0.04185532578124995 0.04464568333333337
6 0.678818652734375 0.28211818194444443 0.02272146328125002 0.07440946944444443
6 0.6949628492187501 0.28530715902777776 0.011958665625000009 0.06803151527777776
7 0.6788186515625 0.23640950763888893 0.013154531250000013 0.02976378749999999
2 0.8176309925781251 0.5286109493055556 0.11719491328125012 0.13818901527777783
2 0.9030436140625 0.5553072326388889 0.05500985468750006 0.07228348472222221
1 0.9532700070312501 0.52448045625 0.09088585156250009 0.12118113750000004
6 0.023483824218749998 0.3554646597222222 0.017937996875000004 0.034015755555555555
7 0.0814833484375 0.3490867048611111 0.0239173296875 0.012755909722222193
7 0.10659654375000001 0.32463787708333336 0.009566931250000011 0.02338583472222224
7 0.038432155078125 0.39692136249999993 0.02152559609375 0.04889764999999997