2 0.8455255335937499 0.6271814812500001 0.3079599687499999 0.2619608847222222
2 0.649834515625 0.569660970138889 0.16762377968750003 0.14691986250000003
2 0.5551075890625 0.5481774076388889 0.09511674843749995 0.09840858472222219
2 0.49624435390625 0.5343170409722222 0.05691412031249996 0.07623200416666667
2 0.46856693906249997 0.5176846034722222 0.06704951250000005 0.09286444027777777
2 0.357857279296875 0.5052102763888888 0.034304402343749985 0.051283347222222234
2 0.26624893437499997 0.48788482152777785 0.02884688281250001 0.030492801388888876
2 0.293926350390625 0.4837267138888889 0.026507946093749978 0.019404508333333344
2 0.24363921523437498 0.48441972986111115 0.01637255546875003 0.015246398611111149
6 0.346162598046875 0.3977924555555556 0.007796453906250012 0.024948655555555553
6 0.36955196210937497 0.4573920194444444 0.010915036718750003 0.013860363888888906
6 0.149691933203125 0.3714870659722222 0.010915036718750003 0.027662118055555615
6 0.23350382460937497 0.4407595833333333 0.007016810156249997 0.016632436111111166
6 0.2736555671875 0.44976882152777775 0.009355746874999982 0.01247432916666674
2 0.32589181484375 0.48372671180555554 0.01715220156249999 0.02217658194444441
7 0.463584272265625 0.42468720069444443 0.014501942968750025 0.01874998750000003
7 0.45501494179687507 0.4059372138888889 0.02373045234375004 0.023437483333333297
7 0.423374338671875 0.42585907500000003 0.018457017968749944 0.016406238888888917
6 0.43062531015625005 0.46218717569444445 0.011865226562499932 0.01874998750000003
6 0.4642434515625 0.45632780416666663 0.018457018750000033 0.021093736111111146
4 0.8828222652343751 0.47859341388888893 0.03559567890625015 0.06562495555555559