2 0.04548789921875 0.4744900097222222 0.09040182656250001 0.036734711111111075
2 0.18711742578125 0.4744900097222222 0.10331637343750003 0.036734711111111075
2 0.2361927046875 0.4767859298611111 0.015497456249999963 0.02908164583333333
2 0.26675713164062503 0.4760206236111111 0.055963035156249986 0.030612258333333385
2 0.341231015625 0.48443899375000005 0.012053576562499968 0.013775518055555599
2 0.31626289335937496 0.46913286458333336 0.043048488281249984 0.044387776388888904
2 0.48903083203125003 0.5173471722222222 0.013775517187499985 0.027551033333333346
9 0.410252097265625 0.5005104305555556 0.018080366406250013 0.033673486111111116
2 0.389875808203125 0.5104594145833333 0.01808036640624997 0.016836743055555558
2 0.4195792671875 0.5135206395833333 0.013775517187499985 0.016836743055555558
2 0.43421575234375 0.5150512520833332 0.015497456249999963 0.016836743055555558
2 0.46176678515624997 0.5066328819444444 0.03788267031249992 0.052040838888888885
2 0.660507315234375 0.5686227041666666 0.18166462265625008 0.18520416388888886