2 0.384853232421875 0.34787748125 0.02582907109375001 0.03306121527777779
2 0.357990997265625 0.34144890902777775 0.009298467968749956 0.009183670833333343
2 0.363156810546875 0.3588978861111111 0.013431119531250025 0.018367341666666724
2 0.33681115312500004 0.3524693159722222 0.03926019531249998 0.04224488472222221
2 0.30065044609375 0.36165298611111113 0.03306121562500004 0.034897952777777796
2 0.25260836640625 0.3662448215277778 0.0609566203125 0.058775495833333365
2 0.23039535937500003 0.3497142138888889 0.01446428281250003 0.022040811111111107
2 0.191651744921875 0.36716318680555554 0.06302294609374999 0.0642856986111111
2 0.15084180390625002 0.3625713541666667 0.0392601953125 0.06612243611111113
2 0.072321412890625 0.38461216527777775 0.14464282578125 0.11755099722222226
2 0.48000755742187506 0.3267550347222222 0.01446428046875008 0.009183672222222227
2 0.4851733734375 0.36899992361111106 0.02686223906249996 0.07897957500000001
2 0.49860449179687494 0.35981625069444445 0.014464282031250076 0.023877540277777755
2 0.509452705078125 0.35981625069444445 0.013431116406249988 0.023877540277777755
2 0.524433568359375 0.35522441250000003 0.024795913281250036 0.07714283611111113
2 0.560594275390625 0.3552244131944444 0.05785713359375002 0.10653059027777781
2 0.8792217675781251 0.4503934958333333 0.23969382734374997 0.46154509722222214
9 0.748317238671875 0.2650145208333333 0.27627334140625004 0.3673468638888889
2 0.43813492499999995 0.36655969513888886 0.08988518281249998 0.13959180694444448
2 0.632886163671875 0.38650137013888897 0.11984691328125008 0.14326527361111113
7 0.49952207265625 0.31058948125 0.030274065625000013 0.024667756944444442