2 0.50251344453125 0.5562903430555556 0.30511485625 0.3985880972222222
2 0.19106233789062502 0.4263159645833333 0.09748078515625 0.09704753750000003
2 0.232491670703125 0.4107190388888889 0.06336251015625001 0.09358155277777777
2 0.2758706203125 0.4133185263888889 0.017546540624999985 0.07105266111111111
2 0.3158377421875 0.4133185263888889 0.04289154531249997 0.06758667777777781
2 0.353855248046875 0.40898604722222226 0.02534500390625003 0.048523769444444455
2 0.38358688750000003 0.3942556173611111 0.022420581250000016 0.025994876388888834
7 0.49666459765625 0.32580244375 0.014622118750000013 0.03465983194444442
7 0.821763013671875 0.055455735416666666 0.03119385078124992 0.04505778472222222
7 0.816401570703125 0.012130942361111112 0.06336251015624991 0.02079590138888889
6 0.8451584027343749 0.21229148541666668 0.033143467968749896 0.07105265972222224
6 0.7969054140625 0.21922345347222225 0.012672501562500039 0.05718872638888889
6 0.5921957667968749 0.30240705625 0.004874039843749944 0.025994876388888914
6 0.603406056640625 0.30500654444444447 0.00974807890624998 0.02079590000000001
7 0.5848847074218749 0.2486843125 0.027294619531250053 0.015596924999999985
7 0.586346919140625 0.2703467104166667 0.012672502343750036 0.01732991805555556
6 0.459621899609375 0.08491659444444444 0.012672502343749947 0.07278565277777778
6 0.47911805546875 0.08405009791666666 0.018521348437499974 0.06065471249999999
7 0.066286933203125 0.22702191597222224 0.035093083593750005 0.01732991805555556
6 0.08529568671875001 0.30673953541666665 0.014622118750000001 0.0311938513888889
6 0.17294062109375 0.008881579166666667 0.024545739062500016 0.017763158333333334
6 0.3636033265625 0.32580244444444445 0.007798462500000003 0.020795899999999968
6 0.40649487187499994 0.33013492291666663 0.007798462500000003 0.019062906944444437
6 0.36262851874999996 0.35006432916666663 0.011697693750000005 0.01386393611111111