2 0.604258875390625 0.35915126805555553 0.04011796015625002 0.035660411111111165
2 0.663719424609375 0.3616984395833333 0.047281882031249986 0.04075475416666667
2 0.41011660234375 0.4011796076388889 0.053013018749999974 0.05349061249999999
2 0.35710358203125 0.39226450347222225 0.0673408625 0.04075475416666663
2 0.298359426953125 0.39226450277777775 0.03581960546874998 0.030566063888888963
2 0.26540538671874997 0.4037267791666666 0.03295403906250001 0.04839626944444441
2 0.23316774101562504 0.40372677847222227 0.03152125703124997 0.038207579166666665
2 0.191616995703125 0.41009470972222223 0.04011796015625 0.06113213055555554
2 0.151499034375 0.4406607715277778 0.05158023593750001 0.06622647361111104
2 0.11066468320312499 0.5107080069444444 0.12465223359375 0.17066053055555558
2 0.724612756640625 0.3935380895833333 0.02005897890625006 0.043301926388888905
2 0.67876365859375 0.4215569840277778 0.07450478437500001 0.08405667916666665
2 0.543365542578125 0.5132551777777777 0.22208156796875 0.3489625777777778
2 0.07360034062500001 0.6240571645833334 0.14720068125000002 0.32603802916666663
7 0.0055430867187500005 0.3425946486111111 0.011086173437500001 0.022924552777777763
7 0.05192052539062499 0.32731161388888885 0.012895060156250004 0.02801889166666665
7 0.051204133203125 0.3808022305555555 0.020058980468749994 0.04839626944444441
7 0.084874564453125 0.3948116770833333 0.02435733359375001 0.04075475138888894
7 0.23818248515625 0.3502361645833334 0.041550745312499957 0.06877364861111113
7 0.286897150390625 0.3425946472222222 0.06447529296875003 0.058584958333333347
7 0.5584097773437501 0.2610851416666667 0.037252390624999965 0.04330192500000002
7 0.343492132421875 0.1541039125 0.15187513671874994 0.12481143055555556
6 0.3105380921875 0.21141528472222224 0.017193412499999994 0.07641516111111112
6 0.06338279960937501 0.4113682930555555 0.012895060156250004 0.03311323611111108
6 0.10278436835937499 0.4113682951388889 0.01146227421874999 0.022924551388888877
2 0.6329145617187499 0.40245319166666665 0.040117960937500016 0.06113213055555554