7 0.132449034765625 0.6705144777777778 0.01765987109375 0.013455138888888898
7 0.35912609296875 0.7377901777777778 0.00882993593750001 0.017940186111111225
7 0.3767859640625 0.7243350381944444 0.016398451562500017 0.013455140277777862
2 0.044780387890625 0.7445177479166666 0.04414967890625 0.013455140277777704
2 0.10658993750000001 0.7490027958333333 0.018921290624999997 0.008970094444444498
2 0.350043876953125 0.7579728881944444 0.011352774218749983 0.004485045833333364
2 0.3361682640625 0.7546091027777777 0.011352774999999982 0.01121261666666666
2 0.324815489453125 0.7557303652777777 0.011352774218750028 0.008970094444444498
2 0.313462715234375 0.7534878409722223 0.011352774218749983 0.008970093055555612
2 0.29706426328125 0.7568516263888887 0.011352775000000027 0.01121261666666666
2 0.22756005742187496 0.7534878409722223 0.01765987109374998 0.008970093055555612
2 0.24269708984375002 0.7523665791666667 0.012614193750000035 0.01121261666666666
2 0.25341915546875005 0.7523665791666667 0.013875614062499996 0.01121261666666666
2 0.2849546390625 0.7546091027777777 0.01639845156249997 0.01121261666666666
2 0.268556187109375 0.7523665805555555 0.01387561328125 0.015697663888888908
2 0.36505477929687496 0.7624579347222221 0.010091355468750018 0.013455138888888976
2 0.372623295703125 0.7624579347222221 0.010091355468750018 0.013455138888888976
2 0.39659026367187505 0.7647004583333333 0.02270554921875001 0.02242523333333332
2 0.38019181171875 0.7658217194444445 0.012614193749999992 0.01569766388888875
2 0.406050908984375 0.7669429819444445 0.013875613281249954 0.01794018888888884
2 0.41803439335937503 0.7714280277777777 0.02018271015624995 0.02691028055555541
2 0.460291942578125 0.7602154118055555 0.011352774218750028 0.008970093055555612
2 0.456507684375 0.7759130750000001 0.01639845156249997 0.02691028055555557
2 0.47101400703124996 0.7703067666666666 0.01765987187500002 0.024667758333333248
2 0.47681652460937496 0.7792768597222223 0.02018271015624995 0.03812289722222222
2 0.49826065429687494 0.7815193833333335 0.03279690390624994 0.04709299166666657
2 0.5511141183593751 0.7669429812499999 0.01639845234374997 0.013455140277777704
2 0.56246689296875 0.7781555979166667 0.0214441296875 0.03588037361111118
2 0.585803151171875 0.7803981215277778 0.04036541953125008 0.0493355125
2 0.598417344921875 0.7893682145833334 0.04036541953124999 0.0583056069444445
2 0.43632497421875005 0.7792768597222223 0.02901264531250005 0.042607944444444316
2 0.5324451269531251 0.7927319999999999 0.04667251640624999 0.060548130555555545
2 0.651775407421875 0.8252485881944444 0.11731200234374999 0.1345514013888888
9 0.514028396484375 0.7422752250000001 0.04919535546875 0.04485046666666664
9 0.8337982085937501 0.7568516263888889 0.3292304578125 0.33189345277777776