6 0.42669776875 0.4763485645833333 0.007020420312499986 0.020801248611111114
6 0.46531008632812504 0.47530850208333325 0.00468028046875002 0.018721123611111147
6 0.457704629296875 0.5033901875 0.00819049140625001 0.016640997222222214
6 0.59050759296875 0.45554731875000004 0.007020420312500076 0.024961498611111133
2 0.47408561171874997 0.5262715604166667 0.008190490625000013 0.020801248611111114
2 0.5050924722656249 0.5273116229166667 0.009360561718750039 0.0270416236111111
2 0.5068475757812501 0.5283516854166667 0.010530631249999978 0.024961498611111133
2 0.51328296171875 0.5304318090277778 0.011700703125 0.0291217458333333
2 0.52615373359375 0.5314718715277778 0.023401403125000008 0.031201870833333346
2 0.465895120703125 0.5262715604166667 0.010530632031250065 0.020801248611111114
2 0.45477945390625 0.5283516840277778 0.030421824999999993 0.04160249583333334
2 0.435473295703125 0.5200311854166666 0.012870771093749945 0.024961498611111133
2 0.422017489453125 0.5210712479166667 0.011700702343750003 0.022881373611111085
2 0.410316787109375 0.5262715604166667 0.016380982031249935 0.029121748611111147
2 0.376969787109375 0.5262715590277778 0.01053063203125002 0.012480748611111083
2 0.36936433203124996 0.5241914354166667 0.011700703125 0.0166409986111111
2 0.357663629296875 0.5252314979166667 0.014040842968750012 0.01456087361111113
2 0.34069761249999997 0.5293917458333334 0.0175510546875 0.01872112222222218
2 0.3137859984375 0.5283516854166667 0.02925175468750001 0.024961498611111133
2 0.285704315234375 0.5325119333333334 0.022231332031249985 0.02080124722222223
2 0.26639815703125 0.5221113104166667 0.023401403125000008 0.029121748611111147
2 0.3933507703125 0.5366721833333333 0.03159189531250002 0.04992299444444449
2 0.022627447265625 0.55227311875 0.04525489453125 0.08528511527777777
2 0.159336736328125 0.5720343048611112 0.24922494609374998 0.27457646527777774
2 0.436643365234375 0.5637138048611111 0.062013717968750014 0.07904474027777779
2 0.5659361191406249 0.5585134937499999 0.07020421015625003 0.09776586527777774
2 0.488126453125 0.5325119333333334 0.0269116140625 0.04160249444444446
2 0.7823991007812501 0.599075926388889 0.3112386640625001 0.36194170555555555
2 0.947378993359375 0.5949156763888889 0.10296617421874998 0.2412944722222222
4 0.05754063203125 0.4701081916666666 0.0245714734375 0.09152548888888887
7 0.498072049609375 0.47530850208333336 0.009360561718749948 0.01456087361111113
7 0.404466437890625 0.498189875 0.009360561718750039 0.014560872222222245
7 0.5659361191406249 0.47114825208333333 0.016380982031250026 0.01456087361111113