6 0.2248420828125 0.48699935833333335 0.019120967187499983 0.038848952777777786
6 0.385321642578125 0.024280586805555556 0.028681453906250008 0.04578625416666667
6 0.498681671484375 0.47728712152777775 0.012292050781250018 0.029136712499999995
2 0.539484473828125 0.6006412208333334 0.03551037265624997 0.04674014444444449
9 0.36124972890625 0.5815202534722222 0.0778496578125 0.11411879861111116
2 0.33734851718750003 0.6130850256944445 0.05189977031250002 0.08012596250000001
4 0.206916195703125 0.5936605472222223 0.004097350781249976 0.0461331333333333
4 0.198721494921875 0.5900184611111111 0.009560485156249987 0.03399283333333329
7 0.432953362109375 0.4613313076388889 0.010926269531250022 0.02428059583333335
7 0.0717036328125 0.5293169736111111 0.028681453125 0.01942447777777774
7 0.55109363125 0.5098924965277778 0.01502361875 0.029136712499999995
7 0.586604003515625 0.4965381708333333 0.017755186718749982 0.03642089444444447
7 0.7117438921875 0.4016704027777778 0.06146025468750001 0.1602519277777778
6 0.745034884375 0.5481344340277777 0.023218318749999956 0.03156477361111109
6 0.674560458203125 0.5351443159722222 0.015023617968750003 0.02428059583333335
1 0.43759702421875 0.57156520625 0.07921543906250003 0.15539580972222228
4 0.8546390089843751 0.6064078618055556 0.017755185156249985 0.0643435763888889
7 0.6410987628906251 0.517176675 0.01365783515625001 0.024280594444444463
2 0.964413835546875 0.627479938888889 0.06692338984375006 0.09226625833333336