6 0.334385141796875 0.2078904736111111 0.014501942968749982 0.08203119444444443
6 0.09839897578125 0.4199997034722222 0.009228507812499998 0.02343748194444449
6 0.206504369921875 0.4082809625 0.006591792968749966 0.023437483333333377
6 0.07203180742187501 0.4141403340277778 0.009228510156250003 0.02578123194444449
6 0.364048206640625 0.36140599444444443 0.023730452343749996 0.028124980555555564
6 0.22891646484375 0.4434371868055556 0.009228509375000016 0.023437484722222183
7 0.28758341640624996 0.3754684861111111 0.010546867187499975 0.028124980555555606
7 0.2935160296875 0.39070284861111115 0.01186522656250002 0.021093733333333295
7 0.25989788867187497 0.4375778166666666 0.013183585156249978 0.016406238888888838
4 0.4345803851562501 0.47390591736111104 0.030322243749999967 0.11718742083333329
4 0.886777340234375 0.47390591736111115 0.06723628203124984 0.26249982083333334
2 0.230234823046875 0.47390591597222215 0.011865225781249978 0.023437484722222183
2 0.205186012109375 0.4774215402777778 0.03295896171874999 0.04453121944444444
2 0.045005458984374996 0.49148402986111106 0.031640603906249995 0.03515622638888887
2 0.172227050390625 0.47859341388888893 0.04086911171874998 0.06093745833333336
2 0.2546244546875 0.4809371618055555 0.050097621875 0.06562495416666671
2 0.11356009843749999 0.4938277791666667 0.081738225 0.1195311694444444
2 0.010637502734375 0.4914840291666667 0.02127500546875 0.05859371111111113
1 0.9368749628906251 0.39187472361111114 0.12524405546875012 0.33281227222222226
4 0.349546264453125 0.4891402819444445 0.021093735156250036 0.13828115555555556
4 0.33306678359374997 0.46687467222222223 0.017138657812499992 0.06093745833333328