2 0.054589239062499996 0.7365214840277777 0.10917847812499999 0.19062909027777772
2 0.1647425265625 0.6888642111111111 0.18326387500000002 0.19236208055555556
2 0.27928244687500003 0.6715342965277777 0.10235482187499997 0.1473043013888888
2 0.39772160078124996 0.5866176993055555 0.08968232187499998 0.05718872638888889
2 0.6472724097656251 0.6169450541666666 0.03314346640624999 0.0623877027777778
2 0.6716426058593751 0.6394739472222223 0.02924423515625003 0.07625163611111105
2 0.7228200171875001 0.6377409555555555 0.09260674531249995 0.1490372888888889
2 0.747677618359375 0.6559373687500001 0.056538855468749996 0.10917847916666663
2 0.878301869140625 0.6627488145833333 0.2417523460937499 0.3325423097222222
2 0.467907766015625 0.7781132875000001 0.4659581507812501 0.4401799027777778
7 0.6774914527343749 0.5008346090277779 0.015596925781250003 0.024261881944444418
7 0.627469071484375 0.5780878145833334 0.008580507031249952 0.02593219861111109
7 0.6176014882812499 0.5803759493055556 0.009438557812499937 0.018305081944444464
2 0.33916404140625 0.6238505173611111 0.0497669390625 0.06864405416666668