7 0.70283645625 0.5808988222222222 0.017546540624999985 0.03812581944444441
7 0.6165659628906249 0.5609694166666667 0.00877327109375008 0.015596924999999985
7 0.300728220703125 0.5497049694444445 0.020470964843749995 0.03119384999999997
6 0.574649225390625 0.569634375 0.0068236554687500115 0.01906290833333328
6 0.6004816328125 0.5808988215277777 0.005848846874999936 0.017329918055555598
6 0.58780913125 0.5921632680555555 0.005848846875000024 0.015596927777777757
6 0.47083218984375 0.5722338625 0.005848846875000024 0.02079590000000001
6 0.520059986328125 0.5990952347222223 0.004874039843749944 0.01906290833333328
2 0.5234718132812499 0.6328885722222223 0.01169769374999996 0.027727866666666677
2 0.5127489269531249 0.63375506875 0.021445772656249938 0.03639282638888888
2 0.46205891914062497 0.6398205402777778 0.03119385078125001 0.04505778611111108
2 0.42209179726562496 0.6424200270833333 0.02144577265625003 0.046790776388888844
2 0.40503265937500005 0.6424200270833335 0.03216865781250004 0.05025675972222222
2 0.38699871484375004 0.6476190027777778 0.025345004687499985 0.05372274444444448
2 0.36409073046875 0.6502184909722222 0.04191673749999998 0.06585368749999998
2 0.33777091914062496 0.6519514826388888 0.03996712265625 0.06238770416666668
2 0.581472880078125 0.6467525076388889 0.03606788984375005 0.05198975416666664
2 0.625339233203125 0.6467525076388889 0.024370196093749998 0.05892172083333331
2 0.6472724097656251 0.6467525055555555 0.03704269765624994 0.06585368611111109
2 0.6692055867187501 0.6510849868055555 0.03606789062500004 0.06758667916666662
2 0.701861648828125 0.65455096875 0.06823654921875004 0.08145061250000005
2 0.7700981984374999 0.6727473826388889 0.09163193750000005 0.11437745416666666
2 0.84613321015625 0.6857448208333333 0.1364730984375 0.15077028055555547
2 0.29634158515625 0.6623494319444444 0.08188385937499998 0.09011556944444439
2 0.546867201953125 0.6554174652777778 0.05458923984375001 0.07971761944444451
2 0.12185098046875001 0.7360015819444445 0.24370196093750002 0.5250964944444445
2 0.9333785124999998 0.7126061923611112 0.13159905937499997 0.21489097361111117