7 0.133636226171875 0.3874622111111111 0.02925084765624999 0.06525679444444445
7 0.54142746015625 0.35432399652777774 0.015485743750000048 0.025490934722222195
7 0.788052257421875 0.19271147083333331 0.022368294531250044 0.0489425972222222
7 0.790346439453125 0.24573261319444445 0.024662478906250042 0.05302114583333335
4 0.3986144953125 0.41006419513888887 0.014912196874999983 0.06015860694444449
5 0.48206544570312493 0.39069108611111114 0.01548574296875005 0.027530211111111116
3 0.4815994390625001 0.4122733861111111 0.017206381250000024 0.03874622222222225
2 0.06309006523437499 0.4270581409722223 0.013765105468749993 0.013255284722222172
2 0.11270179687500001 0.40717521180555555 0.010897374999999987 0.012235648611111098
2 0.10209119531250002 0.4138028541666666 0.014912196875000006 0.009176736111111063
2 0.10524569765625 0.4194108611111111 0.015485743750000003 0.012235649999999983
2 0.36601797382812495 0.4093844173611111 0.007456097656249971 0.013255287500000022
2 0.389820135546875 0.4012273173611111 0.006882552343750037 0.017333834722222243
2 0.41161488437500005 0.3976585875 0.01261801250000003 0.012235649999999983
2 0.427674173046875 0.3986782256944445 0.00917673671874999 0.0101963736111111
2 0.44115250507812503 0.39561931111111115 0.00975028359375001 0.008157097222222218
2 0.5003233500000001 0.3961291298611111 0.006882553124999991 0.009176734722222177
2 0.51322813515625 0.39459967430555565 0.008603190624999969 0.01019637638888887
2 0.5235519652343751 0.39459967430555554 0.00975028359375001 0.01631419861111109
2 0.5677150097656251 0.3900113055555555 0.01204446640625001 0.015294561111111132
2 0.5548102234375 0.38287384444444444 0.01261801250000003 0.015294561111111132
2 0.376150616015625 0.4068353222222222 0.013191558593750008 0.01631419722222221
9 0.2516567671875 0.36659947638888885 0.2116384890625 0.28243956388888886