6 0.35530698203125 0.29004720277777774 0.010796793749999978 0.03412319999999999
6 0.544850694921875 0.29217990208333333 0.008397505468749955 0.029857801388888876
6 0.535853367578125 0.29004720277777774 0.007197863281250072 0.03412319999999999
7 0.167562734765625 0.3710898013888889 0.02399287578125 0.051184799999999975
7 0.6270262925781249 0.32417040208333336 0.016795013281249993 0.012796201388888899
4 0.702603848828125 0.4073457006944444 0.014395725781250058 0.059715601388888866
4 0.657617207421875 0.40201395277777774 0.010796794531250065 0.0533175
2 0.5046626300781251 0.39881489999999997 0.011996438281250032 0.02132700000000006
2 0.5136599578125 0.3945495013888889 0.008397506250000042 0.017061600000000017
2 0.5196581777343751 0.39988125069444447 0.010796794531249976 0.031990498611111126
2 0.547849803515625 0.3966822 0.007197863281249983 0.017061600000000017
2 0.55624731015625 0.4009476006944444 0.00959715000000001 0.02559240138888891
2 0.4686733171875 0.40521300277777783 0.016795012499999994 0.025592400000000026
2 0.45427759179687505 0.4158765013888889 0.014395725781249969 0.02985779999999999
2 0.4116902390625 0.4169428506944445 0.010796793750000066 0.031990498611111126
2 0.40329273164062496 0.4158764999999999 0.017994655468749964 0.02132699999999998
2 0.35950573515625 0.4148101506944444 0.009597151562500007 0.019194301388888925
2 0.343910365625 0.4126774513888889 0.016795012499999994 0.023459700000000003
2 0.273731206640625 0.45213240069444444 0.03958824609375 0.059715601388888866
2 0.168762378125 0.45426510000000003 0.0455864625 0.05118480000000005
2 0.22154670312500002 0.45639780138888886 0.0743779125 0.07251180000000003
2 0.324716065625 0.4457343006944444 0.05518361249999999 0.05545019861111105
2 0.37750039140624997 0.42547365 0.043187175 0.040521300000000024
2 0.43088453867187504 0.42120825069444445 0.039588244531250004 0.05331750138888888
2 0.4930098734375 0.41462242013888884 0.029478814062500015 0.052942040277777776
2 0.53585336796875 0.4105447513888889 0.02879145000000003 0.040521300000000024
2 0.5964353761718749 0.4222746013888889 0.025192519531249947 0.05118480000000005
2 0.6282259359375 0.43187175069444445 0.06718005156249998 0.0831752986111111
2 0.692406876171875 0.39561585069444444 0.04918539453125002 0.03199049861111105
2 0.766784789453125 0.4926537013888888 0.17394834453124997 0.191943
2 0.025598644921875004 0.4870864611111111 0.05119728984375001 0.16042348055555555
2 0.8944890996093751 0.5672982020833334 0.21102180078124996 0.3454974041666666
2 0.9566503394531249 0.36304662430555557 0.08569330078125006 0.06703119583333338
2 0.5736672039062499 0.40828096250000007 0.03427732031249997 0.05624996111111113