6 0.1611185234375 0.30579972986111115 0.014586859374999993 0.06101693750000001
6 0.16111852304687502 0.3896980201388888 0.009438555468750009 0.042711856944444467
6 0.143528486328125 0.3103759986111111 0.010296610156250007 0.05796608611111114
6 0.133660901171875 0.3134268472222222 0.009438555468750009 0.042711855555555546
6 0.6553557187499999 0.40266411805555563 0.011154659374999997 0.03508473888888888
6 0.64463008515625 0.40266411874999997 0.008580506249999953 0.04423727916666667
7 0.175427492578125 0.5012412041666667 0.02604378515625001 0.051489852777777796
2 0.057294391796875 0.6055454347222222 0.11240463984375 0.11440675555555554
2 0.49661634218750006 0.6063081493055555 0.175900390625 0.10067795138888892
2 0.755747648828125 0.6002064534722222 0.14157836171874996 0.08847455972222222
2 0.96210883828125 0.6863928756944445 0.07379235937500006 0.2852541791666666
2 0.9067645703125 0.5719861201388888 0.016302965625 0.12661014583333327
2 0.9539573570312501 0.5635962930555556 0.09009532187500006 0.3020338444444445
7 0.65093870390625 0.4770217013888889 0.010296607812500014 0.01830508055555558