2 0.25189806015625 0.43005560625 0.04522595781250001 0.0822715069444445
2 0.308693446875 0.43846973819444446 0.09150367968750003 0.12527706805555552
2 0.3511848203125 0.3945292736111111 0.034708292187499976 0.041135752777777805
2 0.441040725390625 0.46433540624999997 0.17599557734375004 0.2779779819444445
2 0.62001631015625 0.43005560694444445 0.11043547499999998 0.14958455833333334
2 0.5675782523437499 0.4081521659722222 0.028397693749999942 0.05609420972222223
7 0.28450281875 0.3005714729166667 0.03260475937500003 0.020567876388888903
7 0.208249753125 0.3332930951388889 0.016828262500000003 0.026177298611111115
7 0.8695478953125001 0.2982342145833333 0.022087095312499905 0.034591429166666646
6 0.32184052734375 0.3099205076388889 0.012621196874999985 0.028047104166666673
6 0.2413803953125 0.35386097222222224 0.015776496875 0.02617729722222223
6 0.4638289953125 0.3155299284722222 0.01682826249999998 0.024307490277777788
6 0.44279366679687493 0.31179031458333334 0.014724730468749937 0.024307490277777788
2 0.12223028320312501 0.47730162847222224 0.07317289453125 0.16834942083333335
2 0.050935544140625 0.49977269375 0.10096957734375 0.3718244819444444
4 0.8207985476562498 0.3992037916666667 0.01893179531250002 0.05048478888888886
2 0.843937408203125 0.6293499451388889 0.31132286328125003 0.6096112708333334
7 0.5104573171875 0.32316497847222225 0.014724729687500026 0.020567876388888903
7 0.593985091015625 0.3033761833333334 0.011569430468749965 0.011218841666666693