7 0.47149442265624997 0.3754684861111111 0.022412093749999952 0.04218747222222225
7 0.970493103515625 0.27937479930555553 0.03955075390624998 0.02343748472222222
2 0.31592812421875005 0.44695281111111107 0.014501943749999979 0.016406238888888838
2 0.27967326562499994 0.4504684333333333 0.015820301562499983 0.018749986111111148
2 0.263852963671875 0.45164030763888896 0.01845701796874999 0.03046872916666664
2 0.344272830859375 0.4446090625 0.010546867968750017 0.021093736111111067
2 0.39502963203124997 0.45046843263888897 0.014501943749999979 0.02343748194444441
9 0.375913434375 0.4317184458333333 0.021093735937500035 0.028124980555555526
2 0.2968119265625 0.44695281041666673 0.023730454687499992 0.02109373472222218
2 0.240781690625 0.45281218194444445 0.030322243750000012 0.03281247777777775
2 0.377890971875 0.45281218263888895 0.0250488109375 0.03749997638888887
2 0.35547887773437503 0.44695281041666673 0.011865225781250021 0.02109373472222218
9 0.07532770234375 0.46101530069444446 0.087011659375 0.09609368472222223
2 0.02052519140625 0.4680465458333333 0.0410503828125 0.1054686777777778
7 0.049619712890625 0.3496872541666667 0.014501942968750004 0.037499974999999984
2 0.633625099609375 0.4575098159722223 0.06628693359374997 0.04852376805555557