2 0.10527924687500001 0.6801992527777778 0.21055849375000002 0.40032108888888895
2 0.215432533984375 0.5502248729166667 0.14232194609375 0.09184856250000001
2 0.84223397890625 0.5077665763888889 0.1442715609375 0.07971761944444443
2 0.9197312027343749 0.4783057159722222 0.05751366328124998 0.031193851388888857
2 0.9460510140625 0.5017011048611112 0.06141289375000003 0.12304241249999998
4 0.160355891015625 0.5588898326388889 0.026319813281249993 0.08838257916666671
4 0.1842386828125 0.5554238472222223 0.021445771874999985 0.12304241111111117
4 0.7661989667968749 0.5094995666666667 0.023395388281250006 0.09704753611111107
4 0.8919491789062501 0.5250964930555556 0.033143467187499984 0.16636720555555554
4 0.745240598046875 0.5103660631944444 0.016571733593749992 0.10917847916666663
4 0.724769633203125 0.5025676006944445 0.01852134921875006 0.09704753749999995
4 0.692113570703125 0.5077665756944444 0.015596925781250003 0.08318360416666669
4 0.65799529609375 0.5008346083333333 0.011697693750000049 0.06931966944444447
4 0.604380864453125 0.49823512152777777 0.00974807890624998 0.05718872638888889
4 0.59219576640625 0.5034340972222222 0.012672501562500039 0.057188727777777774
4 0.29328042695312495 0.5740559173611112 0.023121919531250024 0.1603065513888889
4 0.397721601171875 0.5103660638888889 0.005848847656249978 0.04332479444444443
4 0.8602679238281251 0.5432929062499999 0.03216865859375009 0.17156618194444442
7 0.103329631640625 0.32320295694444445 0.07798462734375 0.1334403638888889
7 0.8675789828125001 0.13863933819444443 0.031193851562500007 0.06585368472222222
7 0.8734278300781249 0.19149558611111112 0.05069000859375006 0.060654711111111086
7 0.9304540886718751 0.29720808125000003 0.016571733593749905 0.025994876388888876
7 0.9280170691406251 0.3258024451388889 0.04484116015624995 0.020795901388888892
7 0.704786072265625 0.3656612541666666 0.021445772656249938 0.013863933333333339
7 0.6930883781249999 0.41331852708333333 0.02144577187500003 0.019062909722222167
7 0.041429333203124995 0.2010270409722222 0.026319811718749996 0.07625163749999998
7 0.024370196093749998 0.24955080833333332 0.048740392187499995 0.017329916666666674
7 0.039967121484375 0.2738126923611111 0.017546541406249998 0.02426188472222219
7 0.03314346679687501 0.29460859375 0.03509308203125 0.0311938513888889
7 0.04386635312499999 0.3258024451388889 0.0389923140625 0.020795901388888892
7 0.055564047656250004 0.3543968090277778 0.027294620312499997 0.019062909722222205
6 0.4298902601562499 0.3422658659722222 0.009748078124999981 0.04332479305555555
6 0.556615280078125 0.33793338680555557 0.007798463281250001 0.034659834722222234
6 0.46547074648437503 0.43584741875 0.00877327109374999 0.02252889305555554
6 0.199348204296875 0.29200910625 0.012672502343749992 0.04332479305555555
6 0.9567739007812499 0.3812581791666667 0.032168659375 0.03812581666666664
6 0.323148800390625 0.4523108402777778 0.012672500781249995 0.017329916666666712
6 0.28123206367187503 0.43324793125 0.012672502343749992 0.027727868055555563
6 0.073103058984375 0.42695722430555555 0.02925929453125 0.04724124861111108
6 0.038017505859375 0.42198348541666664 0.013647310156250004 0.03639282638888888
4 0.13354867499999998 0.5233635013888889 0.013647309375000005 0.0623877027777778
2 0.511286715234375 0.5857512027777777 0.17644021953125 0.3050065416666667