2 0.29918895624999997 0.4996661298611111 0.014813265625000006 0.01663244027777782
2 0.257088100390625 0.50105216875 0.017931846093750002 0.016632437500000048
2 0.277358883203125 0.4975870784722222 0.02105042734375 0.023562618055555616
1 0.23525802617187502 0.49134991041666665 0.027287592968749986 0.03603694583333331
2 0.21459742070312499 0.5024382048611111 0.018711491406250013 0.01940450972222223
2 0.19822486445312498 0.5079823486111111 0.021830074218750006 0.022176586111111143
9 0.159242591796875 0.4878848222222222 0.04833802109375 0.07900407500000005
2 0.059058145703124995 0.51768460625 0.05379553828125001 0.06652974861111108
2 0.023194453515625 0.5232287520833334 0.045999083593750004 0.07761804027777773
2 0.12549002539062498 0.5044302493055556 0.08658519296874999 0.09152549027777776
2 0.36125916406249997 0.5366721840277778 0.11349680624999996 0.16849010416666663
2 0.43672869062499997 0.5075504368055556 0.04914294687499998 0.06864411527777779
2 0.45954505859375 0.5137908125 0.04329259531250003 0.07280436666666669
2 0.50283765390625 0.510670625 0.07839470156249995 0.12064723333333337
2 0.5695316531250001 0.5304318083333333 0.11583694687500001 0.11856711111111108
2 0.8386477917968749 0.56475386875 0.32059922578124994 0.2412944708333333
4 0.871409755859375 0.4285056951388889 0.01755105234375005 0.031201870833333346
5 0.811736178515625 0.5335519972222222 0.12285736796874999 0.30785846111111115
0 0.81407631796875 0.6427585437500001 0.1415784890624999 0.23921434583333334