2 0.236781561328125 0.10045278472222223 0.08849411953125 0.07228348611111111
2 0.38267727070312507 0.11427168541666666 0.05740158984375001 0.05314962083333333
2 0.4956866515625 0.1195866486111111 0.02750492656250003 0.029763791666666664
2 0.6505513617187499 0.09407482847222223 0.016742131250000014 0.012755906944444442
2 0.681045956640625 0.10151577708333334 0.015546264843750013 0.014881893055555552
2 0.6403864964843751 0.12702759444444445 0.013154530468750014 0.010629925000000009
2 0.615871233203125 0.12277562638888888 0.011958664843749921 0.014881894444444438
2 0.624242298828125 0.12915357847222222 0.014350397656250014 0.014881893055555552
2 0.674468691796875 0.12383861805555554 0.007175199218750006 0.017007877777777777
7 0.5796962730468749 0.04836615486111111 0.02032973046875002 0.06590553194444444
7 0.93965208125 0.09726380625000002 0.02750492812500003 0.06165355972222222
7 0.988682606640625 0.0972638076388889 0.02032973046874993 0.09566931805555555
7 0.44575922890625 0.018602366666666665 0.013154531250000013 0.010629922222222225
9 0.737550646484375 0.122775625 0.10164865078125 0.20196856111111114
7 0.72888061484375 0.0037204729166666665 0.02272146406250002 0.0063779541666666665
2 0.9354665488281249 0.23970479236111109 0.12676184609375002 0.15944886249999998