2 0.40063983632812505 0.44620807916666666 0.05417548671875001 0.08978234999999997
2 0.31386723437499997 0.4721781805555556 0.14691657499999997 0.18446192222222216
2 0.050335630859375 0.42988401736111115 0.09733222890625 0.10610641527777784
2 0.528273609765625 0.5229311791666666 0.24700348984375003 0.406469186111111
2 0.9143469894531251 0.6595339090277778 0.16803583046875 0.3885127152777777
4 0.830051483203125 0.4505371388888889 0.02096293984375013 0.11013938888888891
0 0.8273749562500001 0.5432002222222222 0.04866611562499994 0.0963119777777778
4 0.8647979203125 0.46493752847222225 0.01883398437499988 0.1091856069444445
4 0.84665775546875 0.47545535555555557 0.010100514062500033 0.06529625277777772
7 0.832884328515625 0.29262584375 0.039483830468750016 0.0979443847222222
7 0.11850248789062498 0.21590274513888888 0.04132028671874999 0.09794438472222224
7 0.7116781546875 0.26732354375 0.03948382968749993 0.024486095833333325
7 0.70892346875 0.31547953194444445 0.02479217187499998 0.04570737777777778
7 0.7295836113281251 0.22814578958333334 0.03305622890624997 0.02122128194444445
6 0.7316612402343751 0.3376530569444444 0.020201028906250064 0.042442566666666674
6 0.55490223828125 0.14911012083333333 0.010100515625000028 0.05713422500000001
6 0.429564035546875 0.15727215208333334 0.011018742968749962 0.057134223611111104
6 0.177969403515625 0.07646803472222222 0.03856560078125 0.10773881666666665
6 0.1389446890625 0.12054300694444445 0.026628629687499995 0.07509069166666668
4 0.667385241796875 0.4462080784722222 0.020201028906250064 0.09304715972222226
4 0.649020666796875 0.43722984444444446 0.016528114843749987 0.06856106944444444
6 0.63357772421875 0.22037486249999996 0.015609885937500057 0.05223700555555556
6 0.607408208984375 0.3305622909722222 0.011018741406249966 0.024486095833333325
6 0.62990481015625 0.3640266215277778 0.010100515625000028 0.0195888763888889
2 0.01790545703125 0.6864268805555556 0.033056228124999996 0.23016930000000002
4 0.84359494921875 0.47702820069444446 0.015309981250000071 0.06260081527777778