6 0.187624283984375 0.3663978583333334 0.04798575234374998 0.1194312
7 0.33278117734375 0.7526298347222223 0.031190739062500007 0.031990497222222324
6 0.23441038984375 0.7590279361111111 0.01199643593750004 0.04478670000000007
6 0.29600669023437504 0.7851275270833333 0.010559097656250006 0.02972190416666665
7 0.462312478515625 0.8641252166666665 0.01407879609374998 0.03128621388888888
6 0.8489514269531249 0.7319409611111111 0.010559096093749965 0.023464658333333294
7 0.4028295585937499 0.8594322840277777 0.008799246874999955 0.021900348611111217
2 0.0694260640625 0.9806663611111112 0.07655345468750001 0.035979144444444465
2 0.203614589453125 0.9517266131944445 0.017598494531249974 0.0344148375
2 0.23793165546874998 0.9595481680555555 0.04927578593750002 0.0719582916666667
7 0.331203680078125 0.8961935847222223 0.010559097656250006 0.017207416666666753
2 0.30348605078124996 0.958766011111111 0.08535270156250001 0.07977984444444451
6 0.737486928515625 0.6258360326388889 0.03783676484375 0.06726535972222222
7 0.809625473828125 0.5842121166666666 0.08453427421875004 0.12481143333333336