7 0.10589928125 0.2175000965277778 0.012053576562499991 0.01071429027777775
7 0.10632976640625 0.2419899027777778 0.012914546874999999 0.022959194444444442
7 0.10632976640625 0.26494910069444444 0.011192606250000004 0.016836743055555558
7 0.10719073710937499 0.28255114791666663 0.007748728906250002 0.012244904166666654
7 0.5591137667968751 0.23632663888888888 0.03443879140625006 0.03061225833333331
7 0.55696134296875 0.2700001229166667 0.014636487499999972 0.03367348472222223
7 0.7115054167968751 0.1645408902777778 0.04132654921874997 0.08112248611111114
7 0.50452828828125 0.26920089374999995 0.013775517187499985 0.038265323611111096
2 0.8203786015624999 0.51479614375 0.35730245625000007 0.5969390458333333
2 0.30161337421875 0.3611768194444444 0.09556764531249998 0.16071435277777774
2 0.13330681640625 0.3316328027777778 0.0352997609375 0.03673471111111112
2 0.048501293359374996 0.3132654472222222 0.02927297109375 0.027551033333333346
2 0.17205045546875 0.3239797368055556 0.037021700000000005 0.03673470972222219
6 0.576810269140625 0.27512953958333336 0.013115285156249979 0.05129533750000002