7 0.8486441156250001 0.34512306944444443 0.021050428124999954 0.024948655555555553
7 0.8498135828125001 0.36591361666666666 0.021830073437500097 0.011088291666666647
7 0.851372874609375 0.3797739805555556 0.0202707820312499 0.016632436111111086
7 0.8505932292968751 0.3950203798611111 0.015592910156250106 0.016632437500000048
7 0.8517626972656249 0.4192760187499999 0.011694682031250103 0.02356261805555554
7 0.8544914562500001 0.4366014743055555 0.01403361874999991 0.016632437499999972
2 0.1379972515625 0.5467913701388889 0.07016809375 0.05959956527777774
2 0.193352080859375 0.5398611881944444 0.043660147656249995 0.03742298472222221
2 0.8268140421875 0.5412472243055555 0.08342206718750003 0.08177614861111111
2 0.7679508078125 0.5357030798611111 0.045219437499999945 0.0679157847222222
2 0.735595519921875 0.5377821333333332 0.03040617421874998 0.04712523888888893
2 0.620597809375 0.5266938423611112 0.014033618749999999 0.01940450972222223
2 0.610852241796875 0.5273868604166667 0.01325397421875003 0.023562620833333308
2 0.601106671875 0.5225357326388889 0.01715220000000004 0.02217658194444441
2 0.58161553515625 0.5197636604166667 0.018711492187499967 0.019404512500000002
2 0.544582374609375 0.5204566791666667 0.01949113828125002 0.015246399999999957
2 0.64242788359375 0.5287728979166666 0.03274511093749997 0.03187883749999993
2 0.7730185039062499 0.6334186472222222 0.05535482968749994 0.011088288888888877
2 0.9706586335937499 0.5377821333333332 0.054575184375000065 0.17464058888888895
4 0.6888167902343749 0.5197636597222222 0.011694682031250014 0.03880901944444446
2 0.71337562265625 0.5183776236111112 0.01715220000000004 0.03326487222222225
7 0.7526361351562499 0.44970197013888885 0.009052151562500032 0.012516556944444486