7 0.027871810546874997 0.06731305277777778 0.055743621093749994 0.13275629722222224
7 0.089400147265625 0.1645430159722222 0.05469185546875001 0.22250703194444443
7 0.02103532890625 0.3524586194444444 0.0420706578125 0.03365652777777777
2 0.070468351953125 0.6422786993055556 0.05048478984375 0.13462611250000003
2 0.248216877734375 0.6534975361111112 0.07362365234375004 0.08227150555555554
2 0.74938358203125 0.6871540659722222 0.19142149062500008 0.14210532638888895
4 0.10990959140625 0.7002427145833333 0.064157753125 0.2580333625000001
6 0.21824153359374998 0.49362904236111105 0.011569432812500002 0.020567876388888903
6 0.431750118359375 0.4160320541666667 0.009465897656249922 0.022437683333333385
6 0.901363830859375 0.15519398055555556 0.03891535703125015 0.11405822777777777
0 0.950270969921875 0.7264200145833333 0.07152011640624992 0.07105266527777777
2 0.378635915234375 0.6684559979166668 0.18721442265624993 0.11592803472222223
2 0.617386892578125 0.6936983958333334 0.26925220703125 0.19632973333333345
2 0.9923416261718749 0.7198756930555557 0.012621196093749986 0.07666208611111114
4 0.151454365625 0.7189407861111111 0.12831550468750003 0.5572024833333334
4 0.02156121171875 0.6637814791666666 0.0431224234375 0.5777703555555556
6 0.4172805238281249 0.43684001527777777 0.012895058593749998 0.04839626944444449