2 0.10883023203125 0.2663904152777778 0.0503542875 0.062085569444444426
2 0.10639373437500002 0.23534763263888886 0.02923797343750001 0.011550806944444464
9 0.1031450703125 0.21874335208333331 0.032486635937499994 0.038983965277777775
2 0.14740811171875 0.24689843611111112 0.02517714375000002 0.04331551666666663
2 0.16365143046875 0.25483961527777776 0.0138068203125 0.04475936666666666
2 0.18395557812500002 0.26061501527777775 0.036547465625 0.05919787222222222
2 0.19938673046875 0.26927811805555557 0.031674470312499994 0.05919787222222222
2 0.23634027890625 0.27577544583333335 0.048729954687499966 0.09818183055555557
2 0.289537145703125 0.2808289222222222 0.09502341015624997 0.12850269444444445
2 0.038171797265624995 0.28371662152777777 0.019491978906250002 0.07941177638888888
2 0.051166452734375 0.26494656666666666 0.011370322656249997 0.07074867500000002
2 0.0621306921875 0.25989308958333335 0.008933824999999996 0.04909091805555556
2 0.072282766015625 0.25628346041666666 0.011370322656249997 0.050534762500000004
2 0.460904152734375 0.34002679375 0.21522396640625 0.24978613472222222
2 0.015025069140625003 0.25411768819444447 0.023552811718750004 0.17037435972222223
2 0.7646542015625 0.43965247916666667 0.4572494046875001 0.5385562388888889
6 0.07593751171875 0.1949198173611111 0.0024364968749999937 0.014438504166666671
6 0.08040442578125 0.1898663409722222 0.0032486656249999914 0.01877005694444445
6 0.084059171484375 0.18697864097222222 0.0008121664062500034 0.01588235694444447
6 0.109642397265625 0.18481286458333332 0.0016243320312500087 0.020213906944444422
6 0.11451539296874999 0.18192516458333333 0.0016243312499999885 0.017326209722222232
6 0.11898230546875 0.18192516458333333 0.004060829687500012 0.017326209722222232
4 0.34314009609375 0.2671123423611111 0.01705548437500002 0.11550804027777781