7 0.567805625 0.5084159840277778 0.01725852968750008 0.030681829166666653
2 0.5129844121093751 0.6897997513888889 0.02334977578124997 0.028877016666666734
2 0.49268025937500004 0.6943117854166666 0.021319360937499976 0.0306818319444445
2 0.470345691015625 0.6952141916666666 0.029441021093749953 0.0324866444444445
2 0.44699591523437493 0.7024334465277778 0.02538019140625005 0.02887701805555562
2 0.42770696953125 0.7078478875 0.03147143749999994 0.036096272222222184
2 0.399788758984375 0.7096527006944444 0.030456228906249994 0.03609627083333338
2 0.355119623046875 0.7222863958333333 0.04263872109375 0.043315525000000105
2 0.28151706875000004 0.7394321243055556 0.047714759375000027 0.04151071249999995
2 0.2282186671875 0.7412369375000001 0.04872996718750002 0.041510711111111064
2 0.174920265234375 0.7502610069444444 0.07614057265625 0.08482623888888886
2 0.0673082546875 0.7944789402777777 0.049745175 0.050534780555555554
2 0.025177137500000002 0.7998933812500001 0.0487299671875 0.08302142638888894
4 0.67491003203125 0.6961165993055556 0.04060830624999996 0.12814176527777768
4 0.62414965 0.6717516145833332 0.038577890624999965 0.1371658319444444