6 0.46028837539062495 0.13523427430555554 0.01582030078125003 0.0726561986111111
6 0.674521626953125 0.3602341201388889 0.01713866015624994 0.035156226388888906
6 0.4866555449218749 0.13054677777777776 0.01582030078125003 0.0726562
6 0.361411491015625 0.4364059430555555 0.010546867968749974 0.023437483333333297
6 0.420737621484375 0.43054657222222215 0.007910150781250014 0.021093736111111067
6 0.441172178125 0.4270309486111111 0.009228509375000016 0.018749986111111148
7 0.65145035390625 0.2957810402777778 0.031640603125000055 0.028124983333333336
7 0.4924068878906249 0.43429656388888893 0.011865225781250021 0.011718741666666688
7 0.3796872390625 0.4413278118055555 0.01054686718750002 0.011718740277777723
2 0.44956023749999996 0.467187175 0.007910150000000015 0.018749986111111068
2 0.45417449257812503 0.4695309243055555 0.011865225781250021 0.023437484722222183
2 0.465380540234375 0.47070279722222225 0.01582030390625002 0.030468730555555525
2 0.41923799335937506 0.467187175 0.010546867968750017 0.018749986111111068
2 0.41330537968750003 0.47070279861111114 0.011865225000000024 0.021093736111111067
2 0.286083787890625 0.4859371625000001 0.042187471093749984 0.05624996111111113
2 0.27421856093749997 0.4976559048611111 0.03691403593749998 0.046874968055555556
2 0.23862288281250002 0.5023434020833334 0.0843749421875 0.06562495416666662
2 0.48713345468749997 0.4761715479166666 0.02768552812499996 0.04921871527777778
2 0.506249651953125 0.48437466736111107 0.03164060390625005 0.06562495416666671
2 0.5306392835937499 0.48281216805555555 0.03295896093749997 0.09140618611111112
2 0.40425814101562507 0.47132780347222225 0.014501942968750025 0.02578123194444449
2 0.435239565625 0.4654684298611111 0.018457018749999943 0.01874998750000003
2 0.56048361953125 0.4807027930555556 0.06855464062499994 0.09140618611111112
2 0.16563525742187502 0.5146871493055556 0.17797839296875 0.10781242638888891
2 0.32713417109375 0.49242153611111106 0.06591792343750003 0.04453121944444444
2 0.9190771230468749 0.5674214854166666 0.16083973359375 0.33984351527777773
6 0.02028329375 0.055065790277777776 0.024979440624999998 0.10302631666666666
6 0.06674505390624999 0.06128289513888889 0.019983553124999998 0.12256579027777778
2 0.03477136953125 0.5302302659722222 0.0679440796875 0.11190789583333335