2 0.042278503515624996 0.1347616263888889 0.01201270859375 0.022881350000000012
2 0.051288037109375 0.1347616263888889 0.012870761718750002 0.025932199999999996
9 0.08904226601562501 0.10654129166666666 0.04032838203125 0.07627117222222221
2 0.07531345625 0.13476162708333334 0.0454766875 0.06559320694444444
2 0.250784820703125 0.14696501527777778 0.04290253359375003 0.04423728055555556
2 0.279958543359375 0.12408366180555556 0.05491524453124996 0.03203389027777778
2 0.30827421679687494 0.13552433819444445 0.030889824218749994 0.021355926388888887
2 0.358470182421875 0.17365992569444444 0.07465040859375001 0.10677964027777778
2 0.4502816046875 0.20340568194444444 0.17075208593750002 0.2059321638888889
2 0.56225721875 0.2484056722222222 0.14586861562499998 0.21050843333333336
2 0.304412989453125 0.20645652777777776 0.11926904453125 0.15101692222222224
2 0.173560258984375 0.19730398819444445 0.15959742734375 0.23949147916666666
2 0.7630410789062501 0.27510058402777776 0.4719278765625 0.43779652916666667
7 0.234052832421875 0.036371815277777775 0.04032838203124998 0.03050846944444444
6 0.269661935546875 0.09815146527777778 0.01716101484374999 0.025932200000000006
6 0.19029224765625 0.03408367986111111 0.01458686250000001 0.035084740277777776
6 0.07874565859375 0.03484639027777778 0.007722456250000009 0.030508469444444446
6 0.06973612578124999 0.03484639236111111 0.008580507812500004 0.03355931527777777
6 0.0727393046875 0.035609102777777776 0.009438557812499993 0.03203389444444444
9 0.01727802421875 0.20123672013888888 0.0345560484375 0.40247344027777776