6 0.477595821484375 0.44098644583333324 0.00819049140625001 0.016640999999999986
6 0.424942664453125 0.44722681875 0.00819049140625001 0.01664099861111118
6 0.45477945546875 0.4617876930555555 0.00936056093750004 0.016640999999999986
7 0.4477590328125 0.4149848861111112 0.007020421874999983 0.01872112222222226
7 0.455364488671875 0.4285056965277778 0.017551052343749964 0.0166409986111111
7 0.46062980390624997 0.43994638263888886 0.018721123437499987 0.01456087361111113
7 0.430207980078125 0.33802027083333336 0.009360561718749948 0.0228813722222222
7 0.5144530320312499 0.3588215173611111 0.009360560937499951 0.01456087361111113
2 0.468820296875 0.47322837847222227 0.011700701562500004 0.018721123611111147
2 0.481106032421875 0.47322837986111116 0.01755105234375005 0.022881373611111085
2 0.509187716015625 0.48466906388888886 0.019891192968750016 0.02912174444444449
2 0.560085768359375 0.4909094381944445 0.03978238515624995 0.05824349027777779
2 0.6022082945312499 0.49714981249999995 0.04914294687499998 0.1123267361111111
2 0.63965053984375 0.5023501256944445 0.07254435 0.13936835972222228
9 0.7642630125000001 0.5179510611111111 0.256245365625 0.24545471944444444
2 0.9017462574218751 0.5751544902777778 0.19423164765625014 0.3806628277777778
2 0.42260252343750004 0.4877892520833334 0.03393203437499999 0.031201870833333346
4 0.526153733984375 0.47634856527777775 0.014040841406249971 0.045762744444444475
2 0.44892910312499995 0.4825889402777778 0.023401403125000008 0.02080124722222223