6 0.34526373359375 0.5676379555555555 0.005466820312500032 0.017007877777777795
6 0.40480080195312507 0.5803938625 0.013154530468750014 0.012755908333333347
6 0.45861479179687503 0.5793308701388888 0.010762797656250012 0.01488189305555557
6 0.516614316796875 0.5346851868055555 0.009566932031250008 0.019133862499999942
7 0.336636412890625 0.5899607923611111 0.01315453203125001 0.01488189305555557
7 0.4807383234375 0.6037796951388889 0.009566931250000011 0.021259848611111132
7 0.42261920390625 0.5803938625 0.011958665625000009 0.012755908333333347
7 0.294063567578125 0.5942127625 0.008371064843750008 0.019133861111111136
2 0.40001733515625004 0.5974017430555556 0.008371065625000007 0.017007877777777795
2 0.390450403515625 0.5963387506944444 0.010762797656250012 0.01488189305555557
2 0.379687604296875 0.6059056784722222 0.010762797656250012 0.01700787916666668
6 0.382677271875 0.5708269291666667 0.009566931250000011 0.010629925000000009
2 0.8830278332031251 0.7251734416666668 0.17220477265625006 0.16370083055555557
2 0.46464555585937506 0.6401350993055556 0.024191033593749987 0.02897625972222223
2 0.36345798515625 0.6150170451388889 0.015546262500000019 0.012755909722222233
6 0.7861967859375 0.29156363333333335 0.01913386406249993 0.08503939444444444
2 0.30982170078125 0.6329722666666667 0.024357332812499966 0.03311323611111108
2 0.260390641796875 0.6508024715277778 0.017193411718749996 0.028018893055555574
1 0.138603976171875 0.6113213041666666 0.13468172421875 0.1681133583333333
7 0.9252025601562501 0.33750030277777776 0.09456376406249997 0.06367930277777774