6 0.570371308203125 0.1328905263888889 0.011865227343750017 0.03984372222222221
6 0.72000499453125 0.14460926805555555 0.010546868750000016 0.03984372222222221
6 0.485996366796875 0.22312483888888887 0.014501942968749936 0.03281247500000002
6 0.762192465234375 0.2594529381944444 0.010546867968750017 0.021093734722222222
6 0.9138036890624999 0.22898421041666667 0.018457018749999853 0.02578123194444445
6 0.31592812343750004 0.06726557152777778 0.011865226562499975 0.04921871527777778
6 0.350864623046875 0.20085922916666668 0.010546867968750017 0.03515622500000003
6 0.373935896875 0.2020311041666667 0.014501943750000024 0.037499975000000026
6 0.220347133984375 0.25359356875000005 0.013183583593750025 0.02812498194444445
7 0.35877477382812495 0.0918749298611111 0.03164060390625001 0.02812498194444443
7 0.48797390351562503 0.19148423611111112 0.02109373515624995 0.021093736111111108
7 0.35943395234375003 0.1539842625 0.0250488109375 0.05390621111111109
6 0.573008024609375 0.24539044930555556 0.006591791406250014 0.021093734722222222
6 0.610581241015625 0.2512498201388889 0.007910150781250014 0.02343748472222222
2 0.54861839296875 0.30046853611111113 0.018457017187500036 0.028124980555555526
2 0.54004906328125 0.31101540347222223 0.022412093749999952 0.04453121805555556
2 0.5202736859374999 0.3379685104166667 0.048779264062499994 0.10312492916666668
2 0.609922062890625 0.3121872784722222 0.022412094531250037 0.03281247638888891
2 0.638266769140625 0.3157029006944444 0.042187471093749984 0.07265619861111113
2 0.73846201171875 0.32976539097222224 0.06328120625000003 0.09609368472222223
2 0.766147541015625 0.32390602013888886 0.04746090390625 0.05156246527777779
9 0.7002296175781251 0.2887497944444445 0.05009762265624999 0.04218747500000002
2 0.5795998171875001 0.3136562611111111 0.035595678124999974 0.07206198333333333
2 0.681772598828125 0.3438278826388889 0.08437494296875006 0.09609368472222227
2 0.45831083828125 0.36257786875 0.13051748906250005 0.17109363194444444
2 0.8768896523437502 0.3813278555555556 0.22148422343750002 0.20859360555555553