7 0.33304721953125 0.5309008805555556 0.013455795312499986 0.0416024638888889
7 0.6926810046874999 0.4518561972222222 0.021061250000000076 0.024961475
7 0.611946221875 0.4612167569444444 0.017551040624999993 0.04992296666666671
6 0.39710851171875 0.5397414048611111 0.00585034531250006 0.026001540277777718
6 0.5451222785156251 0.49761891041666667 0.007020416406249996 0.0312018486111111
6 0.47872084609375004 0.5288207569444444 0.002925175000000024 0.024961477777777772
6 0.474333084375 0.5298608201388889 0.00585034531250006 0.02288135972222223
2 0.520258305078125 0.6276266048611111 0.021646282031250054 0.04576270416666664
2 0.534884173046875 0.63074679375 0.04036738984374999 0.09360554305555553
2 0.5419045890625 0.6312668222222222 0.022816353124999987 0.09672572777777776
2 0.5658910078125 0.6312668236111111 0.05791842968749998 0.11336671388888896
2 0.582271976953125 0.6421874756944445 0.04621773671874996 0.12272727083333332
2 0.645455719140625 0.63854725625 0.14099334921875 0.21737287361111102
2 0.835136937109375 0.651548026388889 0.3176738101562499 0.45970722222222227
2 0.30480303124999997 0.6234663611111111 0.012870762500000011 0.020801230555555605
2 0.23898663515625002 0.6843099652777778 0.13163279374999998 0.186171025
2 0.123082376953125 0.7657615979166668 0.24616475390625 0.2901771847222222
2 0.019238727734375 0.8796483430555556 0.03847745546875 0.23713404444444436
2 0.97804309375 0.7839626763888888 0.04095242656250005 0.42018488333333337
2 0.39973634765625 0.7808424916666666 0.3012928421875 0.4347457472222222