2 0.30001971445312503 0.6008887986111111 0.01652811328124999 0.021221283333333375
2 0.28578717265625003 0.6082346270833333 0.013773429687499972 0.03591294027777781
2 0.27293197109375 0.6106832368055556 0.021119256249999996 0.0408101597222222
2 0.2586994296875 0.6188452652777777 0.0257104 0.05060459722222224
2 0.23207079960937502 0.6253748909722222 0.05142079921874996 0.06692865972222219
2 0.38954700234375 0.6106832333333333 0.01193697187499998 0.034280533333333335
2 0.39964751640625 0.61639665625 0.013773429687500015 0.04244256805555556
2 0.421225889453125 0.6212938763888889 0.03856560234374999 0.058766630555555505
7 0.484583661328125 0.5249818993055555 0.023873944531250045 0.045707379166666666
7 0.485501890234375 0.5608948409722222 0.014691657031250038 0.013059251388888922
2 0.7117534109375001 0.7298489006944444 0.30301543437499995 0.31505442916666665
2 0.02491591796875 0.7346147541666666 0.0498318359375 0.18935913888888886