6 0.500498308984375 0.41062471041666665 0.006591791406250014 0.02343748472222226
6 0.5512551109375 0.4153122076388889 0.007910151562500013 0.01874998750000003
6 0.47281278085937506 0.4282028236111111 0.006591791406250014 0.021093736111111146
7 0.463584271875 0.40828096180555556 0.009228509375000016 0.01874998750000003
2 0.5591652605468751 0.4492965597222222 0.018457017968750034 0.025781233333333296
2 0.5730080246093749 0.45281218194444445 0.01713866015624994 0.028124980555555526
2 0.5888283265625001 0.4551559298611111 0.019775376562499947 0.02343748472222226
2 0.602671090625 0.4633590486111111 0.018457018750000033 0.030468727777777833
2 0.619809750390625 0.46687467222222223 0.021093735156250036 0.028124980555555606
2 0.6376075906249999 0.4692184194444445 0.032958962499999966 0.0515624638888889
2 0.6666114765625 0.4762496652777778 0.040869112499999985 0.06093745833333336
2 0.696274541796875 0.4867965333333334 0.042187471093749984 0.07734369722222227
2 0.721982531640625 0.49265590416666666 0.04877926328125 0.08906243888888889
2 0.741098729296875 0.4996871493055555 0.04218746953124999 0.09843743194444446
2 0.778012766796875 0.5090621430555555 0.05273433828125009 0.10781242500000003
2 0.833383823046875 0.5114058916666666 0.09492181015625008 0.14062490277777778
2 0.921054660546875 0.5571089847222223 0.14106435546874999 0.18515612222222222
2 0.4543557625 0.45398405625000005 0.01713865937500003 0.03515622638888887
2 0.43787628203124995 0.4551559298611112 0.015820301562500028 0.0374999736111111
2 0.42139680078125 0.46218717430555556 0.025048810937499954 0.03281247638888895
2 0.398984706640625 0.4657027979166667 0.027685527343750006 0.03515622638888895
2 0.378550150390625 0.4692184201388888 0.02900388515625001 0.0374999736111111
2 0.35943395312500004 0.47039029444444447 0.027685528125000004 0.04453121944444444
2 0.33899939648437505 0.4692184194444445 0.02636716953125 0.04687496666666667
2 0.308677151953125 0.462187175 0.047460905468749995 0.07031244999999997
2 0.26714886015625 0.4797652881944445 0.05932613125000001 0.08671869027777777
2 0.20716354960937503 0.4867965340277777 0.08964837578125 0.10078118194444438
2 0.9896093011718751 0.5758589722222223 0.019775377343749945 0.1429686527777778
2 0.08982964609375 0.49148403124999995 0.16347645 0.1335936597222222
2 0.4840188281250001 0.45281218194444445 0.018457018749999943 0.028124980555555526
2 0.528843016796875 0.4657027979166667 0.04482418828124999 0.07734369583333331