7 0.38958882265624994 0.4216838618055555 0.0749043703125 0.11785719583333337
7 0.5733197671875 0.5043369597222223 0.012914546874999999 0.010714291666666674
7 0.555669887890625 0.5058675722222222 0.01205357734375001 0.013775516666666635
7 0.538450491796875 0.506632879861111 0.012053575781250015 0.012244901388888884
7 0.519939640625 0.5066328791666667 0.012914546874999999 0.015306130555555578
2 0.312876423828125 0.5670920909722222 0.08437503828125 0.0719388069444444
2 0.42265007031249996 0.5494900430555556 0.019802304687499994 0.021428580555555576
2 0.45071767695312503 0.5568369895833333 0.02152424453125006 0.009795912500000033
2 0.5502457812499999 0.5433675888888888 0.013603324999999966 0.018367355555555537
6 0.590366971484375 0.5119900243055555 0.006026788281250006 0.013775515277777749
2 0.57512781015625 0.5465818874999999 0.008609696874999972 0.007653063888888864
2 0.6022483582031251 0.5358675986111111 0.02152424453124997 0.016836741666666672
7 0.90803613984375 0.3997450840277778 0.07920922031249997 0.12091842083333329