2 0.04046131484375 0.6019853125 0.076483875 0.18696058333333335
2 0.977388778125 0.780447686111111 0.04370507343749992 0.2719426638888889
2 0.12855434921875 0.5862029256944445 0.10789689531249999 0.12140297638888889
2 0.8606142914062499 0.6651148597222222 0.274522478125 0.3035074388888889
2 0.22142762539062497 0.565564420138889 0.06965495703124999 0.09469432083333335
2 0.2678642625 0.5485680041666667 0.06692339062500001 0.09955043888888887
2 0.313618009765625 0.5400697944444444 0.03277880390625003 0.07284178333333331
2 0.668721712890625 0.5546381520833332 0.13111521328124995 0.15053969027777778
2 0.609310131640625 0.5449259145833333 0.036876153906249966 0.08255402361111111
2 0.5840431378906249 0.5449259138888889 0.030047236718750002 0.07284178611111117
2 0.5697024109375001 0.5339996472222222 0.042339287500000024 0.070413725
2 0.5362407164062499 0.5279294986111112 0.021852535937499962 0.03399283611111106
2 0.47887781015625 0.5182172597222222 0.019120968749999977 0.02913671388888888
2 0.5250071675781249 0.5205759583333334 0.010926267968750025 0.02913671388888888
2 0.5188611421875 0.5193619277777778 0.01502361875 0.026708652777777786
2 0.509983549609375 0.51207775 0.01365783515625001 0.016996416666666646
2 0.38569725312500003 0.5351443145833333 0.035510371875000016 0.048561190277777735
2 0.40891557265625006 0.530288192361111 0.01365783437500001 0.0388489513888889
2 0.418476055859375 0.5242180430555556 0.01365783515625001 0.021852536111111064
2 0.428036541015625 0.5242180430555556 0.008194700781250041 0.021852536111111064
2 0.43418256679687495 0.5205759534722222 0.012292050781250018 0.02428059583333335
2 0.44715750976562496 0.5169338645833333 0.01365783515625001 0.021852537500000026
2 0.456717994140625 0.5145058048611111 0.008194699218750046 0.026708654166666672
4 0.44920618476562496 0.5363583451388889 0.017755185156249985 0.06070148750000005
6 0.540713677734375 0.4018438493055555 0.006828917968749959 0.031564773611111166
6 0.404818221875 0.41884026597222224 0.005463132812499971 0.03156477361111109