9 0.060521269921874996 0.4575157715277778 0.12104253984374999 0.3544966875
4 0.9352064421874999 0.5546381520833332 0.12806974375000008 0.3544966874999999
9 0.811902677734375 0.45508771319444447 0.37377207109374994 0.5147486180555556
2 0.35868886367187497 0.47451218819444446 0.05736290546874998 0.07769790416666669
2 0.47887781054687506 0.4769402486111111 0.030047236718750002 0.0485611916666667
2 0.5799457875 0.4975787534722222 0.08194700937500006 0.08983820138888893
2 0.256937995703125 0.4684420388888889 0.04507085390625001 0.05098924722222217
2 0.278790530859375 0.4660139791666667 0.017755185156249985 0.04127701111111111
2 0.290399690625 0.4635859208333334 0.013657834374999966 0.04127701111111111
2 0.299960175 0.4672280097222223 0.013657835937500007 0.029136713888888957
2 0.3067890921875 0.4647999500000001 0.01365783437500001 0.038848952777777786
2 0.31293511796875 0.4672280090277777 0.01502361875 0.03399283194444449
2 0.463171300390625 0.47451218819444446 0.017755186718749982 0.029136715277777763
2 0.455659490625 0.47208412986111115 0.019120968750000068 0.033992831944444406
2 0.43602637382812504 0.46618742569444444 0.01912096796874998 0.033992831944444406
2 0.41417383867187496 0.4504050388888889 0.01638940234374999 0.02185253611111114
2 0.396247909765625 0.4295930875 0.017755186718750027 0.026708655555555558
2 0.38601548984375 0.45656234027777776 0.014765620312499995 0.0393749861111111