7 0.5337072960937499 0.31193851180555554 0.012672501562499949 0.034659834722222234
7 0.44938641640625 0.3353338986111111 0.009748079687500067 0.015596924999999985
2 0.40064602460937504 0.39858809652777777 0.009748078906250023 0.013863934722222224
2 0.396259389453125 0.4037870729166667 0.00877327109374999 0.013863934722222224
1 0.384074291796875 0.3994545944444444 0.007798463281250001 0.01906290833333336
1 0.37773804023437496 0.3968551069444445 0.00877327109374999 0.013863933333333339
2 0.373351405859375 0.4011875833333333 0.009748078906250023 0.01906290833333336
2 0.364090729296875 0.40205407986111114 0.020470963281249997 0.031193848611111165
2 0.356779671484375 0.4107190388888889 0.017546541406249984 0.03812581944444441
2 0.27392100468749997 0.4107190381944444 0.03509308281250001 0.06585368472222221
2 0.3884609265625 0.41071903819444444 0.014622117187500016 0.01732991527777775
2 0.219819168359375 0.42198348541666664 0.08480828046874997 0.10571249583333334
2 0.31924956992187503 0.4124520326388889 0.07311058984374999 0.11437745416666666
2 0.471806997265625 0.46184229444444447 0.15791887109375002 0.23741986666666673
9 0.871447796875 0.34226586666666664 0.25533882031249994 0.68106575
7 0.54540498984375 0.33446740277777776 0.01072288593750006 0.017329916666666632
7 0.104304439453125 0.33100142083333334 0.017546541406250015 0.02079590000000001
2 0.726231844921875 0.44104639375 0.040941930468749985 0.06065471249999995
2 0.6974750140625 0.44797836041666667 0.0243701953125 0.04332479305555555