2 0.48318303437499993 0.3756048861111111 0.009185989062499988 0.010887097222222211
2 0.247715509765625 0.3722026680555555 0.010716986718750033 0.017691533333333353
2 0.271828732421875 0.37084178055555556 0.020668475781249994 0.014969758333333359
2 0.32010620703125003 0.37220266875 0.019137478124999996 0.020413309722222234
2 0.16381680546875002 0.3715222243055556 0.02985446406250001 0.019052420833333313
2 0.472848798046875 0.3803679916666667 0.014544482031250005 0.017691533333333353
2 0.5777221722656251 0.39057464722222224 0.029854464843749984 0.03266129444444448
2 0.6794644734374999 0.4123621333333333 0.05421227656249998 0.06262739722222221
7 0.509439644921875 0.33872485694444443 0.01607548046874996 0.012247986111111093
7 0.55230759453125 0.33736396944444447 0.006889492187499968 0.012247986111111093
7 0.529342620703125 0.34008574305555556 0.009951486718749968 0.014969758333333319
7 0.533935616015625 0.35097284027777775 0.0068894914062499705 0.0068044361111111425
7 0.4968089105468749 0.35165328402777773 0.006123992968749992 0.00816532361111114
7 0.508674146484375 0.35097284027777775 0.006889491406250059 0.004082661111111108