2 0.458476344140625 0.30817515138888885 0.017994655468750054 0.0191943
2 0.43148436054687506 0.30177705069444444 0.014395725781249969 0.01492889861111111
2 0.4002936234375 0.2985780020833333 0.014395725000000015 0.008530801388888894
2 0.3535075171875 0.3209713506944445 0.0263921640625 0.04478669861111114
2 0.30132301445312504 0.3433647006944444 0.07557755546874997 0.08957339861111109
2 0.5106608484375 0.29751165 0.033590026562499986 0.023459699999999965
2 0.532395051953125 0.33376755138888886 0.048266982031250016 0.06611369999999997
2 0.580840006640625 0.32417040208333336 0.08517470703125003 0.0938388013888889
2 0.398494155859375 0.40521300277777783 0.13555974453124997 0.19620840000000003
2 0.18135863749999998 0.395969075 0.19314264374999998 0.23743614722222223
2 0.698405096875 0.5182461013888889 0.36589134375 0.405213