7 0.449280221484375 0.4055461888888888 0.014327842968750027 0.02801889444444446
2 0.1719341171875 0.5501891736111111 0.06590807812500002 0.10188688333333329
2 0.12250305859374999 0.5527363458333333 0.1217866671875 0.12226426111111108
2 0.09313098046875 0.5629250354166667 0.14614399843749998 0.14773598194444437
2 0.39329929101562505 0.5183495222222222 0.01576062734375001 0.02292454999999999
2 0.33956988046875003 0.5208966944444444 0.011462275000000011 0.017830205555555523
2 0.42267136953124995 0.5196231076388889 0.022924548437500025 0.0254717208333333
2 0.49144501601562496 0.5259910381944445 0.028655686718750052 0.03820758194444444
2 0.5158023507812499 0.5400004833333333 0.03438682343749999 0.07132081944444447
2 0.537294114453125 0.5412740701388888 0.04298352890625008 0.07896233472222226
2 0.577412075390625 0.5489155875 0.08310148984375001 0.10443405555555547
2 0.7121961421874999 0.5787538916666667 0.18769474374999992 0.2317926611111111
2 0.029184027734375 0.5761703256944445 0.05836805546875 0.18339639027777782