2 0.048954026171875 0.4919495020833333 0.09790805234375 0.18513110416666667
2 0.155241490625 0.4950696888888889 0.24103445468749998 0.19969197500000005
2 0.381650069140625 0.4191451354166667 0.07371442109374997 0.08528511527777777
2 0.31729620859374996 0.42226532291666674 0.0690341390625 0.07904474027777779
2 0.431963085546875 0.4014640756944445 0.03627217578124995 0.054083243055555626
2 0.35239831484375 0.3889833263888889 0.019891193750000015 0.02080124722222223
2 0.408561682421875 0.3900233895833333 0.01287077265624994 0.018721120833333296
2 0.46706519062499996 0.3910634527777778 0.0269116140625 0.037442244444444446
2 0.5191333128906249 0.37546251666666663 0.02808168359374994 0.03120186944444438
2 0.546629962109375 0.3900233902777777 0.00819049140625001 0.03120187222222223
1 0.5226435234375 0.3588215173611111 0.03510210468750001 0.04784287083333333
1 0.577051786328125 0.3681820784722223 0.04563273671874999 0.07904473750000002
1 0.667732223828125 0.35154108055555555 0.13338799921874997 0.11232673333333337
2 0.6025798628906249 0.39464816041666667 0.015637846093749984 0.05523432638888887
2 0.842012375 0.4319730263888889 0.09348500625000007 0.09707158055555551
2 0.887705415234375 0.54707280625 0.2223133320312501 0.45762744305555547
2 0.50275233046875 0.45242713125000006 0.10296617499999998 0.1518491069444444
2 0.57880689140625 0.40146407638888887 0.03978238593749994 0.058243491666666675
2 0.67826285546875 0.43058582222222225 0.13104785937500002 0.1788907277777778
7 0.4237725949218749 0.3525811430555556 0.026911614843749997 0.01872112499999999