7 0.7238151 0.3555135743055556 0.031353849999999996 0.05438065972222219
7 0.7222856417968749 0.4003776201388889 0.02523602578125006 0.03534743194444445
7 0.632430098828125 0.4112537506944444 0.019882930468750004 0.029909365277777766
2 0.641989198828125 0.4434289833333333 0.013000377343750013 0.014954683333333366
2 0.633194824609375 0.4400301930555555 0.00764728046875005 0.013595166666666674
2 0.6247828164062501 0.4400301916666666 0.010706189062500027 0.010876133333333291
2 0.6152237160156251 0.44070994999999996 0.006882550781250085 0.014954680555555516
2 0.6064293449218751 0.4339123673611111 0.010706194531250013 0.017673715277777783
2 0.59037005390625 0.43187309166666665 0.021412385937500035 0.01631419722222221
2 0.57507549453125 0.43663140208333334 0.006117824999999933 0.01223565138888887
2 0.567428212890625 0.4352718826388889 0.007647280468749962 0.012235648611111098
2 0.5381136550781249 0.4352718826388889 0.01682401640625004 0.012235648611111098
2 0.4360224578125 0.43051357638888893 0.019118198437499956 0.024471297222222275
2 0.44366973984375 0.44410874166666664 0.023706568750000035 0.024471297222222275
2 0.413717875390625 0.44274922708333325 0.024471297656250002 0.038066468055555525
2 0.3938349453125 0.44410874305555553 0.022941840625000022 0.032628397222222265
2 0.358657456640625 0.4298338159722222 0.03517749140625002 0.028549845833333306
2 0.371275467578125 0.4475075333333333 0.020647657031249978 0.03126888055555557
2 0.353304359375 0.44954680555555554 0.024471296875000003 0.0407854944444444
2 0.327685968359375 0.44546825763888886 0.032883305468750026 0.05981872916666665
2 0.281165018359375 0.45158608194444444 0.06576661328125 0.06661630833333337
2 0.17423054296874999 0.46019634652777786 0.10476774374999998 0.10468277361111113
2 0.05697223984375001 0.477870063888889 0.11394447968750002 0.1291540722222222