2 0.15671319765625 0.3861151423611111 0.10938370781249998 0.14397513750000002
2 0.22087095156249997 0.3814406284722222 0.05469185781249999 0.06357344583333331
2 0.39451759453125 0.3552633270833333 0.03681182656250002 0.052354595833333344
2 0.41555292265625 0.3524586166666666 0.01998356250000004 0.0317867194444444
2 0.36475260078125 0.3674170770833334 0.05048478906250002 0.05796402638888891
2 0.279664703125 0.39265946388888895 0.09781427812499999 0.1159280277777778
2 0.5400820609375 0.3515237131944444 0.030501224999999986 0.04487536805555558
2 0.52157098203125 0.34497939166666663 0.01283153281249998 0.024307497222222176
2 0.070994233984375 0.44267680208333327 0.14198846796875 0.3543284208333333
6 0.48465398984375 0.28776329930555555 0.008414132812499985 0.01682826527777775
6 0.401038558984375 0.28963310625000005 0.009465899218749962 0.01682826527777775
2 0.46940337539062504 0.3504018298611111 0.030501224218750077 0.037396134722222266
7 0.046277723046875 0.10657899861111111 0.037863591406249994 0.13462610277777776
7 0.7863006203125 0.21315799652777778 0.023138860937500016 0.04487536805555558
7 0.622225058203125 0.27299182013888884 0.021035328906249973 0.041135754166666656