6 0.7008043828125 0.4251181888888889 0.020393943749999987 0.02985779999999999
7 0.394295403515625 0.40592389027777775 0.028791449218749987 0.05118480000000005
7 0.5790405414062499 0.44431249027777775 0.011996437499999946 0.017061600000000017
2 0.567044104296875 0.49123189027777775 0.021593588281249954 0.034123200000000034
2 0.548449626171875 0.4922982402777778 0.020393944531249986 0.027725099999999968
2 0.52985514921875 0.4986963402777778 0.01919430000000002 0.027725099999999968
9 0.4926661921875001 0.4752366402777778 0.04558646406249993 0.08744069999999995
2 0.45967598789062497 0.4859001409722222 0.041987530468750034 0.061848298611111116
2 0.43688275703125007 0.49976269027777775 0.03958824375000001 0.05118480000000005
2 0.40089344453125 0.49762999027777777 0.06358111874999998 0.07251180000000003
2 0.33551286171875 0.4922982409722222 0.09597150000000002 0.12582930138888893
2 0.25633637187499997 0.5146915902777778 0.11756508750000001 0.1236966
2 0.010603098828125001 0.5904024402777778 0.021206197656250002 0.11303309999999998
2 0.1185710359375 0.5200233402777777 0.237142071875 0.2068719
2 0.6336243328125001 0.5072271395833334 0.015595368749999939 0.027725101388888854
2 0.645020948046875 0.5093598402777778 0.016795011718749996 0.027725099999999968
2 0.6546180984375 0.5082934902777778 0.01919430000000002 0.034123200000000034
2 0.668414001953125 0.5146915895833334 0.020393944531249986 0.04691939861111112
2 0.822568225390625 0.5434830416666667 0.11036722421874998 0.14289089999999996
2 0.71579992890625 0.5232223902777778 0.1127665125 0.16635059999999996
2 0.8903480968749999 0.5210896902777777 0.046786106250000084 0.05971559999999998
2 0.9136833992187501 0.6735777409722222 0.17263320156249992 0.6078195013888888