2 0.5507664328124999 0.6446729222222222 0.007798462500000003 0.017329916666666712
2 0.54150575859375 0.6446729222222222 0.008773270312499993 0.010397949999999965
2 0.5263962367187499 0.6429399305555555 0.01169769374999996 0.017329916666666712
2 0.5142111386718751 0.6420734347222222 0.010722886718749968 0.015596924999999985
2 0.5000764249999999 0.6412069388888889 0.01169769374999996 0.02079590000000001
2 0.57513662890625 0.6403404423611111 0.04094192968749999 0.02946085972222221
2 0.645810198046875 0.5926831701388888 0.10625405546874997 0.11437745416666666
2 0.46449593867187494 0.6438064263888889 0.010722886718750057 0.015596925000000065
2 0.40893189140624997 0.6360079631944444 0.043866353125 0.038125818055555524
2 0.358241883203125 0.6082800958333334 0.06726174140625 0.09704753611111107
2 0.26368552265625 0.5935496666666668 0.1452463703125 0.16810019722222216
7 0.0716483765625 0.4592428069444444 0.03801750625 0.07971761944444443
9 0.514698542578125 0.612612575 0.011697694531249959 0.01906290833333328