2 0.04048233203125 0.5831188819444445 0.0809646640625 0.18146234999999994
2 0.16228621796875 0.5722420159722222 0.097585865625 0.11765141250000002
2 0.215005017578125 0.5622715576388889 0.03477197421875 0.0817577625
2 0.2379993875 0.5592804215277778 0.022433531250000006 0.07178730416666662
2 0.255946212890625 0.5632686013888889 0.013460119531250037 0.059822752777777786
2 0.266041302734375 0.5552922340277777 0.01121676640625 0.04785820138888886
2 0.28286645234374996 0.5523010965277778 0.024676885937499993 0.04187592638888889
2 0.30305663125 0.5443247326388888 0.01794682500000002 0.033899559722222174
2 0.319320941796875 0.5403365493055555 0.01682514921874998 0.025923193055555533
2 0.33390273867187503 0.5373454118055556 0.012338442968749997 0.019940918055555555
2 0.346802019921875 0.52936904375 0.01121676640625 0.01595273472222216
2 0.3602621375 0.5283719979166667 0.011216765625000003 0.0139586430555555
2 0.40288585 0.5652626944444444 0.06505724374999997 0.09970458611111113
2 0.370918066015625 0.5393395027777778 0.014581796093750033 0.035893652777777715
2 0.437657823046875 0.5443247319444444 0.02243353203125 0.03788774166666668
2 0.45392213515624996 0.5483129152777778 0.014581796874999942 0.041875925
2 0.46457806328124995 0.5542951909722222 0.017946826562500018 0.05384047638888884
2 0.507762611328125 0.5473158694444444 0.07739568515624998 0.10768095555555554
6 0.68442667734375 0.43664377777777774 0.022433531249999916 0.03389956111111106
7 0.6580672765625 0.34391851041666666 0.034771975000000045 0.019940918055555555
6 0.48196405039062495 0.11958318888888889 0.014581794531250036 0.08175776111111112
6 0.492619978125 0.11060977777777777 0.02019017968750001 0.0997045888888889
6 0.5133709953125 0.11459795902777778 0.02131185468750001 0.08375185416666667
7 0.01804879921875 0.25735710833333336 0.0360975984375 0.09335914444444443
7 0.022076641015625 0.3259716833333333 0.01682514921875 0.019940916666666673
7 0.006934007421875001 0.3399303270833334 0.01346011796875 0.0159527347222222
7 0.019170475781249998 0.38479739097222215 0.038340951562499996 0.021935006944444446
6 0.010135391015625 0.44699674722222227 0.017152200781249998 0.04019505555555559