7 0.06339819023437501 0.14981367430555553 0.09264091953125 0.14597963194444444
7 0.21955428671875002 0.3790416125 0.03017848124999998 0.052956902777777794
7 0.323775321875 0.4149476166666667 0.022458406249999997 0.014972269444444445
7 0.285876762109375 0.4099568604166666 0.01263285234375 0.01247689305555555
7 0.785576269921875 0.21968426597222218 0.021054752343749962 0.04366912083333333
7 0.7876817445312501 0.26647260902777775 0.032283956250000044 0.03493529583333333
2 0.824878478515625 0.5665418513888889 0.34810527421875 0.3930220833333334
2 0.057760201171875004 0.5209102229166667 0.04982958515625001 0.03867836250000004
2 0.095658759375 0.5109287090277778 0.013334678124999999 0.02121071527777774
2 0.134259143359375 0.5115525527777779 0.02456388046875 0.02744916388888888
2 0.1689994875 0.5040664166666666 0.019651104687499997 0.02495378055555556
2 0.35814136640625 0.4628926763888889 0.0077200765625000225 0.017467647222222223
2 0.359895927734375 0.4672595868055555 0.008421900781250002 0.01871533472222219
2 0.364457791015625 0.4703788104166667 0.007720077343749976 0.022458404166666668
2 0.37182695546875 0.46414036319444446 0.015440153125 0.024953781944444448
2 0.38410889609375004 0.4691311222222222 0.024563881249999975 0.024953783333333333
2 0.387618020703125 0.4940849048611111 0.04421498359375002 0.054898323611111105
2 0.347613988671875 0.46414036527777774 0.009123728906250017 0.014972269444444445
2 0.336033872265625 0.4622688305555556 0.014036500781250006 0.021210716666666702
2 0.3276119703125 0.4653880548611111 0.014036501562500003 0.01746764861111111
2 0.477655844140625 0.4748397333333333 0.023395388281250006 0.03812581944444441