2 0.198424219140625 0.4393219520833333 0.07207625703125001 0.07474575138888886
2 0.23875260273437499 0.44084737430555554 0.017161014843750034 0.028983045833333342
2 0.264494124609375 0.43169483333333336 0.020593216406250024 0.03203389166666671
2 0.300103226953125 0.43550839374999994 0.03003177421875001 0.04576270416666664
2 0.31983839257812496 0.42101686875 0.012870760156250017 0.019830504166666665
2 0.47300043984375 0.4118643277777778 0.008580506250000041 0.01677965555555553
2 0.538212290625 0.4080507715277778 0.005148304687500005 0.012203390277777733
2 0.6360300703125 0.41491517499999997 0.013728810937500047 0.016779658333333378
2 0.65018790625 0.4164405986111111 0.011154659374999997 0.01677965555555553
2 0.77546330625 0.4049999236111112 0.0223093171875 0.015254236111111099
2 0.79262431953125 0.4072880590277778 0.010296607812500014 0.010677965277777762
2 0.8072111808593749 0.4049999236111111 0.013728810156250049 0.021355927777777752
2 0.99169207890625 0.4011863645833333 0.013728810937499957 0.028983045833333342
9 0.925622175390625 0.37144060763888886 0.11669489296874999 0.12508472083333336
2 0.750579837109375 0.4049999236111111 0.015444913281250017 0.012203388888888849
2 0.7312736960937499 0.4049999236111112 0.014586862499999942 0.015254236111111099
2 0.8355268535156248 0.3943219604166667 0.02059321484374994 0.021355929166666638
7 0.27993903593749997 0.35847450833333333 0.08408896718750003 0.15101691944444443
7 0.433101083203125 0.4141524638888889 0.006864405468749979 0.009152541666666675
7 0.384621219921875 0.41720331041666664 0.006006353906249995 0.012203387500000041