9 0.522213666796875 0.41244332847222215 0.053339780468750056 0.09788519027777774
9 0.546589373828125 0.4216200645833333 0.04129531484375004 0.09992446527777782
9 0.6724827296875 0.4307968020833333 0.22368295468749996 0.21208457916666662
9 0.34699535390624997 0.42365934027777774 0.06079587968750002 0.08361026666666665
9 0.83594335 0.4460913631944445 0.1422394171875001 0.24267370138888888
5 0.837759590625 0.41737158680555553 0.04588368281249995 0.08564954027777784
2 0.11356211640625 0.42722807083333336 0.0780022625 0.08361026666666665
2 0.137995175390625 0.4531268701388889 0.09933817109375 0.11093656805555555
2 0.253507348828125 0.42518879444444446 0.07800226171875 0.11216011388888893
2 0.45906626250000004 0.4270241618055556 0.013765104687499984 0.020392748611111088
2 0.447480616796875 0.4249848868055556 0.010782675781250006 0.020392748611111088
2 0.392649620703125 0.43232625625000004 0.05620751171874998 0.07749244305555554
2 0.43107720585937503 0.42926734583333337 0.011470921093749985 0.018353472222222205