7 0.5458908203125 0.3808022277777777 0.014327842187500028 0.03311323611111108
2 0.41694023242187495 0.4342928430555555 0.014327842968749938 0.017830205555555523
2 0.394732076171875 0.4368400145833333 0.010029489843749984 0.022924548611111106
2 0.494310586328125 0.43938718680555555 0.02579011796874999 0.03820758194444444
2 0.5154441546874999 0.44893908194444443 0.03438682343749999 0.05094344166666668
2 0.553412937109375 0.4604013569444444 0.05587858828124999 0.07896233611111106
2 0.6680356820312501 0.4960617673611111 0.1561734890625 0.1604718430555555
2 0.435924625 0.43110887708333334 0.011462275000000055 0.015283031944444442
2 0.126085018359375 0.48714666388888883 0.14614399921875001 0.1375472944444445
2 0.33956988046875003 0.44511832430555553 0.037252392187500004 0.053490615277777764
2 0.456699997265625 0.4451183243055556 0.04298352890624999 0.07386799027777778