6 0.34229529296875 0.02039060486111111 0.011865226562499975 0.03046872916666667
6 0.552573468359375 0.03328122083333333 0.013183583593750025 0.04687496944444444
6 0.706821409375 0.13523427430555554 0.015820301562500028 0.030468726388888888
6 0.25923870937500004 0.17390612222222224 0.014501943749999979 0.03281247777777777
6 0.5420266 0.03445309444444444 0.013183584375000024 0.04921871666666666
7 0.25330609648437497 0.10828116944444446 0.023730452343749996 0.0187499888888889
2 0.6059669871093749 0.24773419722222226 0.06459956640624993 0.15703114166666665
2 0.7055030515625 0.2735154298611111 0.18984361875000005 0.2789060569444445
2 0.4332620273437501 0.24421857361111113 0.02768552812499996 0.03281247777777779
2 0.5150002515625001 0.2160935944444444 0.017138657812500034 0.018749986111111106
2 0.5505959308593751 0.22429671388888886 0.02768552734375005 0.03515622500000003
2 0.406235678125 0.25124982013888886 0.03955075468750002 0.04218747083333333
2 0.28099162343749995 0.2887497951388889 0.08701165937500002 0.09843743472222223
2 0.2012309375 0.24421857569444447 0.048779264062499994 0.04218747361111114
2 0.12952162734375 0.30968459444444446 0.231748634375 0.17780700555555554
2 0.035580486328125 0.37059942222222225 0.07116097265625 0.18317550833333335
2 0.8478857660156252 0.3977340944444444 0.3032224492187501 0.5648433611111111