2 0.0217733203125 0.4213059125 0.032999768750000005 0.024742272222222222
2 0.281056759765625 0.41512034513888885 0.02783505546875 0.020618559722222173
2 0.313724278515625 0.41821312916666675 0.01739691015624998 0.02268041666666668
2 0.38215212578125 0.41924405833333334 0.015077321874999994 0.020618563888888906
2 0.36185573046875 0.4161512715277778 0.013917526562500004 0.018556701388888857
2 0.4677835925781251 0.43986261805555554 0.016237116406249984 0.04948454166666667
2 0.493299062890625 0.4584193215277778 0.057989700781249987 0.08247424027777774
2 0.349097995703125 0.44914096875000004 0.055670111718750005 0.07216495972222224
2 0.788080026953125 0.3951890625 0.06146908203124992 0.024742272222222222
2 0.836211477734375 0.4003437027777778 0.08118557890624993 0.02268041666666668
2 0.912177985546875 0.40343648680555555 0.04755155390624992 0.028865984722222196
2 0.93073468984375 0.40343648680555555 0.03595361406249999 0.028865984722222196
2 0.95045118828125 0.40549834513888894 0.03131443750000003 0.020618565277777712
2 0.9811857300781248 0.40549834305555554 0.03479381953124996 0.037113408333333334
7 0.22500003828124998 0.3577320159722222 0.023195882812500023 0.035051551388888866
7 0.22615983046875 0.3948454256944444 0.027835054687500006 0.03092784027777782
7 0.6581830984374999 0.33402067361111115 0.022036085937499995 0.024742272222222222
7 0.6570233046875 0.3670103708333334 0.024355673437499982 0.037113411111111105
6 0.3554768625 0.3324742826388889 0.008118557812499993 0.024742270833333337
6 0.399549034375 0.3201031458333333 0.008118556250000042 0.024742272222222222
6 0.41520625468749994 0.3943299625 0.0069587656249999515 0.016494850000000047
2 0.5126289507812499 0.3969072812500001 0.011597937499999933 0.018556701388888937
2 0.5306057578125 0.39587635486111106 0.015077321874999949 0.012371137499999997
2 0.562500093359375 0.3907217138888889 0.009278353906250026 0.014432991666666655