2 0.375788425 0.6160785583333332 0.006823656250000009 0.01906290833333336
2 0.38212467617187496 0.6169450534722223 0.009748078906250023 0.020795898611111124
2 0.3918727546875 0.61781155 0.009748078124999981 0.022528891666666655
2 0.399183812890625 0.6195445423611111 0.008773271093749946 0.03639282638888888
2 0.40649487265625 0.6230105256944445 0.009748078124999981 0.04332479305555555
2 0.41721775820312496 0.6221440291666667 0.021445772656249938 0.041591799999999936
2 0.43963833867187496 0.6273430041666667 0.040941928906249994 0.05198974999999998
2 0.476193633203125 0.6386074513888889 0.04581596953124993 0.09184856111111112
2 0.5278584484375 0.6377409562499999 0.09845559218749997 0.14557130416666672
2 0.61802817421875 0.6498718986111112 0.16376771874999996 0.20449302500000002
2 0.82761186171875 0.681932245138889 0.3431323625 0.476572726388889
2 0.344594573828125 0.6221440298611111 0.022420580468750017 0.031193851388888937
2 0.328022840234375 0.6195445416666666 0.010722886718749968 0.012130941666666692
2 0.31145110664062503 0.6221440298611111 0.022420580468750017 0.034659834722222234
2 0.279769851953125 0.6316754840277778 0.03899231484375001 0.060654709722222186
2 0.258324080078125 0.6247435166666667 0.011697694531250002 0.022528891666666655
2 0.24321455820312501 0.631675482638889 0.032168658593749996 0.04679077638888892
2 0.22518061210937498 0.6412069368055555 0.015596924218750008 0.0415918013888889
2 0.19496156875 0.6351414673611111 0.054589240625000014 0.08838257916666663
2 0.124288 0.6620028388888889 0.07311058749999999 0.09011556944444439
2 0.044353757421875 0.6793327548611111 0.08870751484375 0.1282413875