7 0.27487117968749997 0.43092790763888883 0.03711340937499998 0.020618559722222173
7 0.32532221953125 0.44639182708333336 0.028994850000000037 0.026804129166666652
7 0.5427835953125 0.5020619381944444 0.009278353125000027 0.01855670416666663
7 0.590915046484375 0.4876289451388888 0.015077322656250036 0.03092784027777774
7 0.49639183437500006 0.4979382270833333 0.009278351562500032 0.022680418055555564
7 0.47667533671874995 0.4969072986111111 0.011597940624999924 0.020618561111111135
7 0.46159801484375 0.4907217305555556 0.009278353124999939 0.0164948472222222
7 0.576301633984375 0.5020619381944444 0.010438144531249981 0.01855670416666663
2 0.42100522421875003 0.5195877152777778 0.02783505625 0.04123712222222219
2 0.39896913749999996 0.5237114277777778 0.027835056249999955 0.04536083333333336
2 0.380412434375 0.51237121875 0.016237117187500028 0.03917526527777777
2 0.36591500820312495 0.5061856506944445 0.01739691015624998 0.026804129166666652
2 0.35663665703124997 0.5340207069444445 0.05914949374999998 0.06597939166666672
2 0.298067059375 0.5164949298611111 0.0556701125 0.051546401388888954
2 0.21804127265625 0.5268042104166667 0.04639176093749997 0.04329897638888885
2 0.173389204296875 0.5247423548611111 0.042912378906250014 0.05154640138888888
2 0.14091497109375 0.53195885 0.024355673437500003 0.03711340555555556
2 0.118878886328125 0.5298969958333334 0.03131443828124998 0.04536083333333328
2 0.09336341679687502 0.5618557631944445 0.03595361484375 0.03917526527777777
2 0.030734541015625 0.5525774124999999 0.04755155390625 0.037113408333333334
2 0.07248712539062499 0.6872166298611111 0.14497425078124998 0.23298975972222216
2 0.5292769921875 0.548388754861111 0.061131139062499965 0.0749216569444444
2 0.44014182578125 0.5150516388888888 0.015077321875000039 0.020618561111111135
2 0.45405935351562493 0.5202062784722222 0.015077322656250036 0.022680418055555564
2 0.47145626289062503 0.5222681354166667 0.019716499218750006 0.03092784027777774
2 0.49059286328125007 0.5263918465277778 0.02087629062500005 0.03505155416666668
2 0.809039176953125 0.5624448625 0.14149486953124998 0.1092783666666667
2 0.9222425113281251 0.7275533083333333 0.15168617578124993 0.30753647500000003
7 0.530881212109375 0.4134021298611111 0.046391760156249975 0.055670112499999966
7 0.5807523546875 0.41030934583333334 0.039432996875000015 0.049484544444444445