7 0.5333978164062501 0.28522657569444443 0.016059289062499982 0.021752265277777776
7 0.53454490703125 0.3096978701388889 0.012235651562500038 0.02447129861111112
7 0.0760426453125 0.19577038125000001 0.03594221875 0.04894259583333332
7 0.8725833875 0.08823262569444444 0.02523602500000006 0.020392745833333344
7 0.91196688203125 0.09978851597222221 0.041295314062499956 0.03262839583333333
7 0.882907215625 0.12901811944444444 0.05964878749999993 0.02039274444444443
7 0.8767893917968749 0.16028699999999999 0.03823640390624998 0.02854984722222223
6 0.20136680820312497 0.13454965069444444 0.022177113281249983 0.06933534027777778
6 0.398652746875 0.2908005888888889 0.0038236406250000245 0.02039274722222224
6 0.40132929414062507 0.32206946736111114 0.003058911718750057 0.012235648611111098
6 0.418535676953125 0.3268277777777778 0.0038236398437499373 0.013595166666666674
6 0.42503586406249994 0.3105135798611111 0.004588367187499998 0.01359516805555552
6 0.444154066796875 0.2955588986111111 0.004588369531249992 0.01903323333333332
6 0.21308601640624997 0.2692813875 0.011470918750000036 0.02854984166666665
2 0.030832453125 0.38606021041666666 0.0542956921875 0.055740179166666654
2 0.1568387765625 0.3819816638888889 0.06924264531249999 0.06389727777777776
2 0.08551050703125 0.3942173097222222 0.094826278125 0.0829305083333333
2 0.5043927835937501 0.3478420145833333 0.015294562500000008 0.021752265277777776
2 0.42944943359375004 0.36503018819444444 0.015294562500000008 0.03398790972222226
2 0.41683142070312496 0.34803623263888894 0.00841200859375002 0.016314198611111132
2 0.46615638007812504 0.3915407618055555 0.07647280546874997 0.12507552083333331
6 0.90564680625 0.2553766854166667 0.022650110937500044 0.03602824583333333
6 0.925912694921875 0.2553766854166667 0.020265888281249998 0.03602824583333333
6 0.324135015234375 0.30306112916666667 0.005960555468750029 0.025431702777777804
6 0.29135196054687496 0.3009418208333333 0.007152666406250008 0.025431702777777804
6 0.24247540585937505 0.31365767222222224 0.007152666406250008 0.025431702777777766