7 0.3561430484375 0.35864964375 0.01708859999999999 0.04219407361111113
7 0.35614304921875 0.3864977347222222 0.009493667187500021 0.023628680555555566
7 0.16057350742187498 0.3864977361111111 0.013291133593750004 0.030379733333333388
2 0.280063178125 0.4053042388888889 0.013291132812500005 0.013502105555555487
2 0.29145557773437497 0.4196502243055556 0.01329113515625 0.021940920833333325
2 0.26107584375 0.43062068194444447 0.011392399999999992 0.02025315555555554
2 0.247784709765625 0.4272451576388889 0.007594933593750008 0.02700420972222225
2 0.24446192695312502 0.42808903958333333 0.010443033593749984 0.02531644583333335
2 0.238765725 0.42724515625 0.008544301562500013 0.020253156944444427
2 0.21028472421875 0.42049410486111105 0.012341767187499996 0.02700420972222217
2 0.1950948578125 0.42049410625 0.02943036874999998 0.023628684722222223
2 0.036075934375 0.42748627569444436 0.07215186875 0.05738394305555556
2 0.02515821796875 0.4945145680555555 0.0503164359375 0.1316455166666667
2 0.224999908984375 0.42812922152777777 0.024683533593749994 0.033755256944444374
2 0.27816444375 0.43572415625 0.03607593437500003 0.048945126388888836
2 0.159968289453125 0.4458507347222222 0.05221516953125001 0.062447233333333366