6 0.15114624570312502 0.05096305763888889 0.015210913281249993 0.07280436527777778
6 0.6689022945312499 0.15600935555555556 0.014040842187499968 0.08736523888888889
6 0.613908996484375 0.3328199583333334 0.011700702343750003 0.06656399166666667
6 0.46472505039062495 0.3577814541666667 0.005850350781250046 0.0332819972222222
6 0.557160593359375 0.36298176736111115 0.005850350781249958 0.02704162083333337
6 0.546629962890625 0.3858631388888889 0.005850350781249958 0.022881372222222276
6 0.151731280078125 0.3546612694444444 0.014040841406250015 0.03536211944444444
6 0.17162247343749998 0.3557013291666667 0.0163809828125 0.02912174722222226
6 0.8093107140625001 0.34530070763888887 0.014040842187499968 0.033281995833333314
6 0.794099801953125 0.34530070763888887 0.011700702343750003 0.033281995833333314
6 0.12481966640625002 0.04680280763888888 0.025741543749999995 0.07696461527777777
7 0.736766364453125 0.20281216180555559 0.06552393046875 0.03536212083333332
7 0.800535187890625 0.26105565555555554 0.026911613281250003 0.0228813722222222
7 0.78298413515625 0.27977677777777776 0.03627217499999995 0.018721122222222223
7 0.44366378710937493 0.3588215173611111 0.019891192968750016 0.01456087361111113
2 0.2722485078125 0.4576274444444444 0.07722463125000001 0.08320498888888891
2 0.3254867 0.44722682013888887 0.036272175 0.06240374027777781
2 0.34654796328125004 0.44410663194444444 0.02925175468750001 0.06032361666666664
2 0.3757997171875 0.4420265069444445 0.036272175 0.04368261944444443
2 0.4156674265625 0.4409864451388889 0.0327619640625 0.04368262083333331
2 0.45369470703125003 0.42954575902777775 0.022231332812499983 0.029121745833333375
2 0.46832058437500007 0.4222653222222222 0.011700701562500004 0.0228813722222222
2 0.4776811453125 0.41706501041666666 0.016380981250000027 0.029121745833333375
2 0.5835724953125 0.42642557152777777 0.02457147500000003 0.03536212083333336
2 0.571286758984375 0.4201851965277778 0.016380982031249935 0.018721120833333296
2 0.5630962683593751 0.42330538472222223 0.014040841406249971 0.016640997222222294
2 0.554320741796875 0.4233053861111111 0.015210913281249993 0.02080124722222223
2 0.54496018046875 0.42330538472222223 0.015210912499999996 0.016640997222222294
2 0.5063832140625 0.42453947569444445 0.01398848749999999 0.02486842083333332