7 0.077338199609375 0.4699210625 0.017008403906250004 0.028458505555555607
7 0.054936966015625 0.38454554722222223 0.03023460703125 0.028458502777777835
7 0.20290023632812498 0.3258498805555556 0.026012853906249987 0.046245072222222246
7 0.206902214453125 0.3907708451388889 0.028013841406249983 0.06581029583333337
7 0.20590172031250004 0.4476878541666666 0.022010876562500004 0.01956522222222227
7 0.335965983203125 0.42990128749999995 0.034016807031250006 0.06936760555555557
7 0.57008165390625 0.38009890277777775 0.014006920312499994 0.008893280555555568
7 0.603598214453125 0.3943281569444445 0.03901927890624997 0.033794469444444454
6 0.576084619921875 0.3427471180555555 0.010004942968750008 0.03023716111111108
6 0.6746333117187501 0.27693682430555555 0.009004448437500034 0.04446641527777777
7 0.5668719566406251 0.2982807041666667 0.01359049453125003 0.033794477777777804
7 0.6055992031249999 0.43256927361111114 0.02701334687500001 0.03913044444444446
2 0.134866622265625 0.5490712819444444 0.044021750781250014 0.07292492222222222
2 0.20890320234375004 0.5481819520833333 0.1760870015625 0.09249014305555553
2 0.4735339515625 0.5615218756944445 0.25512605312500003 0.3930831041666666