6 0.41871079062500005 0.2371874159722222 0.012656246874999954 0.058124979166666674
6 0.6823825734375 0.10312496527777777 0.016874993750000032 0.09374996666666667
6 0.77203098046875 0.4209373534722223 0.014765620312499995 0.031874987500000014
6 0.412382668359375 0.44249984583333335 0.014765619531249996 0.026249988888888885
6 0.40974595 0.23999991527777778 0.01371093124999998 0.04874998055555556
6 0.433476410546875 0.23624991597222222 0.01054687109374992 0.05624997916666668
6 0.661816175 0.11062496180555556 0.020039054687500002 0.0712499763888889
6 0.698202880859375 0.10968746250000001 0.014765619531249996 0.07312497500000001
7 0.8896285953125 0.3824998652777778 0.009492182812499906 0.022499994444444442
2 0.79787081484375 0.48374983125 0.09386715468749998 0.05624998194444441
2 0.69041774921875 0.49435846319444443 0.0245078484375 0.03128271249999999
2 0.718241935546875 0.49687482569444447 0.05695310390625004 0.0674999763888889
2 0.6554880515624999 0.49218732916666663 0.04324217343750005 0.0393749861111111
2 0.59273416796875 0.5053123222222222 0.0400781125 0.05812497777777779
2 0.513632632421875 0.49406232777777775 0.04429685859374999 0.04687498611111115
2 0.469863116796875 0.5099998201388889 0.05167966953125003 0.05624997638888887
2 0.41132798046875 0.5006248243055555 0.05906247968749998 0.041249984722222244
2 0.350683471875 0.5024998256944444 0.06644528750000003 0.03749998750000003
2 0.293203021875 0.49968732430555557 0.06539060156250001 0.050624981944444473
2 0.23519523007812498 0.5024998229166666 0.06960935078125 0.05624997916666672
2 0.1752230796875 0.5103748201388888 0.08226559687499999 0.04874997916666667
2 0.13713713046875 0.5213486875 0.025978618750000005 0.0319736861111111
2 0.076082490625 0.5141248215277778 0.0717187234375 0.03749998750000003
9 0.025860819531249996 0.48533186319444444 0.05062498125 0.05999997916666663
2 0.022949937890625 0.5528318388888889 0.04589987578125 0.09749996944444443
2 0.872109066015625 0.6820505375 0.25312491015625005 0.5568748055555557