4 0.19194737304687498 0.4122924402777777 0.00946589765624999 0.05796401666666663
4 0.18353324140625 0.41603205486111106 0.011569431250000007 0.06170363194444448
4 0.16302379648437498 0.4244461847222222 0.014724732031249998 0.07853189166666665
4 0.153032014453125 0.4244461861111112 0.011569430468750008 0.06731305277777777
4 0.14093670234375 0.4216414743055555 0.016828264062499997 0.09162054305555556
4 0.12989315546875 0.4160320555555556 0.013672964062500004 0.07292247222222217
4 0.12147902226562499 0.43192541250000005 0.01788002890625 0.07479227777777776
4 0.11043547539062501 0.43005560555555555 0.014724730468750002 0.09722996388888892
4 0.0983401609375 0.4150971513888889 0.0199835609375 0.06357343888888889
4 0.08414131328125 0.4038783090277778 0.010517664062499998 0.03739614027777781
4 0.041544773828125006 0.39078965972222224 0.011569430468750003 0.02617729722222219
4 0.30974521289062495 0.38237552916666667 0.007362364843750013 0.016828261111111135
4 0.30080519765625 0.3842453354166666 0.0063105984374999926 0.01682826527777779
4 0.5248314484375 0.38985475486111104 0.006310598437500037 0.028047104166666673
4 0.532719696875 0.3907896604166667 0.005258831249999929 0.02243768194444442
4 0.5153655500000001 0.39359437291666666 0.006310598437499948 0.02804710694444444
4 0.6263269089843749 0.3870500444444444 0.007362364843749969 0.022437683333333385
4 0.78093657265625 0.38985475625 0.007362365625000056 0.024307490277777788
4 0.775151858203125 0.3889198520833333 0.008414132031249988 0.026177298611111156
4 0.799342485546875 0.4132273423611111 0.01893179453125011 0.05235459583333327
4 0.87180921875 0.4104226333333333 0.013672964062499914 0.05048478888888886
4 0.87811981796875 0.4141622451388889 0.015776496874999955 0.054224401388888864
4 0.8833786496093751 0.40294340486111113 0.0094658976562501 0.03552633194444444
4 0.8528774226562501 0.39172456250000004 0.009465896875000013 0.02056787777777779
4 0.994865890234375 0.40761792222222226 0.009465897656249922 0.07479227777777776
4 0.9864517597656249 0.41509714861111113 0.0094658976562501 0.05609420833333326
4 0.8607656703124998 0.39359437013888887 0.010517662500000035 0.02430749305555556
4 0.7624255109375 0.38985475625 0.011569432812499957 0.01682826527777779
4 0.683543028125 0.39452927430555557 0.009465898437500009 0.03365652638888893
4 0.690379509375 0.38985475625 0.006310598437500037 0.01682826527777779
4 0.6646112320312499 0.38237552916666667 0.009465895312500017 0.016828261111111135
4 0.01630238046875 0.39172456250000004 0.009465898437500002 0.016828261111111055
4 0.005784715625 0.3898547576388889 0.01156943125 0.020567876388888826
4 0.07204600078125001 0.39546417777777776 0.009465896875000001 0.02056787777777779
2 0.47119136015625 0.3851802381944444 0.010517662499999946 0.014958454166666652
2 0.45646663046875 0.3842453368055555 0.014724731249999934 0.009349034722222172
2 0.43806071640625 0.3889198520833333 0.01577649531249996 0.02243768194444442
2 0.4196548046875 0.3833104319444445 0.023138862500000013 0.011218841666666653
2 0.41439597265624994 0.4010735986111112 0.031552992187500004 0.035526333333333326
2 0.39073122890625 0.3823755277777778 0.015776495312500007 0.01308865000000002
2 0.38686064062500003 0.4093358569444444 0.023909804687500015 0.028904294444444485
2 0.354821503125 0.41103611111111116 0.04208125781250001 0.03230480277777785
2 0.32756432421875 0.4152867423611111 0.016258665625000022 0.020403034722222203
2 0.45715546601562507 0.4084857305555556 0.02486619609374996 0.03740556388888889
2 0.48297805625 0.3889328236111112 0.015302274999999987 0.025503791666666664
2 0.486803624609375 0.39573383333333334 0.01338949140625001 0.028904294444444485
2 0.49971491914062494 0.4059353506944444 0.02964815859375003 0.04930732916666669
2 0.46050283984374996 0.37278042361111113 0.012433098437499979 0.010201519444444468
2 0.6474775125000001 0.390633075 0.01912784375000003 0.011901769444444455
2 0.7378565734375 0.40168471875000006 0.09277004218750004 0.0306045513888889
2 0.742638534765625 0.4807464722222223 0.12146180859374996 0.18532755277777785
2 0.8787331597656249 0.5391926618055556 0.24101083203124993 0.22400830416666676
2 0.61304739453125 0.5032748222222222 0.18075812343750003 0.24993716111111108
2 0.8829771289062499 0.7651137513888888 0.2324033015625 0.4658692611111111
2 0.302698127734375 0.4308440708333333 0.04303764765625 0.06460960555555562
2 0.2443582046875 0.4367949541666667 0.09659561093749999 0.11391693611111103
2 0.056427138671875 0.5192572159722223 0.11285427734375 0.2414358958333334
2 0.3853005234375 0.6129411284722223 0.28475381562499996 0.3757558652777778
6 0.28309208867187496 0.20615565000000002 0.011476707031249988 0.04760707777777778
6 0.270180792578125 0.20615565000000002 0.010520313281250004 0.03740556111111108
6 0.39785915078125 0.3234730895833333 0.005738353125000017 0.01700252638888888
6 0.393077190234375 0.3217728368055556 0.005738352343750019 0.01700252638888888
6 0.3490831484375 0.3260234701388889 0.005738353125000017 0.015302276388888893
6 0.341910208203125 0.3268735951388889 0.004781961718749983 0.01700252638888888
6 0.345735776171875 0.36257890624999994 0.008607528906249984 0.010201515277777733
6 0.5097570367187501 0.12964427569444445 0.015302274999999987 0.05100758194444444
6 0.5298412730468749 0.1262437673611111 0.011476707031250033 0.05780859305555555
6 0.6264368835937499 0.27841639305555554 0.007651137499999993 0.03230480277777777
6 0.8005002625 0.16534958541666667 0.019127842187500032 0.08501263749999999
6 0.842581516796875 0.28266702222222223 0.030604550781249885 0.044206572222222226
7 0.18362729921874998 0.3209227111111111 0.022953412500000003 0.015302275000000008
7 0.220926594921875 0.2452614638888889 0.05547074765625002 0.020403033333333317
7 0.540361587109375 0.2996695527777778 0.0076511367187499955 0.017002527777777804
7 0.547534527734375 0.3489768833333334 0.008607528906250028 0.030604550000000015
7 0.62691508046875 0.30307005833333334 0.018171451562499996 0.013602022222222211
6 0.63504441484375 0.35152726319444444 0.01912784374999994 0.022103287499999957
7 0.8177153203125 0.07608631388888888 0.04399404062499999 0.04930733055555556
7 0.81867171328125 0.12454351666666667 0.04208125781249992 0.03740556388888887
7 0.9236357574218751 0.1347450347222222 0.031560942968750005 0.044206575
7 0.91981018671875 0.19000324861111115 0.027735373437500144 0.07311086944444445
7 0.91741920703125 0.2571632340277778 0.030604549999999973 0.061209101388888874
7 0.8122160656249999 0.23846045347222222 0.040168473437500116 0.027204045833333346
6 0.504178101953125 0.3255984076388889 0.008607528906250028 0.018702779166666635
9 0.427000144921875 0.36935335 0.013766261718749995 0.01960603611111114
7 0.37506515742187496 0.3272986597222222 0.02390980546875001 0.011901769444444455