2 0.39964388671875 0.41414033194444444 0.01582030468750002 0.016406238888888917
2 0.41546418828125004 0.41296845833333334 0.010546868750000016 0.014062491666666687
2 0.377890971875 0.41062471041666665 0.022412093749999994 0.02812498194444449
2 0.36470738671875 0.40828096180555556 0.01186522499999998 0.01874998750000003
2 0.34559118906249997 0.40945283680555555 0.023730453124999995 0.03046872916666664
2 0.331748425390625 0.4141403347222222 0.019775378906249984 0.025781233333333375
2 0.29417520937499997 0.4000778423611111 0.05537105625000001 0.049218718055555555
2 0.2559428125 0.40828096180555556 0.06591792343749998 0.04218747083333333
2 0.16761279570312498 0.3754684861111111 0.055371055468750006 0.028124980555555606
2 0.195298323828125 0.4012497159722222 0.05273433828125 0.05156246527777779
2 0.07400934453125001 0.4012497166666667 0.0975585265625 0.06093745555555559
2 0.15179249375 0.41062470902777776 0.10810539375000001 0.05156246527777779
2 0.51763696953125 0.4340621944444444 0.011865225000000024 0.018749986111111068
2 0.6382667695312501 0.4387496909722223 0.015820303124999935 0.018749987499999954
2 0.476108677734375 0.42585907361111114 0.013183585156249933 0.021093736111111146
2 0.462925092578125 0.4258590756944445 0.018457017968750034 0.02578123194444449
2 0.013274219921875 0.4141403333333334 0.02654843984375 0.03984372222222221
2 0.435898744140625 0.4375778173611111 0.04350582890624999 0.07265619861111117
2 0.4998391296875 0.44226531388888884 0.031640603125000055 0.04453121944444444
2 0.758237390625 0.4867965340277777 0.07119135781249994 0.0679687041666667
2 0.662721975 0.5324996263888888 0.151742371875 0.16406238888888894
7 0.59607929921875 0.43523406944444437 0.015820301562500028 0.016406236111111066
7 0.6013527328125 0.39773409444444446 0.015820301562500028 0.021093736111111067