2 0.163767719921875 0.6519514833333334 0.16766694921875 0.10397950555555559
2 0.23395388164062503 0.6406870375 0.08968232265625002 0.08145061388888893
2 0.296341584375 0.6493519923611111 0.03899231406250001 0.046790779166666616
2 0.47326920859375 0.6138256652777778 0.02242057968749993 0.055455736111111126
2 0.492765366015625 0.6207576319444446 0.018521350781250057 0.03465983611111112
2 0.49861421367187503 0.60776019375 0.028269427343749952 0.04332479305555555
2 0.5151859468750001 0.6103596805555556 0.010722887499999967 0.02079590000000001
2 0.5254214296875 0.6086266895833333 0.013647309375000027 0.017329918055555598
2 0.5951201890625001 0.60516070625 0.0243701953125 0.06238770416666668
2 0.5795232632812499 0.6120926722222222 0.012672503124999946 0.04505778611111108
2 0.56831297421875 0.604294211111111 0.00974807812500007 0.022528891666666655
2 0.5585648960937499 0.6016947222222222 0.009748079687499977 0.01732991388888894
2 0.630700676171875 0.6042942097222223 0.06628693203124998 0.10224651111111108
2 0.4435375703125001 0.63115558125 0.044841160937499944 0.06238770138888891
7 0.604380864453125 0.5479719784722222 0.01364730859374994 0.02772786527777779
7 0.731105883203125 0.40759964930555553 0.023395388281250006 0.020795901388888892
7 0.29877860546875 0.50031470625 0.024370196874999993 0.05372274583333336
7 0.300240816796875 0.5306420611111111 0.015596925781250003 0.013863933333333339