7 0.371616416796875 0.4923381493055556 0.018949278906250023 0.03493529583333333
7 0.3863547453125 0.4723751208333334 0.007720076562499978 0.012476891666666667
7 0.5256670375 0.47050358680555554 0.005614600000000003 0.008733823611111151
7 0.526017950390625 0.4574028513888889 0.006316425781250068 0.0049907555555555585
7 0.5235615609375001 0.5266496 0.005614601562499999 0.011229202777777817
2 0.4316926546875 0.5365063368055556 0.00715862499999993 0.01097964861111112
2 0.3963206703125 0.47649248125 0.009123728124999975 0.01372458194444448
2 0.42670969062499997 0.5414970923611111 0.009825553125000042 0.01247689027777778
2 0.45934456015625 0.5433686277777778 0.0077200765625000225 0.011229202777777737
9 0.4880492046875 0.4798612555555556 0.023862054687499957 0.0049907555555555585
9 0.45927437343750005 0.48422816875 0.019651103125000003 0.008733823611111073
7 0.387337296484375 0.45740285208333326 0.00772007734375002 0.007486134722222222