6 0.345605412109375 0.6829726305555556 0.007175199218750006 0.017007877777777795
6 0.377295872265625 0.6744686895833334 0.010762796093750016 0.012755909722222233
6 0.4089863328125 0.6973230263888889 0.007175198437500007 0.024448825000000025
2 0.373708272265625 0.7127364173611112 0.010762799218750008 0.012755909722222153
2 0.362347541015625 0.7137994118055556 0.011958663281250014 0.010629926388888815
2 0.34799714335937504 0.7169883868055555 0.014350397656249968 0.012755909722222153
2 0.338430212109375 0.7169883868055555 0.011958664843750012 0.012755909722222153
2 0.328265347265625 0.7180513784722222 0.010762799218750008 0.014881893055555493
2 0.318100481640625 0.7169883868055555 0.009566932031250008 0.012755909722222153
7 0.32527568125 0.6978545229166667 0.007175198437500007 0.01700787916666668
2 0.409584266796875 0.7148624020833334 0.010762799218750008 0.017007879166666604
2 0.383275204296875 0.7191143715277778 0.013154530468750014 0.019133865277777714
2 0.396429736328125 0.7201773638888889 0.01793799609375002 0.027637802777777724
7 0.395233870703125 0.6850986152777778 0.010762799218750008 0.008503936111111127
7 0.5435213109375 0.4916339923611111 0.013154531250000013 0.046771665277777826
7 0.542923377734375 0.5394686548611112 0.011958664843750012 0.02763780416666661