2 0.3527308140625 0.3368202236111111 0.01720638124999998 0.0224320222222222
2 0.34068634609375004 0.3358005868055555 0.020647656250000024 0.020392748611111088
2 0.32347996484374997 0.3307023986111111 0.016059289062499982 0.018353472222222205
2 0.309714859765625 0.336820225 0.011470921093749985 0.018353472222222205
2 0.299391031640625 0.33783986180555553 0.01376510390625003 0.01631419861111109
2 0.28849365703125 0.3388594986111111 0.014912196875000028 0.018353472222222205
2 0.37586383359375 0.3541540576388889 0.030589126562500013 0.028549845833333344
2 0.3630546421875 0.33987913541666664 0.017206381250000024 0.020392745833333316
2 0.27702273593750004 0.35823261041666665 0.021794749999999974 0.03262839861111111
2 0.14166587109375 0.3566691666666667 0.044736590624999996 0.046903322222222245
2 0.0997970109375 0.36278698958333333 0.041295315624999995 0.05913896805555557
2 0.08144353710937499 0.3841993756944444 0.022941841406249996 0.040785495833333366
2 0.051045596875 0.38623865069444446 0.05161914218750001 0.05302114583333335
2 0.597405556640625 0.31364046319444444 0.04817786640625003 0.04486404583333336
2 0.5675811632812501 0.31975828680555557 0.025236024999999974 0.028549845833333306
2 0.5280064859375 0.3126208236111111 0.017206381249999937 0.026510572222222233
2 0.548654144140625 0.31058155 0.02179474921875002 0.026510572222222233
2 0.5888023648437499 0.37685798125 0.049324957812499994 0.06933534305555555
2 0.24405091953125 0.33283048125 0.03152125468750002 0.05094344305555553