6 0.526865478515625 0.15445301875 0.01713866015624994 0.09609368472222223
6 0.1952983234375 0.20507798402777777 0.015820301562500007 0.12421866527777778
6 0.16761279570312498 0.20859360694444445 0.023730452343749996 0.08906243888888889
6 0.49456569609375 0.1453124 0.026367168750000048 0.12656241388888892
6 0.9915868390625 0.42656220694444447 0.015820301562500028 0.07968744444444442
6 0.6652931175781249 0.5378902548611112 0.014501942968750025 0.03515622638888887
7 0.6481544578125 0.4839840423611111 0.025048810937500044 0.03046872916666664
7 0.501816667578125 0.5472652486111111 0.00659179296875001 0.03515622500000006
7 0.48797390351562503 0.5507808715277778 0.00527343359375001 0.02343748472222226
7 0.49258815859375 0.5835933486111111 0.006591792187500012 0.023437483333333377
7 0.45831083828125 0.5824214743055556 0.0039550750000000075 0.02578123194444449
2 0.4932473375 0.6058589583333333 0.01054686718750002 0.025781233333333296
2 0.476767856640625 0.6035152104166667 0.022412094531249947 0.02578123194444441
2 0.45831083828125 0.6070308326388889 0.01186522656250002 0.03281247638888887
2 0.44380889492187503 0.6046870840277778 0.014501942968750025 0.0374999736111111
2 0.427988593359375 0.6035152104166667 0.014501942968749936 0.03046872916666664
2 0.41546418789062506 0.6011714618055556 0.013183585156250021 0.02578123194444441
2 0.39568881093749997 0.6058589583333333 0.026367168750000003 0.03984372222222221
2 0.507749280859375 0.5988277131944445 0.007910150781250014 0.02109373472222226
2 0.5163186109375 0.602343336111111 0.009228509375000016 0.023437483333333297
2 0.5275246578124999 0.6046870847222222 0.01054686718749993 0.03281247777777775
2 0.536093987890625 0.6058589583333333 0.019775377343749945 0.035156224999999985
2 0.5519142894531249 0.6117183291666666 0.032958961718750054 0.06093745833333336
2 0.966538028125 0.6257808201388889 0.06591792343749994 0.07968744583333331
2 0.8729345765625001 0.62695269375 0.13183584687499988 0.11484367083333337
2 0.32779335 0.6257808194444444 0.027685528125000004 0.06093745833333336
2 0.30208535937500003 0.6328120652777778 0.03427732031249997 0.06093745833333328
2 0.27242229375 0.6328120652777778 0.040869112499999985 0.08437494166666666
2 0.195957502734375 0.6398433104166666 0.11733390390625001 0.13593740694444445
2 0.060166580468749994 0.7420307361111113 0.11997062031250001 0.41531220833333343
7 0.7147315605468749 0.15164051319444447 0.13710928046875007 0.08671869027777779