7 0.12674368320312498 0.3403122590277778 0.02636716953125 0.06093745694444443
2 0.4550149421875 0.4867965340277777 0.013183584375000024 0.021093737499999952
2 0.42469269687499994 0.49031215555555563 0.010546868749999928 0.023437483333333297
2 0.41678254648437496 0.4879684076388889 0.010546867968750017 0.023437484722222183
2 0.4088723953125 0.48445278472222225 0.015820301562500028 0.03984372222222221
2 0.398325527734375 0.48562465902777774 0.01582030078125003 0.03281247638888887
2 0.519614506640625 0.48328091111111116 0.010546867968750017 0.01874998888888884
2 0.526865478125 0.4867965340277777 0.01450194218749994 0.021093737499999952
2 0.53807152578125 0.48562465902777774 0.015820301562500028 0.03281247638888887
2 0.5473000347656249 0.48679653263888883 0.021093735156250036 0.039843720833333325
2 0.55850608203125 0.48914028125 0.01713866093750003 0.039843720833333325
2 0.57564474140625 0.4914840305555556 0.03032224531249996 0.0539062138888889
2 0.608603703515625 0.48445278402777775 0.04877926328125 0.07734369583333339
2 0.43985381953124997 0.4926559041666667 0.019775376562500037 0.018749986111111068
2 0.472153602734375 0.49031215624999996 0.01845701953124994 0.018749987499999954
2 0.49720241328125 0.48914028125 0.015820301562500028 0.02578123194444441
2 0.38514194296875 0.4914840305555556 0.031640603125000014 0.03515622777777776
2 0.338340217578125 0.48445278541666664 0.05405269765625 0.0679687041666667
2 0.65474625 0.49265590416666666 0.07778314999999995 0.09374993611111111
2 0.217710418359375 0.4797652881944444 0.09755852734374999 0.10546867638888884