2 0.550410740234375 0.5281029451388889 0.010926267968750025 0.016996420833333303
2 0.558605441015625 0.5268889145833333 0.005463133593750058 0.019424473611111083
2 0.570897491796875 0.5305310027777778 0.016389400781249997 0.016996416666666646
2 0.61528545546875 0.5244608541666667 0.023218318750000043 0.02913671388888888
2 0.613236780078125 0.5366011513888889 0.01912096796874998 0.05827342777777776
2 0.10789689531249999 0.5171766763888889 0.01638940312499999 0.014568358333333324
2 0.07238652382812501 0.5366011520833334 0.02185253515625 0.04370507083333332
2 0.096287733984375 0.5366011513888889 0.03141301796875 0.03399283333333329
2 0.40891557265625 0.6067720708333334 0.27042512812499997 0.4540471277777778
2 0.59261344296875 0.55359756875 0.036876157812499956 0.053417309722222146
2 0.6479276710937499 0.5511695097222222 0.06009447187499992 0.09226626388888891
2 0.9443026871093749 0.5924465208333334 0.10653111328125 0.12140297500000001
2 0.850746516796875 0.5681659250000001 0.025949883593749945 0.033992833333333375
4 0.16252823359375 0.5426713000000001 0.021852535937500008 0.10926267777777778
4 0.7353378144531251 0.5429141027777777 0.008194700781249953 0.03593528888888887
4 0.7599219167968749 0.5633098062499999 0.010926267968750025 0.04370507083333332
4 0.7756284265625 0.5718080159722222 0.012292050000000021 0.04613313194444449
4 0.989373540625 0.60118755 0.01912096874999989 0.11169073888888888
4 0.77904288671875 0.5596677166666667 0.008194703124999947 0.031564772222222204
4 0.78587180390625 0.5608817472222222 0.008194703125000036 0.03399283333333329
5 0.279302720703125 0.5572396597222222 0.03414458671875002 0.09955044444444448
0 0.27861982812499997 0.5960886097222222 0.04097350312499999 0.0752698444444444
4 0.692315635546875 0.5438853326388889 0.004097350781250064 0.029136718055555535
4 0.69641298515625 0.551169507638889 0.00682891718750005 0.03399283194444449
7 0.207599087109375 0.19303073194444442 0.04643663671875 0.04613313333333334
7 0.204867521484375 0.30350743888888887 0.03551037109374999 0.058273427777777796
7 0.20486752109374998 0.3739211645833333 0.02458410312499999 0.058273429166666724
7 0.6166512390625 0.4831838430555556 0.028681453125000013 0.00971223888888891
7 0.66172209375 0.47711369375 0.012292051562499929 0.012140298611111117
7 0.751180911328125 0.45161907152777775 0.02731566953125002 0.01456836249999998
7 0.8118216878906249 0.49289608125 0.008194699218750046 0.029136715277777763
1 0.8015783136718749 0.5450993604166666 0.09970219453124995 0.06555760694444446
6 0.7209970878906249 0.44919100972222226 0.006828917968749959 0.024280594444444463
6 0.531836076171875 0.45404712847222223 0.0054631335937499696 0.02428059583333335
6 0.533201859765625 0.45404712847222223 0.0054631335937499696 0.02428059583333335
6 0.6192462191406249 0.46497339583333336 0.008194700781250041 0.02185253611111114
6 0.71485106171875 0.4491910090277778 0.008194699999999954 0.029136712499999995
2 0.536752905078125 0.5353871222222222 0.013657833593750012 0.02185253611111114
1 0.536752905078125 0.51232055625 0.013657833593750012 0.01456835694444444