2 0.338615677734375 0.3976785965277778 0.013727400781249965 0.02551355138888888
2 0.34703930898437496 0.40211573472222223 0.01310342734375003 0.027732119444444456
2 0.357022870703125 0.4087714430555555 0.018095208593749978 0.027732119444444377
2 0.3732461609375 0.41154465486111114 0.025582879687499994 0.03327854305555549
2 0.39165335546874996 0.4104353708333333 0.017471234375 0.031059974999999993
2 0.40413280976562505 0.41209929722222227 0.016223289843750033 0.0432621083333333
2 0.4315876078125 0.4170910791666666 0.04492603437499998 0.06211994722222229
2 0.6058839875 0.47181579722222217 0.14725755625000003 0.17748556666666665
2 0.813660389453125 0.5414118576388889 0.37188772421874994 0.3338947236111111
2 0.32498576328124995 0.39221305416666674 0.015599315624999966 0.031059974999999993
2 0.30917846796875004 0.39324145694444446 0.018719181250000005 0.03438783055555553
2 0.294203125 0.40100645 0.013727401562500009 0.023294980555555532
2 0.28141168320312504 0.41487250833333333 0.014351372656249995 0.033278544444444454
2 0.274859971484375 0.4182003638888888 0.013727400781249965 0.031059974999999993
2 0.25832469335937497 0.41653643541666663 0.029326714843750025 0.04104353472222226
2 0.185319888671875 0.44315927222222223 0.053037678906249996 0.07875922222222222
2 0.12697844296875 0.44204998749999996 0.08111644999999999 0.10760062500000005
2 0.060837337109375 0.4658996090277778 0.08735617578124999 0.11758419027777778
2 0.01996712734375 0.48697602013888885 0.0380623359375 0.11536561805555555
4 0.197487356640625 0.4475964097222222 0.011231508593750017 0.06544779999999999
7 0.4732833062499999 0.3089011458333333 0.013103426562499987 0.013311413888888879
7 0.47172337421875 0.3443982611111111 0.0074876734374999645 0.01552998611111111
7 0.6604751117187501 0.17024054930555554 0.025582879687499994 0.04880852916666664
6 0.46829150507812506 0.3266843694444444 0.007487672656249967 0.01885784166666665