7 0.7325329011718751 0.45028893402777775 0.01268877734374998 0.015616956944444382
7 0.71935609453125 0.44074523680555555 0.009760598437500078 0.013881740277777825
6 0.6661608335937499 0.3938943673611111 0.008784537499999967 0.04164521805555555
6 0.5705069703125 0.2785024034722222 0.016593017187499993 0.08502565694444443
6 0.55733016171875 0.2863108833333333 0.013664837500000004 0.06593826388888889
6 0.35967804765625 0.41645219305555564 0.014640896875000031 0.0694087
6 0.37675909414062503 0.4357861333333334 0.015616957031250012 0.0228813722222222
6 0.34942941953125 0.43206915208333335 0.007808478125000029 0.031233912500000037
7 0.359678046875 0.4832580659722222 0.020497256250000005 0.043380434722222264
2 0.9848443675781251 0.5578724194444444 0.029281794531250148 0.12320044166666667
1 0.9194483589843749 0.5327117638888889 0.11517506015624993 0.1353469638888889
2 0.66176856328125 0.5483287222222223 0.031233914062499934 0.034704350000000043
2 0.55244986328125 0.5405202423611111 0.015616957812499966 0.02255782638888885
2 0.566114701171875 0.5448582868055556 0.009760599218749989 0.027763479166666688
2 0.579291508203125 0.5439906777777778 0.01659301796874999 0.029498697222222207
2 0.589052107421875 0.5500639395833333 0.024401494531250022 0.03123391527777781
2 0.60515709375 0.547461113888889 0.027329675000000008 0.03296913333333333
2 0.6276064699218751 0.5587400256944445 0.03709027265625 0.04164521805555555
2 0.7886563421874999 0.5951795937500001 0.23815859843749995 0.23946001249999999
2 0.487541884765625 0.6047232895833333 0.13372019609375005 0.18913870416666667
2 0.400184530859375 0.5413878527777778 0.015616957031249967 0.020822611111111104
2 0.389447871875 0.5396526340277779 0.011712718749999995 0.02082260972222222
2 0.370414705078125 0.5396526361111111 0.01073665859374997 0.024293044444444453
9 0.34601321015625 0.5327117652777777 0.022449376562499967 0.04511565555555556
9 0.24401495742187498 0.5448582861111111 0.029281794531250016 0.04164521944444451
2 0.21229301289062502 0.5413878513888889 0.045874811718750005 0.048586088888888906
2 0.16788228984375 0.5517991562500001 0.044898751562499985 0.04511565416666667
2 0.107366581640625 0.5517991562500001 0.05465935078125002 0.06940869861111112
2 0.043922692578125 0.5517991569444445 0.08784538515625 0.08329043888888887
6 0.4894940046875 0.49974263263888885 0.006832418750000002 0.02082260972222222
6 0.469972808203125 0.49540458958333333 0.00878453984375005 0.02255782638888885
6 0.327241805859375 0.4690681291666667 0.00468028046875002 0.0228813722222222
6 0.306765577734375 0.5210712472222222 0.010530632031249976 0.01872112222222226