2 0.34189846953125 0.4947864013888889 0.03359002499999999 0.051184799999999975
2 0.5188459234375 0.5070494270833333 0.06837969375000004 0.08317530138888887
2 0.4864555421875 0.48998782430555554 0.020393943750000077 0.031990495833333354
7 0.28431556953125 0.4809238513888889 0.016795012499999994 0.023459700000000003
7 0.38748493203125 0.44680064930555563 0.01199643749999999 0.019194298611111153
4 0.4006810140625 0.48732195069444445 0.007197862500000029 0.027725101388888933
4 0.4072790546875 0.4841229013888889 0.008397506250000042 0.02985779999999999
4 0.47445910468749997 0.5086489506944444 0.013196081250000002 0.0021326986111111367
4 0.46126302421875 0.4798575006944445 0.020393943749999987 0.055450201388888905
4 0.4408690800781249 0.48199020138888893 0.010796794531249976 0.051184799999999975
4 0.49665251406250005 0.47559210138888897 0.007197862500000074 0.02132699999999998
4 0.8127586445312499 0.49798545069444444 0.039588245312499916 0.1770141013888889
4 0.76837182421875 0.5022508520833333 0.029991093749999996 0.12582929861111106
4 0.92972391015625 0.5022508506944444 0.05038503906250007 0.1855449013888889
4 0.9671128140625 0.5491702520833334 0.03239038281249993 0.07464449861111117