7 0.8997476421874999 0.32580244444444445 0.033143467187499984 0.07625163611111109
7 0.66238193046875 0.41245203055555557 0.030219043750000018 0.024261883333333383
7 0.660432315625 0.4393134027777778 0.008773270312499993 0.015596924999999985
7 0.45962189921874996 0.3951221131944444 0.01657173437499999 0.034659834722222234
7 0.461571515234375 0.4193839979166667 0.012672502343749947 0.020795901388888892
7 0.424528816015625 0.4063865583333333 0.018521349218749972 0.03292684166666662
7 0.40405785234374997 0.41071903819444444 0.022420581250000016 0.01732991527777775
7 0.325498008203125 0.034638158333333335 0.07001054140624996 0.06927631666666667
7 0.288055718359375 0.08573975138888888 0.07311058828124999 0.03647950277777777
7 0.3021904328125 0.18109763472222223 0.06823654999999999 0.15770224444444444
7 0.1004052078125 0.23828636111111107 0.04484116093749999 0.08145061111111111
7 0.29482813203124997 0.36113374444444446 0.022523062500000003 0.04371485277777778
6 0.38748611874999994 0.4115855354166666 0.010722885937500015 0.03639282638888888
6 0.660432315625 0.4618422951388889 0.008773270312499993 0.02946085972222221
4 0.35336784453125 0.48783717152777784 0.01657173437499999 0.06758667638888885
4 0.340695342578125 0.47743922083333334 0.008773269531249994 0.03985881111111114
4 0.33338428320312496 0.4791722125 0.007798463281250001 0.05025675833333333
4 0.24760119296875 0.48870366736111115 0.04289154531249997 0.20449302361111113
7 0.58098547578125 0.4705072520833333 0.013647309374999939 0.008664959722222282
7 0.5639263382812499 0.4791722131944444 0.008773270312499993 0.015596923611111101
2 0.58390989921875 0.5043005930555555 0.05848847031250006 0.055455736111111126
2 0.606330480078125 0.5588898305555555 0.06823654921875004 0.13344036111111113
2 0.675054433203125 0.5805522284722222 0.15499444765624998 0.21142499027777772
2 0.84262125625 0.6342749708333334 0.31271306562499995 0.4644417805555555
2 0.452798244921875 0.6074136 0.27002177265625 0.36219526944444436
7 0.285065367578125 0.06483552708333333 0.02497944140624999 0.01953947361111111