6 0.28192423242187503 0.49118540694444446 0.007040563281250023 0.019668872222222213
6 0.445868763671875 0.47688077152777786 0.011063741406250039 0.016092715277777753
6 0.3900471578125 0.4080397145833334 0.008046357812499983 0.02145695416666666
6 0.350821166796875 0.41340395208333325 0.008046357031249984 0.021456951388888888
6 0.566061223828125 0.4232383895833334 0.006034769531250017 0.0196688736111111
6 0.5756162742187501 0.4294966680555556 0.007040562500000025 0.021456952777777774
6 0.626408905078125 0.4375430243055555 0.012069536718750041 0.023245031944444446
2 0.6807218167968749 0.5269469951388889 0.08850993046875004 0.08403973194444442
2 0.60780170390625 0.4750926916666666 0.07342301093749999 0.048278141666666684
2 0.840140271484375 0.5841655361111111 0.30274419453125 0.23781456111111107
7 0.6631204105468751 0.3901589208333333 0.01709851015624997 0.02503311111111104
7 0.253761981640625 0.44111918263888883 0.009052152343750031 0.012516554166666636