4 0.892923987890625 0.5649553020833333 0.027294619531249963 0.11437745138888888
4 0.9377651480468749 0.560622823611111 0.023395388281250006 0.10571249444444446
4 0.861730135546875 0.5623558159722222 0.023395388281250006 0.08838257916666663
7 0.34508197812499997 0.4540438326388888 0.025345003124999987 0.024261881944444418
7 0.080421646875 0.4367139145833333 0.016571732812499997 0.006931965277777784
7 0.096018573046875 0.4341144284722222 0.012672500781249995 0.008664959722222282
2 0.506412676171875 0.5961491541666667 0.18228906640625003 0.3050065444444445
2 0.12565892265625 0.6518898458333333 0.24973338750000001 0.4338178444444445
2 0.26612254140625 0.5614893180555556 0.1696165640625 0.21489097499999998
2 0.3670151546875 0.5597563270833333 0.06726174062500001 0.10744548749999999
2 0.38407429140625 0.5467588895833333 0.054589239062499975 0.09878052916666667
2 0.419654777734375 0.55109136875 0.022420580468750017 0.055455734722222164
9 0.6667685667968749 0.527695982638889 0.16181810234375 0.29287560416666664
9 0.79641801015625 0.5666882937500001 0.10527924687500008 0.15596925416666668