9 0.25770795468749996 0.5429125576388889 0.32059922656249995 0.3016180875
2 0.268823620703125 0.6396383569444445 0.18136087578124999 0.191371475
2 0.4542797421875 0.5449926819444444 0.07722463125000001 0.11024661111111106
2 0.487041707421875 0.5293917458333334 0.042122525781249996 0.07488448888888889
2 0.51278325078125 0.5252314951388889 0.028081685937500024 0.05824348749999994
2 0.526239056640625 0.5085904979166667 0.02223133359374998 0.04576274305555551
2 0.5361846539062499 0.5013100611111111 0.01872112187499999 0.027041622222222214
2 0.545545215625 0.4929895638888889 0.014040840624999973 0.027041622222222214
9 0.550810531640625 0.4742684409722222 0.017551053906250048 0.03536212083333336
2 0.581232355078125 0.48154887916666667 0.00819049140625001 0.016640997222222294
2 0.588252776171875 0.4929895638888889 0.015210911718749998 0.027041622222222214
9 0.618674601171875 0.47946875277777773 0.03861231484375001 0.12064723611111114
9 0.671327758203125 0.45658738055555553 0.06903413984375 0.34114045833333334
9 0.838062757421875 0.44098644513888885 0.32176929609375005 0.8798927652777777