6 0.182776471484375 0.31540449374999996 0.030219044531249996 0.04159180138888886
6 0.124288000390625 0.31713748541666664 0.018521349218750018 0.051989751388888866
7 0.11795174921875 0.3154044944444444 0.033143467187499984 0.07278565277777779
7 0.007311058984375 0.3439988576388889 0.01267250234375 0.015596926388888911
2 0.809090512109375 0.4375804111111111 0.07018616484374993 0.07451864444444449
2 0.941176975390625 0.4263159645833333 0.03216865859375009 0.027727868055555563
7 0.8592931160156251 0.36479475763888886 0.014622117968749926 0.02946085694444444
2 0.8583183085937499 0.43324793125 0.04191673749999989 0.05545573472222224
2 0.89389879453125 0.42804895625 0.044841160937500034 0.05545573472222224
2 0.9684715949218751 0.4271824604166667 0.016571733593750082 0.025994876388888914
2 0.9830937125 0.42544946875 0.010722885937499881 0.025994876388888914
2 0.9957662148437499 0.42544946875 0.006823656250000099 0.025994876388888914