2 0.918976544140625 0.6226124284722222 0.11887085078124997 0.07955800972222223
2 0.822481382421875 0.606452207638889 0.08251035546874999 0.047237568055555575
2 0.625295617578125 0.5604577361111112 0.01538328671875 0.019889502777777797
2 0.5204095734375 0.5791041444444444 0.020977209374999983 0.0422651916666667
2 0.42251593046874997 0.5927781770833332 0.054540743749999974 0.09447513472222219
2 0.346997978515625 0.6064522090277779 0.12446477265625004 0.13176794861111105
2 0.49313920117187493 0.5853196145833333 0.04195441796874997 0.04972375416666668
2 0.45538022421874996 0.57164558125 0.022375689062500027 0.05220994305555556
2 0.6141077730468749 0.5617008298611111 0.01538328671875 0.02237569027777779
9 0.588935122265625 0.5567284541666667 0.020977208593749984 0.03232043888888888
9 0.668648516796875 0.5654301111111112 0.08251035546874999 0.05966850555555562
6 0.66585155546875 0.49581685625 0.006992403125000024 0.0248618763888889
6 0.625994858203125 0.4833859159722222 0.008390883593750065 0.01988950138888891
6 0.592431323828125 0.4871151986111111 0.0055939226562499835 0.022375691666666676
6 0.57145411484375 0.5338200062499999 0.005593923437499981 0.0248618763888889
6 0.57075487421875 0.5309786604166666 0.006992403125000024 0.0248618763888889