2 0.428659026953125 0.5912114083333334 0.08044736953124994 0.1408506138888889
9 0.34211716015625 0.5532900875000001 0.08532296718749999 0.15168527500000006
2 0.303112375 0.5912114111111111 0.0950741640625 0.12351515277777783
2 0.15562553125 0.6031295395833334 0.22427751406250002 0.2643657652777778
2 0.059484657812499994 0.6187035055555555 0.11896931562499999 0.3762353694444444
2 0.47375830859374995 0.5727924798611111 0.01706459375000007 0.0346709208333333
2 0.48716620468750005 0.5782098118055555 0.024377990625000033 0.04117171805555557
2 0.507887496875 0.5847106090277778 0.034129187499999956 0.054173312500000036
2 0.554205677734375 0.5933783395833334 0.07557177109374998 0.09751196527777771
2 0.607837257421875 0.6020460708333333 0.08532296796874998 0.1408506138888889
2 0.7077870203125001 0.6312996569444445 0.2169641171875 0.2556980333333333
2 0.8613683621093748 0.5673751534722222 0.27547129453124997 0.4182179736111111
7 0.3646668015625 0.40485521111111117 0.01584569375 0.05850717777777774