2 0.47595485585937497 0.39543318055555554 0.0071751976562500095 0.025511819444444465
2 0.48611972109375 0.39543318125 0.010762798437500009 0.0297637902777778
2 0.492696987109375 0.39968515069444444 0.011958664843750012 0.03401575972222225
2 0.511232917578125 0.4018111347222223 0.02989666171874994 0.05102363611111108
2 0.52498538203125 0.41137806805555555 0.028700795312499937 0.04889765277777782
2 0.5459130453125 0.41563003680555555 0.03946359375000004 0.06165355972222228
2 0.589562171484375 0.4251969673611111 0.07175198828124998 0.09354333194444446
2 0.609293967578125 0.3794882944444445 0.04185532578124995 0.031889772222222175
2 0.66251002578125 0.3646063993055555 0.05500985781250005 0.03614174027777774
2 0.7512433328125001 0.3561024611111111 0.055009857812499965 0.03188977222222225
2 0.8116345894531249 0.3614174229166667 0.08251478671874998 0.029763787500000027
2 0.46925801484375 0.39437018749999997 0.0047834656250000055 0.019133861111111136
2 0.38303603476562503 0.39968515 0.005979332031249962 0.017007877777777795
2 0.3710773703125 0.39968515 0.013154531250000013 0.021259847222222246
2 0.358520772265625 0.39968515 0.009566932031250008 0.021259847222222246
2 0.34357244062500003 0.40393711944444444 0.027504928124999984 0.021259847222222246
2 0.32264477734375 0.4050001125 0.011958664062500013 0.027637802777777803
2 0.30650058046875 0.40818908958333333 0.022721462500000022 0.034015756944444475
2 0.281387384765625 0.4103150743055555 0.022721463281249975 0.03826772638888893
2 0.245511385546875 0.4124410597222222 0.046638791406250005 0.05102363611111116
2 0.1928932609375 0.41881901388888887 0.05859745781250001 0.05527560555555561
2 0.121380447265625 0.42413397569444444 0.08251478671875 0.08291340972222222
9 0.037071860546875 0.4209449979166667 0.07414372109375 0.11905514861111108
2 0.9431400492187499 0.5502757479166667 0.1100197156250001 0.3082678013888889
2 0.972438777734375 0.3720473465277777 0.05142225703124996 0.06803151249999999
2 0.7114209574218749 0.4568741465277778 0.1949262351562499 0.1892126513888889
2 0.40527915859375 0.4047875159722223 0.037071860937499944 0.055275606944444416
2 0.42885322812499993 0.3958767868055555 0.006459714062499966 0.010207943055555547
2 0.43818392578125 0.3958767868055556 0.00933069843750003 0.007655956944444458
2 0.461151797265625 0.3958767868055555 0.00933069765625003 0.010207943055555547
2 0.45361546445312495 0.39523879097222225 0.005741967968749951 0.011483934722222245
2 0.4475146234375 0.39460079444444446 0.0050242218750000235 0.010207941666666739