7 0.588169147265625 0.43242157777777773 0.013183585156250021 0.035156224999999985
7 0.5051125640625 0.4582028097222222 0.015820301562500028 0.011718741666666688
9 0.876889651953125 0.4570309361111111 0.24521467578124997 0.4453121944444444
2 0.5163186109375 0.5132808972222221 0.019775376562500037 0.03281247777777775
2 0.49456569609375 0.51796839375 0.01054686718750002 0.023437484722222183
2 0.470835243359375 0.5097652743055556 0.026367169531249957 0.03515622638888887
2 0.4378762816406249 0.5261715131944444 0.010546867968750017 0.011718743055555494
2 0.42732941406249997 0.5203121423611111 0.005273434374999919 0.018749987499999954
2 0.4141458296875 0.5203121423611111 0.015820301562500028 0.018749987499999954
2 0.3864603015625 0.5203121423611111 0.013183584374999979 0.014062490277777723
2 0.34559118906249997 0.5156246458333332 0.02109373593749999 0.023437483333333297
2 0.31724648203125005 0.5167965201388889 0.022412093749999994 0.02578123194444441
2 0.29219767109375 0.5191402680555555 0.04350582968749998 0.04921871666666667
2 0.261216247265625 0.5203121423611111 0.06064448984374997 0.0374999736111111
2 0.219028776171875 0.5273433875 0.06328120703125 0.07031245277777781
9 0.11619681562499999 0.5062496520833334 0.16347645 0.14062490416666668
7 0.6204689296874999 0.4417965708333333 0.022412093749999952 0.016406238888888917
7 0.64683609921875 0.4476559423611111 0.019775376562500037 0.01874998750000003