7 0.5626984921875 0.42252545625 0.012688778125000067 0.015616956944444461
7 0.5548900124999999 0.4615678493055556 0.018545135937500047 0.013881740277777747
7 0.32795610234375 0.449421325 0.011712718749999995 0.01041130277777774
7 0.332348371875 0.4693763256944445 0.012688778124999977 0.01214652361111111
2 0.4548438812500001 0.5318441576388889 0.015616957812499966 0.015616956944444461
2 0.4948623328125 0.5327117645833334 0.021473315624999944 0.02429304583333334
2 0.518287769921875 0.5223004597222223 0.025377555468750045 0.052056524999999944
2 0.5407371453125001 0.5292413305555556 0.03904239374999996 0.05899739444444441
2 0.57001893984375 0.5309765465277778 0.04294663124999998 0.09717217916666669
2 0.621750110546875 0.5439906770833334 0.10541446171875002 0.12320044027777778
2 0.761326666796875 0.5769598104166667 0.23815859765625005 0.25854740416666666
2 0.399208469921875 0.5283737208333333 0.02537755546875 0.026028258333333394
2 0.36211819765625003 0.52316806875 0.03318603437500003 0.039910001388888915