7 0.34969722812500004 0.2704082847222222 0.006026787500000008 0.04285716388888889
7 0.6922196992187499 0.33112260208333333 0.022385214062499957 0.015306129166666654
7 0.598804478125 0.30127565 0.043909459375000015 0.019897966666666673
7 0.6978160015625001 0.3770410006944444 0.007748728124999982 0.0459183875
6 0.14033807304687498 0.04515308263888888 0.02410715390625 0.07959187361111111
6 0.411328309765625 0.2602042 0.011192607031250024 0.04438777777777779
6 0.39848551953125 0.25918379305555556 0.00947066875 0.045918388888888884
6 0.543517925 0.2981415319444444 0.00688775937500008 0.038265325000000024
2 0.4451213734375 0.4630104118055556 0.006887757812500084 0.019897968055555517
2 0.5174428343749999 0.4607144930555555 0.036160731250000036 0.04285716388888885
9 0.420669837109375 0.44219407916666664 0.046492366406249985 0.08724493888888887
2 0.41713985546874993 0.4568879604166666 0.03443879062499997 0.0658163569444444
2 0.199960230078125 0.4852042993055556 0.39992046015625 0.6734696902777778
2 0.531648834765625 0.4664542909722223 0.039604610156249984 0.04285716249999996
4 0.71030006328125 0.4633930659722222 0.01635842656249995 0.07193881250000002
4 0.5682400523437501 0.45956653263888886 0.018080365625000018 0.07346942083333335
4 0.6276469644531251 0.45420939027777774 0.01463648515624998 0.038265325000000024
4 0.6526150890625001 0.46415836944444444 0.007748728124999982 0.05510206666666669
4 0.63022987578125 0.47181143611111115 0.012914546874999999 0.052040838888888885
4 0.63783514375 0.46811247083333335 0.014636485937499976 0.059693905555555524
4 0.660650841796875 0.4688777777777778 0.017219397656250024 0.06428574166666666
6 0.678300721875 0.3951532451388889 0.014636487499999972 0.022959195833333328
4 0.9367351144531251 0.4714287840277778 0.03874363984375009 0.19132661805555554
9 0.8788517132812501 0.38574435416666664 0.23848862656250008 0.22959193888888885