2 0.12079014296875001 0.5696979881944445 0.2411122421875 0.32644062083333336
1 0.8368334390625 0.40952852361111114 0.32434315937499997 0.4484744944444444
2 0.237056008984375 0.4964776583333333 0.03260592421875001 0.07627117500000004
2 0.26279753164062497 0.5002912180555555 0.025741521093749987 0.05033897499999998
2 0.27438121523437503 0.4713081736111111 0.01630296328124996 0.022881349999999953
2 0.32457717890625004 0.47817257847222217 0.013728810937500002 0.04576270138888887
2 0.33573183828125003 0.4781725791666667 0.013728810937500002 0.03661016111111108
2 0.34903162421875 0.4697827506944445 0.016302962499999962 0.016779656944444495
2 0.52536103984375 0.4796979993055555 0.03260592656250001 0.042711856944444467
2 0.481171430078125 0.47512173333333335 0.009438558593750025 0.03050846944444443
2 0.49060998750000007 0.4774098680555555 0.00943855625000003 0.03203389166666671
2 0.49661634257812504 0.4796980027777778 0.01115465859375 0.03050846944444443
2 0.5064839265625001 0.4819861368055555 0.01716101406249999 0.028983045833333342
2 0.53780277578125 0.4850369854166667 0.03518007968749996 0.04118643472222219
2 0.6094500085937501 0.49876579583333336 0.061779649999999985 0.06864405555555556
2 0.65876841328125 0.48432194166666676 0.04805083906249994 0.05186440000000003
2 0.41808519570312497 0.4736439784722222 0.016302963281250006 0.021355926388888866
2 0.466565058984375 0.47745753611111114 0.02230931796875 0.032033891666666627
2 0.42923985390624997 0.47211855347222226 0.007722456249999965 0.015254234722222215
2 0.2979580984375 0.48889821180555565 0.04890888750000002 0.07322032361111112
7 0.070594176953125 0.3065624416666667 0.01201270859375 0.01677965833333334
7 0.062013669140625005 0.32334209861111113 0.020593216406249993 0.013728811111111128
7 0.058581467578125004 0.34088446875 0.03088982421875 0.015254237500000024
7 0.572982852734375 0.4118166611111111 0.009438558593749934 0.010677966666666648
7 0.5686926007812501 0.4232573368055556 0.011154659374999997 0.009152540277777711
7 0.569979675390625 0.43546072291666665 0.00858050703125004 0.00915254027777779
7 0.5631152695312499 0.3965624236111111 0.006864406249999977 0.013728811111111048
7 0.42883033789062497 0.43317258819444443 0.01287076015625006 0.010677968055555612
2 0.40259564101562495 0.46704127013888885 0.017546541406249984 0.025994876388888834