2 0.9406171996093751 0.6529507743055555 0.11442642265625 0.19915709861111108
2 0.92381331953125 0.54199181875 0.15123492187499998 0.13087466527777777
2 0.48651234179687497 0.4922025451388889 0.02560591171874993 0.025605915277777787
2 0.5881358082031249 0.4993152979166666 0.02240517421875001 0.025605912500000015
2 0.560529433203125 0.49718147083333336 0.02000461953124999 0.02418336111111109
2 0.693360105078125 0.5114069791666667 0.029606836718749995 0.027028463888888864
2 0.5477264765625 0.4922025444444445 0.010402401562499986 0.01991571111111112
2 0.5329230578124999 0.4900687180555555 0.01760406406249997 0.018493158333333388
2 0.46450726054687497 0.4907799944444445 0.016803880468749987 0.02845101666666668
2 0.499315297265625 0.4872236166666667 0.011202586718749963 0.018493158333333388
6 0.49451418945312503 0.39120144375000004 0.0048011085937500475 0.025605912500000015
6 0.6041395035156251 0.44596964652777776 0.0064014789062500025 0.024183362499999975
6 0.48491197226562494 0.44312454513888894 0.0048011085937500475 0.015648056944444416
6 0.5309225964843749 0.44241327013888887 0.007201663281249981 0.019915709722222157
7 0.8649997390624999 0.40187057430555556 0.020804804687499966 0.035563768055555535