6 0.272422294140625 0.44109344097222225 0.00659179296875001 0.028124981944444412
6 0.36668492460937496 0.45984342638888887 0.007910150781250014 0.028124980555555606
6 0.26451214296875 0.44109344097222225 0.009228509375000016 0.028124981944444412
6 0.35811559531250003 0.45984342638888887 0.006591793750000008 0.028124980555555606
6 0.44446807499999996 0.5453902430555555 0.013183584375000024 0.021093736111111146
6 0.19463914453125 0.5500777409722222 0.009228509375000016 0.02109373472222226
7 0.4332620273437501 0.5266402555555555 0.014501943749999935 0.01171874444444438
7 0.4424905375 0.5160933888888889 0.011865228125000016 0.014062491666666687
7 0.133335476171875 0.4938277777777778 0.018457019531249987 0.016406236111111066
7 0.1465190609375 0.5114058895833333 0.023730453124999995 0.01874998750000003
7 0.20584519140625002 0.5336715013888889 0.015820301562499983 0.016406238888888838
2 0.219028776953125 0.5992964555555554 0.023730452343749996 0.04453121944444444
2 0.307358793359375 0.5828902166666667 0.010546867968749974 0.025781230555555527
2 0.298130283984375 0.5817183430555556 0.010546867968750017 0.023437483333333297
2 0.28560587929687503 0.5875777138888889 0.01977537734374999 0.03984372222222221
2 0.275059010546875 0.5864058395833334 0.014501942968750025 0.0374999736111111
2 0.26451214414062496 0.5910933368055555 0.017138661718749983 0.04218747083333333
2 0.40953157500000004 0.5922652104166667 0.02241209375000004 0.04453121805555556
2 0.44314971601562503 0.6074995763888889 0.03955075390624998 0.06093746111111113
2 0.45171904609375 0.6180464437500001 0.02241209375000004 0.06328120694444447
2 0.484678007421875 0.6157026944444444 0.06459956484375003 0.1289061611111111
2 0.31922401953125 0.5711714763888889 0.013183584375000024 0.025781230555555527
9 0.318564840234375 0.5606246076388889 0.017138660156249985 0.01874998750000003
2 0.176841305078125 0.60867145 0.06328120703125002 0.08203119444444443
2 0.0779644203125 0.6250776874999999 0.11865226250000001 0.14296865
2 0.24210004882812503 0.5969527076388889 0.030322244531250007 0.04921871527777771
2 0.36470738632812505 0.6485151722222222 0.11469718515625002 0.15703114166666662
9 0.3363626796875 0.56179648125 0.01582029999999999 0.02578123194444449
2 0.561142798828125 0.6414839284722222 0.15688465703125 0.1851561263888889
2 0.027866798046875002 0.6520307951388888 0.05537105546875 0.14999989861111113
2 0.82415531328125 0.7563275979166668 0.350683353125 0.41015596805555565
4 0.1320171171875 0.63445268125 0.031640603125000014 0.11484367083333337