2 0.347800041015625 0.4599140854166666 0.024190627343749993 0.03552633194444444
2 0.21202655429687503 0.55483600625 0.24487034453125003 0.23284939861111112
6 0.15374913671875 0.3944708423611111 0.014724729687500004 0.03178671805555556
6 0.179517414453125 0.3944708423611111 0.01156943515625002 0.03178671805555556
6 0.17057739609375 0.20375052638888888 0.012621196874999985 0.050484786111111096
6 0.10799729609375 0.04481693541666667 0.028397693750000008 0.07292247638888888
6 0.1379726390625 0.04531360347222222 0.029449460937499984 0.09062720694444444
6 0.7795501589843751 0.3374417305555556 0.010517663281250034 0.029916913888888886
6 0.7700842625 0.3374417305555556 0.01262119843750007 0.029916913888888886
7 0.616000480859375 0.33837663194444445 0.017880030468750086 0.035526330555555555
4 0.8231984640625001 0.44495563125 0.022087092187499914 0.10657899305555556
4 0.8416043796875 0.4468254395833333 0.014724729687500115 0.10657900416666671
2 0.568479755859375 0.5534628652777778 0.55007384453125 0.7217454944444444
6 0.6077336589843749 0.1469198611111111 0.01793184765625 0.03603694999999999
2 0.296346801171875 0.46033859583333336 0.06794891640625003 0.07835550555555552
6 0.7605437027343751 0.3360763 0.00918228671875001 0.034280533333333335