2 0.057930606249999995 0.5146571381944445 0.11583686093750001 0.17785053194444447
2 0.12608714335937501 0.4803351069444444 0.22991861953125 0.17993065555555557
2 0.22612806562500004 0.4699344895833333 0.17843556718750003 0.1404083180555556
2 0.313298228515625 0.4990562159722222 0.052068083593750016 0.06552388194444442
2 0.31768598828125 0.46213402986111113 0.1345579671875 0.11856702083333338
2 0.3679867890625 0.475828175 0.06844904999999998 0.0842449861111111
2 0.38319769453125 0.4763482076388889 0.03802725468750005 0.0728043125
2 0.401918801953125 0.47218796388888884 0.028666699218750046 0.0416024638888889
2 0.41186439140625 0.47426808472222226 0.03802725468750001 0.05408320277777779
2 0.4256127046875 0.47686823888888885 0.03627214687499993 0.04056239999999999
2 0.471611056640625 0.4739709256944445 0.03451703984375003 0.045762712499999955
2 0.47950902617187496 0.4744909548611111 0.025741525781250017 0.036402156944444486
2 0.50203285859375 0.4796912652777777 0.020476212499999934 0.02600153888888891
2 0.5093457929687499 0.4786512034722222 0.01287076093749997 0.017681045833333305
2 0.542400249609375 0.4833314805555556 0.007605447656249975 0.01872110833333333
2 0.5925042996093749 0.48593163263888894 0.014040830468749998 0.017681045833333305
2 0.6047900281249999 0.48801175624999993 0.015210903125000019 0.017681045833333305
2 0.7721935265625 0.5221109256944445 0.053823187500000015 0.06448381805555559
2 0.8210439226562499 0.5252311090277778 0.07780961093749994 0.09152541250000001
2 0.9853968421874999 0.5646791729166667 0.025741524999999932 0.10712634583333333
4 0.9839342546874998 0.5224080861111111 0.02281634999999991 0.09152541944444445
2 0.6390563312499999 0.4933606479166667 0.022231317187500023 0.03224190694444447
2 0.57850524609375 0.4876403111111111 0.016966004687500025 0.02912172499999994
2 0.552178687109375 0.48764031180555556 0.018136072656249967 0.02288135416666661
2 0.5314099566406251 0.48348006388888887 0.015210900781249936 0.024961477777777772
6 0.5703565570312501 0.3858628576388889 0.0046802781250000255 0.02080122916666672
6 0.64407092265625 0.39574344305555553 0.0035102093749999953 0.021841297222222205
6 0.651676375 0.39678350625 0.004680281249999929 0.019761170833333272
7 0.20366517734374998 0.2505805479166667 0.01813607500000001 0.09464560416666666
7 0.31540679687499995 0.25578085763888886 0.01579593906250003 0.12792758194444448
2 0.88224595625 0.5445128701388888 0.11466678906250002 0.10296609305555554