7 0.9353335601562499 0.2664652402777778 0.0330256125 0.03534742500000002
2 0.48101394296874994 0.40445616805555556 0.011470920312499988 0.014954680555555594
2 0.49324959140624997 0.40513592847222224 0.011470920312499988 0.019033231944444395
2 0.516191433984375 0.4126132673611111 0.008412008593749931 0.02311178194444447
2 0.525750535546875 0.4146525423611111 0.021412385156250036 0.02447129583333331
2 0.545633464453125 0.42280964374999996 0.024471297656250002 0.03806646249999998
2 0.564751665625 0.4296072243055556 0.0244712984375 0.04350452916666667
2 0.59419369453125 0.4309667416666667 0.04664841093750001 0.07069485833333328
2 0.40607059609374996 0.4112537506944444 0.013000378124999967 0.028549845833333382
2 0.389246578515625 0.41533230138888894 0.028294939843749978 0.03670694722222226
2 0.2993910328125 0.43504529305555556 0.0443542296875 0.07069486111111113
2 0.37280492578124996 0.42484891527777774 0.015294562499999964 0.03942597777777779
2 0.330744881640625 0.4330060180555555 0.030589122656250023 0.05302114722222224
2 0.35903981992187506 0.42620843194444447 0.026000753906249986 0.05030211111111116
2 0.26994900273437505 0.44048335624999996 0.04053058828125002 0.08700905694444445
2 0.189652555078125 0.4302869833333333 0.13076849609375002 0.16993956666666665
2 0.753639494921875 0.4207703673611112 0.07111970859375001 0.06661630972222217
2 0.46954302382812496 0.40513592638888885 0.006882552343749992 0.013595163888888904
2 0.46227810703125005 0.40513592638888885 0.00764728124999996 0.013595163888888904
2 0.45233664296875 0.4058156868055556 0.007647281250000049 0.012235648611111098
2 0.442012813671875 0.40513592638888885 0.00841200859375002 0.013595163888888904
2 0.42251224843749996 0.4234893986111111 0.03670694687500005 0.053021141666666695
2 0.656136666796875 0.44388214722222225 0.08182590234375002 0.10740180555555554
2 0.80831754921875 0.49078546805555556 0.1842994609375001 0.20120844722222217
2 0.07761989687500001 0.48670692013888883 0.15523979375000002 0.16858005138888887