2 0.24345090429687496 0.39820175972222227 0.02185253515625001 0.043705072222222204
2 0.253011389453125 0.42126832569444445 0.021852535156249964 0.0849820847222222
2 0.23252463632812498 0.4018438493055555 0.01912096796874998 0.036420893055555584
2 0.2229641515625 0.4079139979166666 0.019120968749999977 0.0388489513888889
2 0.206574750390625 0.4091280277777778 0.02458410234374997 0.0461331305555556
2 0.196331375 0.4164122055555555 0.025949885937499983 0.04613313055555553
2 0.18677088984374998 0.41641220486111113 0.025949885937500007 0.05098924861111106
2 0.16833281328125 0.4176262368055556 0.03277880312499999 0.06312954861111114
2 0.08433712929687501 0.4406928013888889 0.16252823359375 0.2015289388888889
1 0.3704687671875 0.2767987840277778 0.26223042656250006 0.5050363791666667
4 0.007974179687500001 0.4431208611111111 0.015948359375000002 0.0752698444444444
4 0.9282917214843749 0.2598023673611111 0.04370507109375001 0.18453252361111114
6 0.71386371640625 0.05341731041666667 0.019120968749999977 0.053417309722222216