4 0.625947311328125 0.4805635048611111 0.02363673671874995 0.028777462500000045
6 0.5850175152343751 0.5103660638888889 0.00948246328125002 0.015596927777777757
6 0.55161741171875 0.4738704458333334 0.007550804687500001 0.01580250833333336
6 0.4703447859375 0.4817717 0.008773271874999988 0.017329916666666632
2 0.6545834687500001 0.5831517152777778 0.03606789062499995 0.07798462777777779
2 0.5814728796875 0.5415599145833333 0.0321686578125 0.04332479305555555
2 0.55174124140625 0.5363609409722222 0.023395389062500004 0.029460859722222288
2 0.5302954675781251 0.5476253861111111 0.011697692968749961 0.03812581944444449
2 0.48252988359375004 0.5926831701388888 0.10527924687499998 0.15596925416666668
2 0.387973522265625 0.5389604270833334 0.08578308984375002 0.11437745416666666
2 0.20373483984375002 0.5649553027777778 0.2144577265625 0.1940950722222222
7 0.98845515625 0.3855906576388889 0.01949615781249996 0.05718872638888889
7 0.9923543871093748 0.33360090694444444 0.011697694531249959 0.046790775
7 0.9635975554687499 0.3751927090277778 0.030219042187500024 0.06065470972222222
7 0.929966684375 0.476572725 0.015596925000000006 0.07278565277777777
7 0.9275296656249999 0.54589239375 0.012672503124999856 0.05892171805555554
2 0.8578309042968749 0.6914636986111111 0.25345003984375003 0.235686875
2 0.938739955859375 0.7945767055555556 0.11502732578124988 0.31713748333333336