4 0.0978077203125 0.4647903243055555 0.016847262500000005 0.0953984902777777
4 0.12557450390625 0.4487056951388889 0.024958907812500007 0.11647490138888886
4 0.385147144140625 0.42374678819444445 0.0062397257812500054 0.039934251388888876
4 0.37578755351562504 0.4287385694444445 0.007487671093750014 0.04991781388888891
4 0.8393992625 0.42430143124999997 0.008111645312500037 0.07432208194444441
4 0.820992067578125 0.41376322361111106 0.01123150859374995 0.07764993333333337
4 0.017939214453124998 0.4642356826388889 0.02932671640625 0.11536561805555555
4 0.07752860624999999 0.46146247013888886 0.028702743749999992 0.09650777638888886
4 0.194523487109375 0.4398314166666667 0.013103425781250011 0.06877565555555559
4 0.22993393710937501 0.4531428347222222 0.01310342734375003 0.0809777888888889
4 0.267684284765625 0.4464871270833333 0.013727399218750014 0.08319635972222225
4 0.9003925945312499 0.4231921451388888 0.02371096406249986 0.0987263486111111
4 0.9228556105468751 0.42263750277777773 0.013727399218750058 0.09096135277777782
4 0.9503104085937502 0.4897492319444445 0.047421924999999907 0.2429333666666667
4 0.810540525390625 0.4226375020833334 0.017471235156250133 0.09761706250000002
4 0.23835756796875002 0.4198642909722223 0.009983564062499983 0.049917815277777715
5 0.12042672968749998 0.46895014513888894 0.0424301421875 0.1364420291666667
5 0.169720571875 0.46728621597222225 0.042430142187500006 0.13755131527777778
0 0.12292261953125001 0.5005647590277778 0.04243014374999998 0.10427277083333332
0 0.16878461289062502 0.5077751111111111 0.05553356953124999 0.10760062499999998
2 0.4152538265625 0.4304024951388889 0.039310279687500047 0.04880852916666664
2 0.43771684375 0.4287385694444445 0.019343153125000078 0.03660639722222222
2 0.46236376406250007 0.4165364381944444 0.036190417187499956 0.04548067638888887
2 0.60629347734375 0.4228223888888889 0.04492603281249998 0.07210350833333337
9 0.46829150546875004 0.40710751458333333 0.03681438906250003 0.055464243055555563
9 0.5946459749999999 0.3788207534722222 0.031198634375000013 0.05435495416666672
1 0.6529874214843749 0.3976785944444445 0.049293842968749946 0.08541492777777779
6 0.289835315625 0.19301555277777777 0.01310342656250003 0.05324566944444443
6 0.633228311328125 0.20225959444444447 0.009359589843750005 0.04215281944444441
6 0.8260358730468751 0.3268692548611111 0.020591097656249956 0.028841404166666685
6 0.243245360546875 0.3619966131944444 0.01684726328124997 0.028841404166666647
6 0.5241370621093749 0.35608041597222223 0.003743835156249986 0.013311418055555534
7 0.264876407421875 0.2475553923611111 0.05428562265624999 0.025513548611111107
7 0.275483943359375 0.20928506875 0.015599317968750004 0.024404265277777802
7 0.254268871875 0.31152415625 0.025582881249999988 0.01663927083333334
7 0.507393805859375 0.35811411527777776 0.015599316406250008 0.009983563888888882
7 0.6922977015624999 0.3640302951388889 0.013103426562499987 0.02773211805555557
7 0.8258278570312501 0.24829491527777775 0.01684726249999997 0.012202133333333344
7 0.813660389453125 0.2739933409722223 0.028702742968750083 0.015529984722222225
7 0.740655583984375 0.2085455409722222 0.029950689843749954 0.015529987499999997
7 0.740655584375 0.22906730555555554 0.02745479843750003 0.014420702777777766
2 0.34859275703125003 0.44223487361111113 0.06364521406249998 0.06433851944444437
2 0.5447281601562499 0.4539747986111111 0.09234795937499998 0.14531630555555558
9 0.49793020703124996 0.4023930527777778 0.022463015624999992 0.03993425277777776
7 0.414629853515625 0.34193703541666665 0.010607536718749967 0.021076412499999995
4 0.8335189320312499 0.4283859458333333 0.010762798437500009 0.08929136388888889
6 0.2995645515625 0.19559060486111113 0.013154531250000013 0.044645681944444446