2 0.45062012460937506 0.4610518875 0.02964815703125003 0.04250631944444447
2 0.27926651953125 0.47408716805555556 0.05164517968749997 0.0731108694444444
2 0.18897237617187498 0.49225842986111107 0.10824215546875002 0.12985642638888886
2 0.39435238124999994 0.5063919708333333 0.1077535234375 0.16832502500000004
2 0.50210589921875 0.4672861569444444 0.049732393750000006 0.08331238611111111
2 0.46863217265625 0.4723869152777778 0.017215059374999963 0.059508847222222196
9 0.322622975390625 0.4225128152777778 0.02486619765625 0.05610834166666668
9 0.294409405078125 0.4293138263888889 0.03729929453125003 0.05610834166666668
9 0.252806345703125 0.43526471111111115 0.04590682578125001 0.05100758333333333
9 0.35944407421875 0.4225128152777778 0.02964815781250003 0.03230480277777777
9 0.10807231718750002 0.42648007638888885 0.21614463437500003 0.28620920833333335
7 0.6613451984375 0.3136966375 0.018171451562499996 0.04930733055555558
7 0.6532158652343749 0.4233629416666667 0.009563922656249968 0.047607077777777736