4 0.503740782421875 0.5617783076388889 0.026862239843750045 0.13591834027777774
4 0.461897678515625 0.5525946361111111 0.029961727343749977 0.13591833888888888
4 0.710373391015625 0.5659765756944444 0.04545917421874997 0.20938771249999996
2 0.964974300390625 0.5911660631944444 0.06818876171874991 0.1542856847222222
7 0.318804596875 0.5015596631944444 0.03719387031250001 0.027551015277777757
7 0.5047739453125 0.32615153680555553 0.041326521875000036 0.029387748611111104
7 0.5223377171875 0.2609474680555556 0.030994892187499977 0.023877549999999994
2 0.3110558734375 0.5535130111111111 0.01963009531250002 0.02387754722222226
2 0.206189825 0.5507579090277778 0.03719387031250001 0.06244896527777778
9 0.21548829062500002 0.5196646173611111 0.0764540640625 0.11571425972222218
2 0.1803607484375 0.5566616930555556 0.04339284687499998 0.06795916944444448
2 0.1498824375 0.5640086298611111 0.0630229453125 0.08265304305555558
2 0.10442326523437499 0.5731923013888889 0.07748722890625 0.11204079166666668
2 0.049370434375 0.5860494486111111 0.09874086875 0.15612241666666668
2 0.266113280859375 0.5584984340277778 0.07025508671875 0.10102038750000004
1 0.38957626640625 0.504839545138889 0.11054844687500003 0.19731776249999997
4 0.5238135933593749 0.5286983729166668 0.014040841406249971 0.05200312083333335
2 0.33309215664062497 0.55053968125 0.011700702343750003 0.02496149583333336