7 0.17790243125 0.4566433208333333 0.0302190421875 0.03985880833333337
6 0.401133429296875 0.4375804104166666 0.008773271093750035 0.029460859722222288
6 0.5990194214843749 0.4609757979166667 0.00877327109374999 0.027727868055555563
6 0.15499444765625 0.36999373333333335 0.0136473109375 0.01906290833333328
6 0.15791887031250001 0.4072530548611111 0.007798462500000003 0.034659834722222234
6 0.505437868359375 0.46097579930555554 0.00877327109374999 0.020795901388888892
6 0.521522198046875 0.4583763104166667 0.007798461718750005 0.032926843055555585
2 0.45389475390625 0.54589239375 0.024126793749999997 0.045057784722222195
2 0.505925271875 0.5840182131944445 0.09163193750000005 0.1282413875
2 0.740853962890625 0.6065471027777778 0.03899231171875002 0.09704753611111114
2 0.229567247265625 0.5684212875 0.08675789921874999 0.1732991722222222
6 0.20227262773437502 0.47050725486111117 0.020470964843749995 0.019062909722222247
2 0.370914384765625 0.5043005916666666 0.08870751328125 0.04159180000000002
9 0.268072156640625 0.5172980298611112 0.07603501171875 0.14037233194444446
2 0.6326502921875 0.65853685625 0.22810503593749995 0.2738126930555556
2 0.370426980078125 0.6672018145833333 0.23005465078125004 0.32926842916666654
2 0.11307770976562499 0.5684212861111111 0.22615541953124998 0.2980745777777777
2 0.9296387550781251 0.8023751701388889 0.13971646953124991 0.39165613194444443
4 0.7754596417968751 0.6022146243055556 0.012672502343750036 0.06412069583333332
4 0.7934935863281251 0.5978821451388889 0.015596925781250093 0.06238770138888883
4 0.84808282578125 0.6030811208333333 0.019496156249999962 0.0623877027777778
4 0.9016972582031251 0.6126125743055556 0.02144577265625003 0.07451864305555553
7 0.204709648046875 0.3491978319444444 0.011697692968750029 0.029460858333333326