4 0.231428522265625 0.6134692569444444 0.02066326171874997 0.05326529444444448
4 0.2526083640625 0.6125508895833333 0.013431118749999981 0.05142855972222225
4 0.1317282890625 0.6410202729166667 0.015497445312499991 0.07530610694444444
2 0.053969857421875 0.6540610979166666 0.10641579453124998 0.10836732361111111
2 0.84667711640625 0.6970406680555555 0.3058162609375 0.6006121166666667
6 0.006457269140624999 0.5657141652777778 0.012914538281249999 0.025714280555555608
7 0.48507005000000003 0.46285704513888887 0.012397956249999975 0.03673468750000002
7 0.511932289453125 0.46561214652777777 0.03306121796874999 0.020204076388888836
2 0.4771491273437499 0.5647957979166667 0.021696423437499935 0.023877545833333378
9 0.5058071082031249 0.5584459548611111 0.03306121796874999 0.06334110138888889
2 0.38175374687499997 0.5877549777777777 0.03409438124999999 0.04775509166666667
2 0.35954073945312504 0.5849998750000001 0.020663261718750013 0.0202040777777778
2 0.283086674609375 0.6061223201388889 0.033061217968750035 0.05142855972222217
2 0.33120255312499997 0.6142564333333334 0.0785203921875 0.09918365277777781
2 0.43761834648437503 0.6142564319444445 0.09091834765625002 0.13959180833333334
7 0.548938321484375 0.48208535625000004 0.013431119531250068 0.011020404166666649
6 0.552037811328125 0.5179016770833333 0.01343111953124998 0.023877545833333298
7 0.531891130859375 0.51882004375 0.008265303906250044 0.025714279166666642
2 0.60181747421875 0.6125508909722222 0.13327803281250006 0.19469383749999997
2 0.678345351171875 0.6659474048611111 0.18596934921874997 0.26816320972222224
7 0.161517816796875 0.4509182715277777 0.018596935156250004 0.04224488749999998
7 0.46917496171875006 0.4550297465277778 0.010422801562499995 0.034411787499999964
6 0.190290569921875 0.4338532409722223 0.011911772656249986 0.03441178750000004
7 0.18761042226562502 0.53073565625 0.02382354609374999 0.03441178750000004
7 0.09082726757812501 0.4579414888888889 0.020845602343750002 0.01588236388888886