7 0.034605678515625 0.2894096180555556 0.02242058046875 0.02426188333333334
7 0.6263140406250001 0.35093082430555556 0.03801750468750002 0.019062909722222247
7 0.89097437109375 0.2608152548611111 0.0389923140625001 0.05025675972222222
6 0.6321628878906249 0.4159180145833334 0.010722886718750057 0.04852376805555557
6 0.17692762421875 0.38819014652777784 0.006823654687499991 0.034659834722222234
6 0.7033238609375 0.40811955069444444 0.01072288593750006 0.032926840277777814
6 0.8212756105468749 0.3102055194444444 0.02437019765624999 0.09358155555555554
6 0.877327061328125 0.38212467569444447 0.01754654140625007 0.06065470972222222
6 0.8685537906250002 0.31800398125 0.013647309375000027 0.04332479305555555
4 0.713559343359375 0.5311619638888888 0.03119385078125001 0.09531454444444441
4 0.746702809765625 0.5276959805555556 0.03119385078125001 0.10224651111111108
4 0.8651419632812501 0.5008346083333333 0.032168659375 0.06931966944444447
2 0.097968188671875 0.5450258972222222 0.19593637734375 0.3240694527777777
2 0.23346647929687497 0.5103660638888889 0.07311058828124999 0.08491659444444445
2 0.31145110703125 0.5320284597222222 0.09065712968749998 0.10051351944444444
2 0.3714017890625 0.5129655506944444 0.04484116093749999 0.06585368472222228
2 0.44110055 0.5441594020833334 0.0965059765625 0.12130942083333333
2 0.5376065269531249 0.5424264104166667 0.032168658593749996 0.02426188472222219
9 0.9163193753906249 0.41765100625 0.16571733359374985 0.8353020125
2 0.8417465749999999 0.6134790708333333 0.08285866718750015 0.15250327222222226
9 0.808115704296875 0.4965021291666667 0.15986848671875 0.14730429722222224