6 0.583120218359375 0.08881581250000001 0.013588819531249996 0.06394738611111112
6 0.279769809375 0.2529474347222222 0.007993421874999962 0.04263159166666668
6 0.26338329296875 0.2856316534722222 0.011990134375000006 0.025578954166666654
6 0.689432744921875 0.3033948166666667 0.01039145078125001 0.018473688888888874
6 0.0663454125 0.21600005625 0.0351710625 0.045473695833333334
6 0.113506608984375 0.02273684722222222 0.017585532031250017 0.04263159166666666
6 0.6027041046875 0.09805265555555555 0.014388160937499972 0.06821054166666667
6 0.8385100871093751 0.23944743125 0.02557895390624996 0.02131579583333334
7 0.822523241015625 0.13926319513888888 0.03996711640625002 0.028421059722222215
7 0.8273192953125001 0.11368424027777778 0.027177637499999997 0.019894741666666663
7 0.097919433984375 0.1833158375 0.01678618984375 0.07105265000000001
7 0.09032568085937501 0.13428950833333334 0.03836843046874999 0.021315794444444456
7 0.09751976171875 0.10515792083333335 0.020782900000000003 0.0284210611111111
4 0.5903142988281249 0.3716053611111111 0.015187502343750037 0.04689474722222222
4 0.6622551082031249 0.3545527229166667 0.008792766406249975 0.03268421805555559
7 0.6826383359375 0.28065796875 0.020782900000000028 0.015631584722222217
4 0.29535698515625003 0.38581589097222224 0.0391677734375 0.18331583749999997
4 0.2561892109375 0.3858158902777778 0.04236514375000002 0.15489477777777777
2 0.101116803125 0.3552632506944445 0.10471384375000001 0.07389475694444446
2 0.706218933984375 0.3737369395833333 0.11750332109375003 0.07957897083333335
2 0.45322709179687504 0.42276326805555553 0.25259217109375004 0.39647378611111117
2 0.855296276171875 0.43697379791666674 0.28776323359375 0.48173696805555555