6 0.538969434765625 0.26869963124999996 0.010970096093750038 0.026003190277777775
6 0.40184323710937503 0.2903689555555556 0.007313397656249965 0.04333865000000002
6 0.30704079296875 0.25244763680555554 0.008532296875000034 0.03250398749999997
6 0.296680146484375 0.2556980361111111 0.0073133960937499685 0.030337055555555558
6 0.15772560000000002 0.34020840416666664 0.017064593750000003 0.02166932500000003
6 0.411256703125 0.32287294236111114 0.007313396874999966 0.026003187500000004
6 0.39784880859375005 0.3239564097222222 0.0073133968750000115 0.023836258333333325
6 0.65869330859375 0.3304572076388889 0.012188995312500062 0.019502393055555543
6 0.63890893671875 0.2979532194444445 0.007877354687500037 0.03683785277777779
6 0.607071978515625 0.34617856875 0.011333896093749995 0.01839672083333331
6 0.596979894140625 0.3477926680555556 0.00577652109375002 0.023836255555555595
7 0.56361914453125 0.27628389374999995 0.0365669875 0.015168526388888912
7 0.23390682109375 0.26003190069444443 0.04022368437499999 0.017335459722222207
7 0.659302758203125 0.2968697534722222 0.020721292968750048 0.01300159583333331
7 0.645894863671875 0.2719500298611111 0.02315909140625001 0.010834662499999976
4 0.5886065871093751 0.39979904861111115 0.006094497656250031 0.03683785555555556
4 0.58312153671875 0.39979904722222226 0.007313396874999966 0.045505583333333356
4 0.5751986902343751 0.3965486493055555 0.00853229609375008 0.03900478750000005
4 0.1766185421875 0.40521637777777775 0.008532295312499993 0.06500797222222224
1 0.45269928749999994 0.3867974534722222 0.021940192187499985 0.03683785416666668
9 0.417351200390625 0.38138012222222223 0.026815788281249996 0.04767251666666665
2 0.509378115234375 0.3976321145833333 0.023159089843749925 0.032503987500000005
2 0.37773696484375 0.3954651826388889 0.025596890625000014 0.032503987500000005
2 0.318620338671875 0.3997990479166667 0.043880383593750016 0.04117171805555557
2 0.10592236992187501 0.41063370972222224 0.07435287109375001 0.04550558333333328
2 0.17600909375 0.4214683722222222 0.03900478593750001 0.03683785277777779
2 0.7190288359375 0.4138841090277778 0.11823325468750001 0.12134822083333334
2 0.6538177109375 0.41063371111111113 0.060944976562499954 0.0975119638888889
2 0.61846962421875 0.41280064236111114 0.034129187499999956 0.06717490694444442
2 0.47037333085937494 0.3878809180555556 0.010970096093749947 0.02166932500000003
2 0.39906770742187503 0.39546518194444447 0.012188994531249974 0.015168527777777758
2 0.48317177617187496 0.3878809180555556 0.009751196093750015 0.02166932500000003
2 0.844849722265625 0.4473167680555556 0.18649162890625 0.1776884666666666
2 0.9582073769531251 0.4549010340277778 0.08166626796875001 0.2448633736111111
7 0.0709964390625 0.3140988361111111 0.0070204203124999975 0.029121747222222223
7 0.067486228515625 0.33698020833333336 0.009360561718749993 0.016640997222222214
2 0.12247952656250001 0.38794326388888883 0.011700701562500004 0.027041622222222214
6 0.26054780624999996 0.35466126875 0.009360560937499995 0.010400623611111154
7 0.26347298124999996 0.32761964652777775 0.012870771874999987 0.010400623611111114
7 0.26873829726562504 0.33594014513888887 0.014040841406250015 0.010400623611111114
2 0.43781343632812497 0.3931435763888889 0.010530632031249976 0.024961497222222167
4 0.49339176914062505 0.39210351388888887 0.009360561718750039 0.0228813722222222
7 0.507432611328125 0.3411404576388889 0.014040841406249971 0.008320498611111107
6 0.49748701484374996 0.33906033333333335 0.005850351562499956 0.02080124722222219
6 0.529078909375 0.2662559666666667 0.008190490624999925 0.029121747222222223
7 0.6027933296875 0.3182590854166667 0.01287077187500003 0.016640998611111138
7 0.799950152734375 0.24441465694444442 0.018721122656249988 0.039522369444444455