7 0.47751138515624997 0.4206167104166667 0.015981010937499995 0.02503023194444446
7 0.6172676921875 0.36321041736111115 0.03581091562499994 0.05713422361111107
4 0.78395558984375 0.6725833104166666 0.09641400156250005 0.4929867263888888
6 0.409288917578125 0.3819830923611111 0.01101874296875005 0.026118504166666726
6 0.28027780078125 0.390961325 0.008264057812499993 0.021221283333333375
2 0.28119603046875 0.4456469409722222 0.02479217343750002 0.02611850416666665
2 0.233448143359375 0.47094923888888884 0.06886714453125001 0.09631197222222225
2 0.36576104921875 0.4434703944444444 0.01652811718749998 0.02285368888888889
2 0.37769802109375 0.4500000194444444 0.009182285937500012 0.01632406388888883
2 0.0880664734375 0.5449501138888889 0.176132946875 0.31342202222222226
2 0.46033859179687503 0.49842808194444443 0.036729141406249964 0.05876662777777773
2 0.33270481992187506 0.6208585729166667 0.25159463359375 0.35259977638888884