2 0.46641610820312496 0.5249013159722222 0.013988488281249989 0.023092104166666634
2 0.45092885625 0.5257894770833333 0.01698602031249994 0.035526318055555506
2 0.43694036796875 0.5204605291666666 0.01898437656249996 0.04618421388888889
2 0.42445064804687505 0.5346710541666667 0.03197368359375004 0.04973684166666664
2 0.38598230781250004 0.5453289506944445 0.06094983593749999 0.08526315972222223
2 0.310044809375 0.5684210562500001 0.12489720468750001 0.13500000138888887
2 0.11389696171875001 0.6350328979166666 0.2274313828125 0.4032236847222223
2 0.49552020195312496 0.5266776340277777 0.017729313281250027 0.01953947361111111
2 0.5063832140625 0.5284539506944445 0.01199013124999997 0.02664473750000001
2 0.516374990625 0.5346710562499999 0.015986842187499926 0.03552631805555559
2 0.53436018828125 0.5346710541666667 0.019983553125000064 0.04973684166666664
2 0.552345385546875 0.5355592131944444 0.03597039453124999 0.06572368472222223
2 0.6003059125 0.5533223694444445 0.07194079062499999 0.10835526388888886
2 0.62178823125 0.5693092131944444 0.06094983593750003 0.12256579027777777
2 0.713212984765625 0.5710855291666667 0.17985197421875004 0.24690789444444444
2 0.8725818175781249 0.6821052666666666 0.2547902960937501 0.39078947499999994