2 0.46724883281250007 0.5506041944444444 0.00917673593750008 0.016314199999999977
2 0.48388166874999994 0.5373489097222222 0.030971485937500008 0.046903322222222245
2 0.5033822347656249 0.5404078215277778 0.042442408593749995 0.05302114583333335
1 0.436277347265625 0.5410875798611111 0.02523602578124997 0.048942595833333276
2 0.40577016328125 0.5423499951388889 0.05183763125000005 0.09633147083333339
2 0.29747920585937504 0.5587612951388888 0.020647657031250023 0.036706945833333296
2 0.284861192578125 0.5584214166666667 0.025236025781250015 0.04282477222222225
2 0.27052254179687496 0.5614803284722222 0.02867730078124997 0.04894259583333335
2 0.187931912890625 0.5757552506944444 0.017206382031250002 0.05302114583333335
2 0.12220593124999998 0.5808534361111111 0.07617170468750001 0.10400301388888886
2 0.622106264453125 0.5196751937499999 0.03441276328125005 0.042824770833333366
2 0.57851676328125 0.5502643145833334 0.10094409999999998 0.0876888180555556
2 0.949218691015625 0.48534740277777777 0.09864991796875007 0.08972809166666672
2 0.7679781550781251 0.5071967944444444 0.03555985390625001 0.024471297222222195
2 0.049652699609375 0.5906613868055556 0.09930539921875 0.13488345138888888
2 0.22728810117187498 0.5650247902777779 0.07800226171875 0.08768881666666672
2 0.68268365625 0.5589069673611111 0.15829870625 0.17333835416666662
6 0.4472020394531251 0.4783556159722222 0.00753803515625 0.020392751388888856
6 0.452609757421875 0.4806862243055556 0.006882550781249996 0.020392745833333316
6 0.193366949609375 0.5163735284722222 0.011470922656250004 0.022432023611111084
7 0.176734114453125 0.47529670208333336 0.019500563281250004 0.014274923611111094
7 0.637291582421875 0.43786143333333327 0.016059288281249983 0.0489425916666667
6 0.49333152656249996 0.5082164166666666 0.010323828124999945 0.022432019444444506
7 0.310370341015625 0.5245306166666667 0.011470919531250035 0.026510574999999963
2 0.8483565253906249 0.4949611263888889 0.029824392968749967 0.016314199999999977
7 0.8477635140625001 0.45330165486111107 0.010284898437499912 0.0233059930555556
2 0.31228148242187503 0.5567220194444444 0.019500564843749978 0.024471297222222195
4 0.985247131640625 0.5309873916666666 0.026679049218749994 0.12390837777777775
4 0.8749301449218748 0.4955437798611112 0.02064765546874998 0.06933534305555555