2 0.37247912148437495 0.6066025625 0.021984738281250006 0.031395327777777815
2 0.347836393359375 0.6133301340277778 0.02775122578125 0.040365423611111124
2 0.46073342734375 0.5976324708333334 0.034058323437499996 0.053820561111111054
2 0.42099871874999995 0.5987537305555556 0.03531974218749996 0.04709299166666672
2 0.575522591015625 0.60099625625 0.07820800078124997 0.1009135513888889
2 0.488484653125 0.5920261604166667 0.015137032812499918 0.02466775416666667
2 0.5251709460937499 0.5995012625 0.04541109687500002 0.07624579444444445
2 0.27099492890625 0.6342603736111111 0.018921290624999986 0.029152802777777806
2 0.24576654140624998 0.6320178513888889 0.03658116250000001 0.04260794444444439
2 0.220117681640625 0.6439779625 0.02396696796875002 0.029152802777777726
2 0.08893006640625 0.6664031965277778 0.05171819531249999 0.08745840972222223
2 0.13749471171875 0.6652819347222222 0.0782080015625 0.08970093333333327
2 0.028381936328125003 0.7000410472222223 0.056763872656250006 0.06503317500000003
2 0.39167071718749996 0.6021175180555556 0.018921290624999986 0.031395327777777815
7 0.6196565046875 0.26573901527777777 0.08199225781249994 0.047092988888888875
6 0.7275078625 0.27807289305555555 0.01765987187500002 0.04036542222222224
6 0.527572890625 0.23882873680555555 0.02648980624999995 0.08745840972222223
7 0.732655320703125 0.3845226736111111 0.03531974296875005 0.03139532777777774
6 0.7560106734375001 0.44663589722222224 0.02018270937499995 0.03363785000000005
6 0.298019135546875 0.5565571034722222 0.011462274218749968 0.020377376388888833
2 0.511503997265625 0.6049533736111111 0.024357333593749964 0.05094344166666668
7 0.504340075390625 0.5234438659722223 0.018626196093749936 0.015283031944444442
7 0.510787605078125 0.5629250340277777 0.012895058593749998 0.022924548611111106