7 0.7482481812499999 0.26306644930555556 0.030971485937500008 0.020392748611111126
7 0.7594323292968751 0.2941653895833333 0.023515388281249994 0.01325528472222225
7 0.75627782578125 0.38950148888888886 0.017206381249999937 0.024471300000000046
6 0.4863260828125 0.4063255201388889 0.004014821874999974 0.017333837500000015
2 0.175955731640625 0.4449260673611111 0.022368296093750017 0.017333834722222243
2 0.11860112656249999 0.44594570624999996 0.024662479687499995 0.017333834722222167
2 0.5315542875 0.4758793486111111 0.017779928125000045 0.03466767222222226
2 0.535569108203125 0.48097753819444444 0.016632835156249914 0.03262839861111107
2 0.45211816015624995 0.4724562763888889 0.022941840624999977 0.037726583333333334
9 0.45453523437500004 0.4567975541666666 0.018927018750000003 0.04384440833333332
9 0.473462254296875 0.4593466506944444 0.017779927343750047 0.04282477083333328
2 0.378049734375 0.4917360680555556 0.14051877968750004 0.21514349166666663
2 0.49218539687499996 0.4779709625 0.025809571874999993 0.03874622222222225
2 0.5856734007812501 0.501422623611111 0.10266474062500004 0.1447885111111111
3 0.685257570703125 0.5225880659722222 0.05850169453124998 0.07341389305555555
3 0.658874453125 0.5266666145833333 0.026383117187500017 0.05913896805555549