7 0.45470112109375 0.48415415763888886 0.01583864531249999 0.04692932083333332
7 0.491217998828125 0.5772306451388889 0.007919322656250038 0.020336040277777714
7 0.372868118359375 0.5240440819444444 0.012318946093750015 0.02659328055555553
7 0.18764395625 0.5944380625 0.013198871874999995 0.023464661111111063
6 0.2246007953125 0.5404693423611111 0.008799246875 0.03441483472222223
6 0.355269622265625 0.5342121006944445 0.007919321093749997 0.03441483472222223
6 0.21888128476562496 0.53890503125 0.007919321093749997 0.03597914583333335
6 0.441062287109375 0.54203365625 0.008799247656249953 0.032850529166666656
6 0.47317954101562504 0.5592410715277778 0.00791932265624995 0.02972190416666665
6 0.4832986765625 0.6257242756944444 0.008799246875000045 0.018771729166666598
7 0.09437193085937501 0.5858343520833333 0.019358344531250016 0.014078795833333322
2 0.359889228125 0.5971756048611111 0.007039398437499988 0.00938586527777782
2 0.35328979179687503 0.5948291388888889 0.007919321093749997 0.010950174999999973
2 0.35592956679687504 0.6042150041666667 0.007919321093749997 0.010950177777777823
2 0.361209115234375 0.5862254305555555 0.007919322656250038 0.009385863888888934
2 0.35328979218749995 0.5838789638888889 0.009679171875000003 0.010950175000000052
2 0.3462503953125 0.603432848611111 0.011439023437500006 0.01251448611111109
2 0.346690355859375 0.6159473340277779 0.010559097656250006 0.01564310694444444
2 0.34493050703124994 0.5917005180555555 0.010559095312500011 0.010950174999999973
2 0.35592956718749996 0.6276796631944445 0.011439023437500006 0.014078793055555552
2 0.33613126015625 0.5987399145833333 0.008799246875 0.012514484722222285
2 0.32953182382812496 0.6034328472222221 0.009679172656250002 0.015643105555555554
2 0.335691297265625 0.6096900930555555 0.009679172656250002 0.009385866666666626
2 0.336131259375 0.6175116444444444 0.012318946875000014 0.012514486111111169
2 0.32777197421875004 0.6214224194444444 0.009679171875000003 0.014078794444444438
2 0.34537046953125 0.6268975097222222 0.009679171875000003 0.009385866666666626
2 0.337451146484375 0.6284618194444445 0.009679172656250002 0.009385863888888856
2 0.337451146484375 0.6362833715277778 0.014958721093750026 0.018771726388888906
2 0.31765283984375003 0.6315904409722222 0.01231894843750001 0.018771729166666674
2 0.3317316359375 0.6456692374999999 0.015838646874999984 0.021900350000000027
2 0.30709374140624995 0.6175116444444444 0.012318946875000014 0.012514486111111169
2 0.30445396718750006 0.6276796631944445 0.010559096875000007 0.014078793055555552
2 0.300054343359375 0.6300261291666668 0.014078796093750023 0.01877172500000002
2 0.309293554296875 0.6722625194444444 0.030797366406250016 0.04067207777777774
2 0.28641551015625 0.6644409652777777 0.021998118750000017 0.03128621388888888
2 0.323372349609375 0.6613123444444445 0.01671857109374999 0.028157594444444496
2 0.271016826953125 0.6425406138888888 0.026397742968749992 0.05005794166666667
2 0.36428885234375 0.6574015673611111 0.019358345312500004 0.023464659722222257
2 0.35284983046875 0.6769554506944445 0.03167729218749997 0.04067207638888885
2 0.39244644414062496 0.6902520923611112 0.06335458203125 0.09855157361111103
2 0.468999898046875 0.6511443256944445 0.017598496093749992 0.020336040277777714
2 0.50507681484375 0.6519264777777778 0.01583864531249999 0.01877172777777779
2 0.5275148953125 0.6433227694444444 0.023757968750000025 0.014078794444444438
2 0.525315083984375 0.6597480340277777 0.02815759140625005 0.025028973611111147
2 0.545113390625 0.6433227708333333 0.009679171874999958 0.010950174999999973
2 0.5556724875000001 0.6441049249999999 0.011439021875000056 0.01251448333333332
2 0.15134705937499998 0.6120365555555556 0.028157592187500004 0.042236386111111086
2 0.13286863906250002 0.6198581111111111 0.012318946874999992 0.023464661111111063
2 0.181264501171875 0.6574015673611111 0.024637892968749985 0.039107768055555506
2 0.140787962109375 0.6949450222222222 0.10911067109374999 0.13296640833333342
2 0.2287804375 0.709805975 0.0967917234375 0.12514485555555552
2 0.025517818749999997 0.6409763055555555 0.0193583453125 0.021900350000000027
2 0.038716689453124994 0.6511443236111111 0.03871668984375 0.029721902777777764
2 0.043996238671875 0.7098059763888889 0.08799247734375 0.09698726111111118
2 0.01847841953125 0.7614282277777776 0.0369568390625 0.0844727777777777