2 0.257706224609375 0.4422681131944444 0.05103093515625003 0.03505155138888891
2 0.30757736757812504 0.4422681131944444 0.034793819531250006 0.03092784027777782
2 0.334252628515625 0.4381444027777778 0.023195877343749994 0.030927841666666626
2 0.34875005468750003 0.4360825458333333 0.022036087500000034 0.026804127777777766
2 0.88944605078125 0.4536083194444444 0.15425260156250004 0.10721650833333338
2 0.034213923046875 0.4567011048611111 0.054510314843750005 0.05979382361111113
2 0.00927835234375 0.46082481736111114 0.0185567046875 0.05979382638888882
7 0.659052944921875 0.38505160972222224 0.01739691015625002 0.039175266666666646
2 0.08350516953125 0.4592784270833333 0.04407217499999999 0.05567011527777773
2 0.120038678515625 0.4572165722222222 0.028994849218749997 0.04329898055555559
2 0.16353095429687498 0.45103100208333335 0.030154642968750013 0.04742268472222217
2 0.19426549570312499 0.4458763611111111 0.022036085156249996 0.04536082777777782
2 0.377472517578125 0.44062484583333333 0.028476552343750017 0.03749998611111115