2 0.491632419921875 0.3638741597222222 0.03218542890625002 0.06258278055555558
2 0.569581506640625 0.3799668743055556 0.09353890390624997 0.11980132083333335
2 0.35886752421875 0.4872516381944444 0.28966886406250003 0.38086091527777777
2 0.6807218164062501 0.37907283402777775 0.09454469999999997 0.09298012916666663
2 0.844666347265625 0.5006622326388889 0.30374998828125 0.7402648736111112
6 0.45894409335937497 0.26195363194444443 0.0070405632812499345 0.030397347222222218
6 0.498170084375 0.2601655534722222 0.011063739062500045 0.0196688736111111
6 0.47553970585937505 0.28698674305555555 0.008046358593750025 0.019668872222222255
7 0.3166241484375 0.03397350833333333 0.044254965624999976 0.06079469999999999
7 0.287958999609375 0.05453642222222222 0.027156457031250004 0.05543046111111111
7 0.28846189765624997 0.12248343819444443 0.04425496562500002 0.09119204861111112
7 0.648033491015625 0.3147019743055556 0.019110099218750065 0.050066220833333355