2 0.07796454921875 0.6777718125 0.1528105171875 0.23285411944444437
2 0.8307122691406249 0.888449348611111 0.3360272054687501 0.21067753611111106
2 0.156708743359375 0.6244094097222223 0.04521943828125001 0.07345993055555552
2 0.231164887890625 0.6507441020833333 0.07250703046874998 0.1039527319444444
2 0.185165803515625 0.6292605368055555 0.027287592968750007 0.04435316527777778
2 0.21479233203125 0.6251024277777778 0.03820262812500001 0.049897311111111106
2 0.3566878109375 0.6542091930555556 0.21752109062500002 0.45461994722222226
1 0.5180744277343751 0.635497701388889 0.13176008828125002 0.30076990555555555
4 0.63969912421875 0.7540038152777778 0.03976192031250001 0.1718685166666666
2 0.71883314140625 0.7928128354166666 0.14501406093750005 0.15523607916666674
2 0.631123023828125 0.7276691236111111 0.11148930546874994 0.1358315694444445
2 0.5890221671875 0.6847019944444445 0.02884688281250005 0.05266938333333337
7 0.18867420859375 0.5807492624999999 0.014033618749999999 0.02772072777777773