4 0.60168228671875 0.52003968125 0.14927232343750002 0.33650064305555555
2 0.5232186285156251 0.5144153895833333 0.027557967968749965 0.0802923513888889
2 0.49030216718749997 0.5116936152777778 0.05664693125000007 0.088457675
2 0.45011346484375 0.5055696208333333 0.08190840156250001 0.12792340555555554
2 0.36705681367187504 0.5130545020833334 0.17300279453125006 0.18099800416666664
2 0.28400016250000004 0.4722278833333333 0.04822644375 0.06668347500000003
2 0.71191415390625 0.49672385277777775 0.07272241250000003 0.08029234722222224
2 0.734113628125 0.5273438173611111 0.10946637031249998 0.12247985694444444
4 0.48762292070312496 0.5198589395833333 0.018371978906249975 0.08029234861111113
4 0.9082646714843751 0.5110131694444444 0.02449597109374988 0.13881050277777776
4 0.857358982421875 0.5048891777777779 0.03444745859375011 0.14561493888888882
4 0.8898926921875001 0.5082913965277778 0.03980595156250004 0.15241937638888886
2 0.13665653789062499 0.5243030847222222 0.27175217734375 0.2925907638888889
7 0.351364082421875 0.3000756451388889 0.013778983593749983 0.024495973611111114
7 0.32150961835937497 0.3150454048611111 0.030619964843750003 0.024495970833333342
7 0.34524009062500005 0.33886093125 0.021433976562500012 0.03130040416666668
7 0.334523102734375 0.3633569020833333 0.021433974218749974 0.031300404166666636
7 0.7188036453125 0.4443296958333333 0.016840979687500025 0.03266129444444448
7 0.7743023308593749 0.38172887986111115 0.014544482031250005 0.024495970833333304