2 0.07213578046875 0.6134790715277778 0.1442715609375 0.27727867638888887
2 0.81298974375 0.78157926875 0.37237659843750004 0.4297819486111111
4 0.792031374609375 0.5952826576388889 0.024370196093750084 0.06065470972222226
4 0.7632745433593751 0.6100130875 0.027294619531249963 0.07625163611111113
4 0.37481361679687497 0.6100130868055555 0.03411827421875002 0.11784343472222227
0 0.387973523046875 0.6342749715277778 0.02729462109374996 0.06238770138888891
2 0.15743146718749998 0.6282095006944444 0.053614431250000004 0.11264446250000001
2 0.192037145703125 0.6074135993055555 0.07603501171874998 0.10917847638888886
2 0.23882792226562496 0.6082800958333334 0.03704269765624999 0.07278565277777783
2 0.263685522265625 0.5978821458333333 0.024370196093749998 0.062387702777777714
2 0.286593506640625 0.5961491534722222 0.015596925781250003 0.034659834722222234
2 0.298778604296875 0.5900836826388889 0.014622116406249974 0.0329268430555555
2 0.310963702734375 0.5874841951388889 0.015596925781250003 0.034659834722222234
2 0.607792691796875 0.6975291701388889 0.28366908359375004 0.3760592041666666
2 0.46693295859374995 0.6316754840277778 0.09358155468750003 0.18889609861111115
2 0.42501622070312506 0.6160785590277779 0.058488471093750015 0.1369063458333333
2 0.397721601171875 0.6108795833333334 0.035093082031250014 0.10571249444444446
2 0.364090730078125 0.5883506909722223 0.016571732031249998 0.03639282638888888
2 0.32558582031250005 0.5874841951388889 0.009748078125000026 0.020795901388888892
2 0.341182745703125 0.5857512034722222 0.015596924218750008 0.027727868055555563