2 0.3301208625 0.44845368402777774 0.02667526250000001 0.04742269027777779
2 0.368394065234375 0.4536083208333333 0.022036085156249996 0.024742272222222222
2 0.432762632421875 0.45979388958333334 0.02319588046874994 0.02061855972222225
2 0.47567500976562493 0.46597945763888887 0.018556703906250062 0.028865981944444504
2 0.502930169921875 0.45463925069444444 0.026675263281249962 0.03917526527777777
2 0.512208521875 0.4783505972222222 0.03595361406249999 0.04536083333333328
6 0.43682191171875007 0.3731959368055556 0.015077321874999949 0.028865984722222196
6 0.5000306847656251 0.39381449930555557 0.013917525781250006 0.0206185569444444
6 0.563819355078125 0.44226811527777776 0.013917527343750003 0.026804130555555618
6 0.610791011328125 0.4288660493055555 0.015077322656250036 0.024742270833333337
7 0.748806499609375 0.3484536659722222 0.03131443984375002 0.04123712083333335
7 0.563239459375 0.46907224166666667 0.010438146875000064 0.014432991666666655
2 0.93390962890625 0.6329897965277778 0.1287371359375001 0.1731959041666666
2 0.13121619140625002 0.4494846097222222 0.060309287499999996 0.0412371194444445