2 0.26926217578125 0.5277663118055556 0.08882050937500004 0.12233935972222222
2 0.38088795234374995 0.5277663125 0.06561515156249995 0.11664915833333332
2 0.4833116015625 0.5306114138888889 0.054412564062500036 0.09673344999999997
2 0.8974072222656251 0.5427030944444444 0.10962531484374996 0.08962069444444445
2 0.338078066015625 0.5313226888888889 0.01840424921874999 0.027028463888888864
2 0.41489580468750004 0.5078506034722222 0.016803881249999986 0.0312961152777778
2 0.435300516015625 0.5042942250000001 0.017604064843750055 0.027028463888888864
2 0.5785335910156251 0.5313226881944445 0.08481958515625002 0.07539518749999993
2 0.519720008984375 0.5156746305555556 0.02800646796875004 0.049789274999999994
4 0.5517274000000001 0.5320339645833333 0.015203509375000035 0.07681774027777774
2 0.975425237890625 0.5306114138888889 0.048011085156250036 0.07681773611111109