7 0.43790430546875003 0.343396975 0.019120968750000068 0.029136711111111067
7 0.487755402734375 0.35917936111111115 0.02048675234375006 0.012140297222222231
7 0.48707251132812496 0.34339697430555555 0.021852535156250054 0.019424476388888893
9 0.118310972265625 0.37617577916666667 0.16662558515625 0.1286871555555556
2 0.21664738203125 0.4198808493055556 0.051899771874999986 0.04613313194444449
2 0.263084020703125 0.4004563729166667 0.021852535156249964 0.026708654166666672
2 0.332056086328125 0.4016704027777778 0.017755185156249985 0.02913671388888888
2 0.3491283796875 0.4028844326388889 0.016389401562499996 0.021852537500000026
2 0.38122429062499996 0.39195816458333327 0.01502361875 0.01456835694444444
2 0.40444261054687497 0.39438622430555564 0.01229205234374997 0.01456835694444444
2 0.3928334515625 0.40167040347222227 0.010926268750000023 0.02428059583333335
7 0.4577081660156249 0.3458250340277778 0.006828917968749959 0.019424476388888893
7 0.455659490625 0.3713196583333333 0.019120968750000068 0.007284177777777816
7 0.590872055078125 0.4016704027777777 0.010926267968750025 0.01942447777777774