2 0.8449216464843751 0.7099179048611111 0.30021781171874995 0.5068102736111111
2 0.549137897265625 0.5942686847222223 0.015137032031250008 0.035880372222222214
2 0.4930047328125 0.5819348055555555 0.011352774999999937 0.029152802777777806
2 0.507511057421875 0.588662375 0.012614194531249989 0.042607941666666704
2 0.09565762890625 0.5561457868055555 0.0340583234375 0.04036541805555558
2 0.061599306250000006 0.5606308340277778 0.044149678125 0.0403654180555555
2 0.14926795390624997 0.5583883104166667 0.05802529062499999 0.04485046527777775
2 0.17260421132812503 0.5684796645833333 0.061809549218750016 0.024667756944444442
2 0.22306098632812504 0.5673584020833333 0.029012646093750004 0.017940187500000034
2 0.252704341796875 0.579692282638889 0.037842582031250016 0.024667756944444442
2 0.29433118203125 0.5696009256944444 0.03531974375 0.022425234722222204
2 0.3719084734375 0.574085975 0.01639845312499997 0.013455141666666668
2 0.39209118320312497 0.5740859770833333 0.021444128906250005 0.022425234722222204
2 0.41605815078125 0.5875411125 0.029012643749999966 0.05830560833333331
2 0.334696601953125 0.6066025631944445 0.08325367890624999 0.09194345694444447
2 0.45485394531250006 0.6020127125 0.06876165156249998 0.1051889944444444
2 0.526432348046875 0.5953899472222222 0.03279690390625003 0.047092988888888875
2 0.5718434453125 0.6009962520833333 0.035319742187500044 0.04036541805555558
2 0.6658191886718751 0.6267852722222222 0.07694658203125 0.08745840833333333
2 0.06159930585937501 0.6749995222222221 0.11983484140625 0.39468410555555544