2 0.25998935625 0.5015973645833334 0.036038128125 0.02875422916666663
2 0.28830503125 0.49538126111111114 0.020593217187500023 0.025932197222222283
6 0.39504653554687497 0.30737282361111107 0.010296608593750057 0.022881352777777763
6 0.5383410078125 0.3310168868055555 0.010296607812500014 0.0274576236111111
6 0.67863228125 0.43627110277777775 0.012870760937500059 0.03661016388888885
6 0.65640877421875 0.41720330972222225 0.008580507812499949 0.013728811111111128
7 0.42516411328125 0.2924999451388889 0.01801906406249998 0.03508474027777776
7 0.591625946875 0.36572027083333336 0.038612281250000005 0.01983050555555555
7 0.557732945703125 0.48012702777777777 0.008580507031249952 0.010677963888888876
6 0.92913482109375 0.09838981180555556 0.01973516562499995 0.035084740277777776
7 0.73864756875 0.22576266944444445 0.007722456249999965 0.006101694444444463
7 0.975389115234375 0.10258472569444445 0.021451266406250013 0.05033897361111112