2 0.440512999609375 0.6250776888888888 0.010546867968750017 0.025781230555555527
2 0.427329413671875 0.6285933104166668 0.02109373515624995 0.0374999736111111
2 0.41348665 0.6367964312500001 0.01977537812500003 0.03046872916666664
2 0.39568881132812506 0.6391401798611112 0.02636716953125 0.053906212500000016
2 0.376572612109375 0.6625776611111112 0.030322244531250007 0.07265620000000005
2 0.350864623046875 0.6614057881944445 0.042187471093749984 0.09374993472222223
2 0.26912639843749997 0.660233913888889 0.13974599843749996 0.18984361944444444
2 0.567734591015625 0.6403120534722222 0.05405269765625 0.07499994583333332
2 0.59542011875 0.6590620416666667 0.07778314999999995 0.11249992222222219
2 0.6929786453125001 0.6930463909722222 0.16743152500000003 0.15703114027777781
2 0.50049831015625 0.6285933118055556 0.01186522656250002 0.028124981944444412
2 0.522910402734375 0.643827675 0.03032224609374996 0.03515622777777783
2 0.46622098906250004 0.6203901916666666 0.032958962499999966 0.03984372222222221
2 0.11619681484375002 0.7071088819444444 0.232031090625 0.4148434638888889
2 0.8656836054687501 0.7563275979166668 0.26762677031250004 0.38671848472222226