7 0.84710517265625 0.1420811986111111 0.050432881249999895 0.09350096111111113
7 0.8651169156249999 0.22725673124999998 0.031700668749999925 0.06148008472222222
7 0.840981179296875 0.3418914722222222 0.07276744296875001 0.1677893972222222
7 0.5362224828125 0.4482922875 0.01657080468750003 0.010246680555555561
6 0.45642507851562497 0.4213947409722222 0.007925166406250028 0.023055031944444457
6 0.48884621679687507 0.4258776638888889 0.007925167968749935 0.02433586666666664
6 0.5616136597656249 0.46110062916666666 0.007925167968750025 0.030740041666666683
6 0.5374779234375 0.48287482430555556 0.0057637578125000035 0.020493359722222236
6 0.396025697265625 0.39193553402777775 0.008645636718750006 0.03586338194444447
6 0.44357669960937496 0.38937386388888895 0.008645636718750006 0.038425052777777795
6 0.364325029296875 0.49055983541666676 0.005763758593750001 0.012808351388888894
2 0.48336315 0.48031315555555554 0.009366106250000072 0.010246680555555561
2 0.47255610390624997 0.48287482500000006 0.007925167187500026 0.012808350000000008
2 0.4570660046875 0.4912002534722223 0.011527515625000007 0.014089187499999965
2 0.47687892226562506 0.4974763569444444 0.010807046093750028 0.010246680555555561
2 0.49921348398437504 0.49683593958333333 0.010807046093750028 0.01921252638888894
2 0.474357278515625 0.5090038722222222 0.008645636718750006 0.012808350000000008
2 0.48624502890625 0.5237334763888889 0.019452682812499945 0.042267558333333316
2 0.46859352109375 0.5333397381944445 0.03458254843750001 0.04611006250000003
2 0.43148932929687495 0.5083634548611111 0.03386207734375004 0.07300759861111111
2 0.407713828125 0.5301376513888889 0.035303017187499994 0.057637577777777775
2 0.36700728828124995 0.5378226625 0.07060603437499999 0.08325428055555556
2 0.31657440703125 0.5269355631944445 0.015850334375000007 0.015370020833333341
2 0.5435223726562499 0.5378226618055556 0.04322818437500002 0.03970588749999998
2 0.615929580859375 0.5448672548611111 0.019452682031249946 0.02817837083333335
2 0.44481801953125 0.4539279645833333 0.012968454687499964 0.015370020833333341
2 0.42932792031249994 0.4558492159722222 0.02089362187499999 0.011527515277777746
2 0.404111480078125 0.44560253611111117 0.007925167968749935 0.008965844444444412
2 0.39510560781250004 0.4385579430555555 0.0057637578125000035 0.012808350000000008
4 0.58988459375 0.5373103159722222 0.00936610781250007 0.0435483930555555
2 0.9032725687500001 0.5552019805555555 0.11527515781250006 0.14857686944444445