2 0.03627215078125 0.6452064451388889 0.07036015625 0.3401694263888889
9 0.38807292968749996 0.41486750694444446 0.04976694062500005 0.0808474444444444
2 0.45628795898437496 0.4247827576388889 0.01973516640624995 0.02745762083333329
2 0.569121625 0.42173191319444453 0.012012709374999986 0.02440677361111112
2 0.503909773046875 0.42478275833333334 0.012012708593749987 0.01830508055555558
2 0.0783166328125 0.4186810645833333 0.0840889671875 0.030508468055555623
2 0.18686004609375 0.4217319104166667 0.04547668749999998 0.02745762083333337
2 0.250784819921875 0.4171556409722222 0.024025417968749973 0.012203387499999963
2 0.28424879765625 0.4179183520833334 0.03947033124999999 0.013728809722222242
7 0.56697649921875 0.06630825277777778 0.14672666718750005 0.11288133333333332
7 0.291542228515625 0.030460800000000003 0.20850631640625 0.05949151666666667
7 0.8818810992187501 0.10902010694444443 0.019735167187499947 0.03355931666666666
7 0.682813341015625 0.36529124375000005 0.023167367968749984 0.04881355138888893
9 0.5523075578125001 0.41338975069444445 0.01716101406249999 0.027457618055555598
2 0.59606814296875 0.4210168694444445 0.012012709374999986 0.021355927777777832
2 0.5827683562500001 0.41949144513888886 0.011154659374999997 0.018305079166666696
7 0.350665646875 0.3966100944444444 0.008580506249999998 0.015254233333333329
7 0.60336157421875 0.4057626361111111 0.01801906406249998 0.012203388888888927
6 0.9672571433593751 0.1563082340277778 0.006864405468749979 0.03355931527777777
7 0.711558037890625 0.3149522701388889 0.013728810156250049 0.015254229166666673