7 0.142906043359375 0.3274016659722222 0.029896661718749985 0.01700787916666668
7 0.370120673046875 0.35291348194444444 0.015546263281250017 0.03826772777777781
7 0.614077433984375 0.36460640069444444 0.013154530468749925 0.014881895833333342
7 0.620654698828125 0.30401583125000003 0.014350397656249925 0.008503937500000013
7 0.53395438046875 0.4241339777777778 0.020329731250000017 0.023385833333333356
7 0.66549969296875 0.2976378791666667 0.022721462500000022 0.05952757777777775
2 0.5249853828125 0.45602374861111117 0.028700795312499937 0.014881894444444457
2 0.48970732109375004 0.46240170347222226 0.013154531250000013 0.010629926388888815
2 0.43828506328124994 0.46027571736111117 0.017937996875000018 0.02338583194444439
2 0.423336732421875 0.4581497319444444 0.01674213046874993 0.027637802777777724
2 0.40480080234375004 0.4602757194444444 0.02272146406250002 0.027637802777777724
2 0.38925453593750003 0.46240170208333337 0.02750492812500003 0.03614174305555551
2 0.37370827265625 0.4666536722222222 0.029896662500000025 0.031889772222222175
2 0.32049221640625 0.47090564236111115 0.011958664062500013 0.02338583194444439
2 0.34201781249999996 0.47303162847222224 0.03826772812499999 0.04039371527777773
2 0.309131483203125 0.4677166645833334 0.020329728906249976 0.02976378749999995
2 0.21645183125000003 0.4687796555555555 0.019133862499999977 0.027637799999999955
2 0.272657555859375 0.49322848263888897 0.08610238671874999 0.08503939305555555
2 0.176390304296875 0.5059843909722223 0.13034944453125002 0.1233071208333333
2 0.014350397265625 0.43795287847222225 0.02870079453125 0.01700787916666668
2 0.0795251203125 0.5261812472222223 0.159050240625 0.17220477222222222
2 0.471171390625 0.4581497347222222 0.021525596875000018 0.031889772222222175
2 0.562655174609375 0.4762206020833334 0.05620572421875005 0.08929136250000001
2 0.8638939703125 0.44645681736111115 0.11001971562499993 0.055275606944444416
2 0.737849614453125 0.4549607569444444 0.08371065390624999 0.05952757777777775
7 0.9099348281249998 0.3157087486111111 0.029896662500000025 0.053149619444444456
7 0.803502713671875 0.4188190131944444 0.010762797656250012 0.01700787916666668
4 0.691808755078125 0.47196863333333333 0.025113196093750022 0.13181106111111116
4 0.659520359375 0.47090564166666665 0.03707185937500004 0.14669295277777777