7 0.8859378964843749 0.2632654236111111 0.014636485156250068 0.018367355555555537
7 0.435650705859375 0.2150511173611111 0.014636486718750064 0.022959195833333328
6 0.43349828164062504 0.26173480972222224 0.018941335156250006 0.07346941944444446
6 0.8846464445312499 0.3107144236111111 0.020663276562500065 0.06734696944444446
7 0.0598373984375 0.03214287222222222 0.07059952031250001 0.06428574444444445
2 0.26761809999999997 0.55102065625 0.12484061718750002 0.06122451527777773
2 0.356728470703125 0.5517859618055555 0.14980873828125002 0.0719388069444444
2 0.5246175796875 0.5563778 0.11881382343749998 0.06887758333333333
2 0.07476087109374999 0.5762757666666667 0.14722583125 0.19744906388888894
2 0.1561225125 0.5346941180555556 0.08265309687500003 0.06734696666666669
4 0.6973855171875 0.5811227173611111 0.013775514062499994 0.05204084027777777
4 0.65089315078125 0.58265333125 0.010331637500000036 0.048979612499999964
4 0.633243269140625 0.5818880229166666 0.011192607031250024 0.041326545833333325
4 0.7987647074218749 0.6020410888888889 0.01851085078125001 0.07551022777777772