7 0.393935805078125 0.4607476298611111 0.011700702343749958 0.01456087361111113
7 0.44366378710937504 0.4669880048611112 0.00819049140625001 0.022881373611111085
2 0.447173998046875 0.5044302500000001 0.02223133359374998 0.0228813722222222
2 0.46531008515625 0.4992299361111111 0.00936056093750004 0.04160249444444446
2 0.47116043671874996 0.5200311840277777 0.01872112187499999 0.08320499027777772
2 0.560670804296875 0.5106706236111112 0.012870772656250029 0.04368261944444443
2 0.59284773359375 0.512750748611111 0.04914294687500007 0.06448386666666665
2 0.4272828046875 0.5054703118055556 0.015210912499999996 0.029121745833333375
2 0.40446643671875 0.5023501236111111 0.02808168437499998 0.03536211944444448
2 0.510942821875 0.5210712479166666 0.07722463125000001 0.12272735972222222
4 0.5507252074218749 0.5345920590277777 0.014040841406249971 0.07904474027777779
4 0.83680736328125 0.55227311875 0.08775526249999999 0.405624323611111
7 0.351813279296875 0.48882931388888884 0.007020421093750029 0.016640997222222214
2 0.367609225390625 0.4961097493055555 0.019891192968750016 0.022881370833333314
2 0.0499351765625 0.49922993819444444 0.0982858953125 0.12480748472222226
7 0.618589276953125 0.1081664875 0.016380982031250026 0.05408324444444445