6 0.36310466640625 0.6867294034722222 0.007197862499999985 0.02559240138888891
6 0.40329273125 0.6973929034722223 0.005998218749999928 0.021326998611111096
6 0.42908507304687504 0.6973929027777778 0.004798575781249958 0.017061600000000017
6 0.4278854289062499 0.7421796013888888 0.00959715000000001 0.017061600000000017
6 0.53285425859375 0.7005919527777777 0.005998218749999928 0.023459700000000083
6 0.31331945 0.7165872013888889 0.005998218750000017 0.03412319999999996
6 0.36070537929687496 0.7208526027777777 0.007197863281250027 0.017061600000000017
6 0.6036332390625001 0.7123218020833333 0.005998220312500013 0.02559240138888891
4 0.303989728125 0.7816345541666667 0.00959715000000001 0.0533175
4 0.29319293359375004 0.7752364527777776 0.009597149999999966 0.03625589999999998
4 0.284195605859375 0.7720374020833333 0.010796794531249976 0.04265400138888885
4 0.27279898984375 0.7720374020833333 0.007197862499999985 0.04265400138888885
4 0.25300486796875 0.7613739027777778 0.013196081250000002 0.02985780000000015
4 0.680677866796875 0.7752364527777778 0.009597150781250008 0.04478669999999991
4 0.669881071875 0.7763028041666666 0.00959715000000001 0.04265399999999996
4 0.657884634375 0.778435501388889 0.00959715000000001 0.055450200000000095
4 0.74425898515625 0.7890990034722222 0.01919429999999993 0.059715601388888866
4 0.860024607421875 0.7922980513888888 0.017994655468750054 0.08317529999999998
4 0.882218016015625 0.7667056527777779 0.016795013281249993 0.01919430000000012
2 0.472359728125 0.7645729513888889 0.025192518749999948 0.027725100000000048
2 0.486155631640625 0.7763028034722222 0.014395725781250058 0.02559240138888899
2 0.509548684375 0.7848336027777776 0.02279323125000001 0.02985779999999999
2 0.41897558203125007 0.7795018520833333 0.01919429999999993 0.02345970138888889
2 0.556334790625 0.7901653541666668 0.08037613281249997 0.12582930000000012
2 0.452565606640625 0.8200231534722222 0.08157577578125004 0.10876770138888882
2 0.38298626874999997 0.7773691534722221 0.028791451562500025 0.04478669861111102
2 0.33320105234374997 0.7731037520833334 0.032390381250000023 0.03199049861111121
2 0.24433993359375 0.8274876041666668 0.09597149999999999 0.11090040000000004
2 0.120176805859375 0.8449046555555555 0.19554193046874999 0.21113730000000003