2 0.339145787890625 0.8108313097222222 0.02027078203124999 0.011088291666666805
2 0.356687812109375 0.8177614902777778 0.014813263281250011 0.02772072777777781
2 0.36526391093750005 0.8004360368055554 0.0070168093749999995 0.01247432638888897
2 0.35785728046875 0.7990499986111111 0.00779645468750001 0.006930180555555568
2 0.33807470703125003 0.8470936916666667 0.04151798593750002 0.05866439722222228
7 0.42139838671875 0.7657851256944443 0.011694681250000016 0.020790545833333358
7 0.42217803203125 0.7907337791666667 0.013253971874999947 0.023562619444444502
7 0.4210085640625 0.8149894187499999 0.01559290937499993 0.02217658472222218
2 0.800695918359375 0.8718169131944445 0.03742298515625002 0.03326487361111106
2 0.73052782421875 0.8607286208333335 0.03430440156249999 0.024948655555555553
2 0.71259597734375 0.8447892027777778 0.03118581875000004 0.020790547222222244
9 0.7893910585937499 0.8510263652777778 0.02105042968750004 0.013860363888888906