7 0.283315190234375 0.37443429791666666 0.017193411718749996 0.020377376388888833
2 0.49035252343749997 0.4775947680555556 0.07020642968750002 0.0738679888888889
2 0.558409776953125 0.45721739236111114 0.06304251015624995 0.07386799305555555
7 0.784092455859375 0.21573544097222225 0.03573531796875003 0.05558827361111113
7 0.783347969921875 0.2594119416666667 0.037224289843750036 0.0317647277777778
7 0.787814884765625 0.3427943513888889 0.031268403906250075 0.07676475833333332
7 0.16214900703125 0.3044119722222222 0.025312517187500005 0.0158823638888889
7 0.16214900703125 0.3282355180555555 0.028290460937500005 0.03176472777777776
7 0.16363797890625 0.3679414277777778 0.0163786875 0.0317647277777778
7 0.16214900703125 0.20779425902777782 0.03126840312500001 0.023823545833333327
9 0.12209567148437502 0.4341179430555555 0.03573531796875 0.05823533333333333
9 0.067003722265625 0.4288238222222222 0.08040446640625001 0.09000006111111106
2 0.42108117421875 0.4460297159722222 0.011911773437500005 0.018529423611111106
2 0.409169401171875 0.4407355951388889 0.011911772656250008 0.018529423611111106
2 0.439693319140625 0.4486767770833333 0.02829046015625005 0.034411787499999964
2 0.39427968515625 0.4433826555555555 0.017867659374999966 0.023823544444444403
2 0.373434083203125 0.43808853402777775 0.02084560234374999 0.034411787499999964
2 0.35109950859375 0.43676500416666664 0.032757375 0.04235296944444447
2 0.659912233203125 0.4923532770833333 0.11613978515624997 0.13235303194444448
2 0.76860716015625 0.5135297618055555 0.19952219531249993 0.1747060013888889