2 0.42374062148437497 0.47882675 0.012914546093750002 0.013775516666666713
2 0.40824316562499996 0.48112266944444443 0.01980230468750004 0.018367355555555617
2 0.38714940546875 0.4910716541666667 0.025829092187500003 0.038265325000000024
2 0.35701546484374996 0.4948981847222222 0.03099491249999997 0.03979593611111112
2 0.3359217046875 0.4903063465277777 0.02152424374999997 0.030612259722222195
2 0.326881522265625 0.49413287916666665 0.025829092968750002 0.03214287222222225
2 0.29158176132812497 0.49413287916666665 0.05854594453124999 0.04438777500000002
2 0.24810278749999998 0.5094390083333333 0.0352997609375 0.04438777500000002
2 0.05955040703125001 0.5530614749999999 0.050797215625 0.07040819166666673
2 0.093128228125 0.5454084104166667 0.047353337499999995 0.08571432083333334
2 0.12412314023437498 0.5433675902777777 0.06285079296875 0.09795922777777777
2 0.18525199453125 0.5387757520833334 0.11623092031249997 0.12551025972222224
2 0.027264039843749997 0.5622451541666666 0.053380125 0.08877555000000004
2 0.4599013519531249 0.47857164374999994 0.011192607031250024 0.015306129166666693
2 0.48357802070312506 0.47704103055555563 0.013775516406249988 0.018367355555555537
2 0.47238541328125 0.47908184791666664 0.01377551562499999 0.015306129166666693
2 0.53136184375 0.4744900090277778 0.02496812343750001 0.021428581944444462
2 0.49434014296875006 0.47449000972222216 0.012914546874999999 0.027551033333333346
2 0.50596323515625 0.4785716444444445 0.025829093749999997 0.03367348611111104
2 0.6544805234375 0.48622470833333326 0.057684975000000006 0.06428574444444443
9 0.7659761144531251 0.39515323888888887 0.14636486328125012 0.28928584444444444
4 0.557621421484375 0.4698981701388889 0.00860969765624997 0.03061225972222227
4 0.6605073156250001 0.4525512236111111 0.009470665624999963 0.018367355555555617