6 0.173176430859375 0.3420747611111111 0.017342464843749995 0.07262636666666668
6 0.735245163671875 0.2967642125 0.015671844531249944 0.06068076388888891
6 0.7371548109375 0.3534392888888889 0.014813264062499965 0.02772072777777781
6 0.171911830078125 0.40472263472222225 0.019491138281249997 0.024948655555555553
6 0.5874628765625 0.37145776180555556 0.010135392187499991 0.016632437500000048
7 0.62332656953125 0.37492285416666665 0.010135392187499991 0.018018474999999985
7 0.65022433828125 0.34373703333333333 0.009355745312499941 0.022176583333333333
7 0.9375237011718751 0.29383972152777776 0.045999083593750004 0.027720726388888887
6 0.9780652667968749 0.31116517708333336 0.017931846093750002 0.03465091250000003
2 0.324332524609375 0.4684803118055555 0.08420171328124999 0.09425047638888889
2 0.536396096484375 0.44907580069444447 0.05457518359374998 0.06098560138888895
2 0.661139375 0.43729449305555557 0.04054156562500007 0.062371641666666734
2 0.43036431015625 0.46085711180555555 0.05925305781250003 0.07900407638888886
2 0.46271959765625004 0.444224675 0.03820262968749999 0.062371638888888886
2 0.387093985546875 0.4546199479166667 0.03976191953124997 0.06375767638888889
2 0.252994961328125 0.4781825666666667 0.06626986640624999 0.08039011111111118
2 0.578496953125 0.4386805291666666 0.03430440156249999 0.051283347222222234
2 0.633072137890625 0.4324433645833333 0.017152200781250036 0.04435316527777778
2 0.618258872265625 0.4248201645833333 0.01715220078124995 0.02633469305555549
2 0.5149558453124999 0.4282852555555556 0.008576100000000064 0.013860363888888906
2 0.48649878515625 0.4366014743055555 0.018711490624999973 0.016632437499999972
2 0.49897311328124994 0.4324433645833333 0.007796454687499921 0.016632437499999972