2 0.047783956249999995 0.6479588583333333 0.09556791249999999 0.3931435749999999
2 0.04953906171875 0.4139448236111111 0.0990781234375 0.17057022777777778
2 0.45126924335937507 0.3390603326388889 0.030421824218749994 0.054083243055555584
2 0.633215153515625 0.39626376319444445 0.08775526171874999 0.13104785972222224
2 0.28687438554687505 0.37650257708333335 0.09477568359375002 0.08320499027777781
2 0.4969019796875 0.3442606451388889 0.01638098281250002 0.022881373611111124
2 0.47525568242187505 0.34010039513888884 0.012870772656250029 0.01872112361111111
2 0.32607173515625 0.3619417048611111 0.0631837890625 0.07488449027777777
2 0.36351398046875 0.3629817666666667 0.030421824999999993 0.05200311666666665
2 0.375799717578125 0.3588215173611111 0.029251753906249966 0.043682618055555504
2 0.38223510234375 0.35050102013888884 0.037442245312500025 0.04784286805555552
2 0.40154126171875 0.35466126666666664 0.01989119374999997 0.03952236944444441
2 0.4062215421875 0.34738083194444447 0.03159189531249997 0.037442244444444446
2 0.419677348828125 0.34946095625 0.01872112265625008 0.033281995833333355
2 0.431963085546875 0.3473808305555556 0.00819049140625001 0.024961497222222247
2 0.57939192734375 0.3650618902777778 0.05265315781250006 0.08528511388888893
2 0.551310243359375 0.3619417048611111 0.019891192968750016 0.049922993055555566
2 0.53785443515625 0.35362120625 0.023401403125000008 0.049922993055555524
2 0.5267387691406251 0.35362120625 0.010530632031249976 0.02496149583333336
2 0.521473453125 0.34426064444444443 0.014040842187500058 0.027041622222222214
2 0.5126979269531249 0.34010039513888884 0.010530632031249976 0.01872112361111111
7 0.736353737890625 0.20385222499999997 0.040607638281249955 0.024961497222222205
7 0.75548748671875 0.15392922916666668 0.037442245312500066 0.02080124722222221
7 0.7402765734375001 0.1768106041666667 0.014040842187500058 0.016640997222222235
7 0.9930117304687499 0.2392143451388889 0.011700701562500092 0.07072424027777775