6 0.230802229296875 0.3614174229166666 0.014350397656250014 0.0340157569444444
6 0.304148718359375 0.4039371201388889 0.011958664843750012 0.029763787500000027
6 0.30355077578125 0.4507087868055556 0.013154529687499972 0.01700787916666668
6 0.274849980859375 0.4563780791666667 0.01315453203125001 0.017007877777777795
7 0.136328777734375 0.4047875166666666 0.019133863281249996 0.012755908333333269
2 0.05560779140625001 0.5198032930555556 0.104040384375 0.1254331055555555
2 0.02092766328125 0.5410631423611111 0.0418553265625 0.10417325694444446
7 0.44844992734375 0.3805512854166666 0.021525596875000018 0.017007876388888832
7 0.58298490546875 0.3699213618055555 0.02032972968750002 0.042519698611111066
7 0.40240906796875003 0.4305119305555556 0.02032972968750002 0.014881894444444457
4 0.708431291015625 0.5665749618055556 0.03348426171875003 0.14244098750000006
4 0.46877965742187494 0.5144883340277778 0.009566930468750012 0.02551181805555558
4 0.45383132656249997 0.5187403013888889 0.010762798437500009 0.025511819444444465
2 0.277042395703125 0.6232678826388889 0.25352369140625 0.33377962083333335
4 0.19617180625 0.4887498243055556 0.021093742187499976 0.05249998194444443
4 0.1734960328125 0.5009373201388889 0.017929681249999985 0.0993749652777778
4 0.119706989453125 0.5084373173611111 0.011601558593750005 0.058124979166666674
7 0.46722639921875003 0.4071873527777778 0.03164061406250003 0.016874994444444427
7 0.5922068242187499 0.5384373069444444 0.013710932812499976 0.05062498333333336