6 0.43967254921875 0.3701448222222222 0.009228509375000016 0.021093736111111146
6 0.336840588671875 0.3549104576388889 0.00659179296875001 0.02343748472222222
6 0.25114728828125 0.40530104791666666 0.01186522656250002 0.02109373472222226
7 0.9078710761718749 0.27234355694444445 0.06196284765625002 0.15937489166666666
7 0.48911099140625003 0.4202340833333333 0.013183584374999936 0.011718741666666688
7 0.49899868046874996 0.3733591173611111 0.019775376562500037 0.011718743055555573
7 0.26169415546875 0.3674997465277777 0.014501943749999979 0.018749987499999954
7 0.631493705859375 0.35742162916666664 0.013183583593749937 0.025781233333333337
2 0.436376652734375 0.4507028152777778 0.013183583593749937 0.011718741666666688
2 0.386279031640625 0.44718718958333326 0.007910150781250014 0.02343748194444441
2 0.3796872390625 0.4471871902777778 0.01054686718750002 0.028124980555555526
2 0.36979955039062495 0.4507028131944444 0.01977537734374999 0.03046872916666664
2 0.36254857929687495 0.45656218333333337 0.023730453906249994 0.028124980555555526
2 0.33947730546875 0.467109051388889 0.027685528125000004 0.0539062138888889
2 0.29597147695312503 0.48468716319444444 0.09096673515625002 0.13124990972222222
2 0.23334944921875 0.49992152847222227 0.139745996875 0.16640613472222227
2 0.41396455898437506 0.4413278201388889 0.013183583593750025 0.016406240277777803
2 0.42648896367187505 0.44835906458333336 0.011865225781250021 0.016406240277777803
2 0.53723107578125 0.4717965486111112 0.030322243749999967 0.04921871666666667
2 0.46142546328125 0.4553903090277777 0.013183584375000024 0.03046872916666664
2 0.5023852117187501 0.4823434152777778 0.04991635156249998 0.0656249555555555
2 0.579418546875 0.5010934055555555 0.10415031875 0.11249992222222219
1 0.11949271171875 0.40921847291666674 0.17270495937500002 0.046874968055555556
2 0.40359896171875 0.4434371868055556 0.015820301562500028 0.023437484722222183
2 0.4345803859375 0.4961715263888889 0.05932613125000001 0.08671869166666665
2 0.10424095468750001 0.5278121298611111 0.20848190937500002 0.23906233472222224
2 0.924350556640625 0.7516401 0.15029286484374998 0.3773434888888889
2 0.0356863140625 0.6391401777777778 0.071372628125 0.2132811055555556