7 0.518110369921875 0.3258024451388889 0.02047096484375004 0.038125818055555566
7 0.6852899156250001 0.36652775000000004 0.044841160937499944 0.022528891666666655
7 0.456210071875 0.4540438326388889 0.019496156249999962 0.0415918013888889
6 0.4654707464843749 0.32840193194444445 0.014622117968750015 0.057188727777777774
6 0.581472880078125 0.32580244305555556 0.014622117968750015 0.055455736111111084
6 0.7998298371093749 0.42198348541666664 0.016571732031249908 0.053722743055555515
6 0.7837455082031249 0.42371647708333326 0.017546541406249984 0.05025675972222222
2 0.977244866015625 0.5328949569444444 0.043866353906249954 0.057188727777777774
2 0.7111223242187499 0.55109136875 0.0243701953125 0.038125818055555524
2 0.6599449109375 0.5441594020833334 0.02339538750000001 0.02426188472222219
2 0.633137695703125 0.5441594020833334 0.016571733593749992 0.02426188472222219
2 0.613641538671875 0.5450258993055556 0.022420580468750017 0.019062909722222247
2 0.59609499765625 0.5441594020833332 0.010722885937499971 0.013863934722222224
2 0.5897587468750001 0.5415599145833333 0.009748078124999981 0.019062909722222167
2 0.579523264453125 0.54069341875 0.00877327109374999 0.017329918055555518
2 0.558564895703125 0.5441594027777777 0.00974807890624998 0.017329916666666712
2 0.5483294140625 0.5424264118055555 0.008773270312499993 0.013863934722222224
2 0.0848082828125 0.5970156493055556 0.048740392187500016 0.0329268430555555
2 0.1520700234375 0.5970156493055556 0.0662869328125 0.04332479305555555
2 0.1116154984375 0.5805522298611111 0.059463278125000005 0.027727868055555563
2 0.24955080859374998 0.5831517152777778 0.03509308281250001 0.029460858333333326
2 0.28025725546875 0.5727537652777778 0.028269426562499998 0.029460858333333402
2 0.300240816015625 0.5727537666666667 0.011697694531249959 0.025994874999999952
2 0.331434666796875 0.5684212861111111 0.017546541406249984 0.02079590000000001
2 0.31340072226562504 0.5684212861111111 0.012672502343749992 0.02079590000000001
2 0.39820900546875 0.55888983125 0.026319812499999973 0.03639282638888888
2 0.4191673738281249 0.5580233354166666 0.015596925781250003 0.027727868055555563
2 0.44597459023437497 0.5502248729166667 0.014622117968750015 0.02252889305555554
2 0.4571848796875001 0.54589239375 0.007798462500000003 0.017329918055555598
2 0.47375661328124996 0.5484918805555555 0.011697693750000049 0.012130944444444462
2 0.512261523046875 0.5450258979166667 0.00877327109375008 0.012130943055555498
2 0.900722449609375 0.5190310229166667 0.01754654140625007 0.019062906944444395