6 0.61476069765625 0.11659978333333333 0.015294560937500012 0.08429002499999999
6 0.279890466796875 0.1522658527777778 0.014529833593749996 0.04894259444444445
7 0.033064931640625 0.17605739097222223 0.025236025781250004 0.044864045833333324
7 0.279077942578125 0.18829304027777777 0.009176735156249994 0.023111780555555565
2 0.36266272109375 0.25151056041666664 0.016059289062499982 0.021752268055555548
2 0.3458387046875 0.25558910902777776 0.016059289062499982 0.027190329166666694
2 0.30836703007812505 0.2494712840277778 0.014529833593749996 0.017673715277777783
2 0.298043200390625 0.2583081423611111 0.027530208593749973 0.03806646527777775
2 0.252924246484375 0.25151055833333336 0.01223564921875 0.024471297222222195
2 0.26477753046875 0.26578548402777774 0.034412762500000006 0.04758307916666667
2 0.18906945390625002 0.26782475763888886 0.02982439375000001 0.05166162638888889
2 0.167147701953125 0.2661739138888889 0.019882928906250007 0.033987913888888874
2 0.13483546601562502 0.2612936736111111 0.06041351640625001 0.06797582777777779
2 0.22354392148437502 0.26030493263888893 0.05429569296875001 0.07885196250000001
2 0.321046747265625 0.25758589791666664 0.030589122656250023 0.040785495833333324
2 0.43708455546875 0.3037858534722222 0.17894636406250003 0.14138971805555553