6 0.45492556523437494 0.4351973708333333 0.006994242968749997 0.01776315833333339
6 0.430945302734375 0.4334210548611111 0.010990953906249957 0.017763156944444428
2 0.392476963671875 0.47072368611111115 0.013988486718749993 0.017763155555555542
2 0.2925592 0.4893750027777778 0.04796052656250001 0.062171052777777826
2 0.22061841015625 0.4920394756944445 0.09592105312500002 0.08171052638888886
2 0.48689925 0.47161184444444443 0.012989309375000068 0.0230921055555556
2 0.5018869144531249 0.4760526340277778 0.02497943984375004 0.031973684722222215
2 0.518373345703125 0.48315789722222224 0.019983552343749978 0.0355263166666667
2 0.547349496875 0.48848684444444446 0.04596217187500003 0.07460526388888884
2 0.36649834453125 0.46717105486111116 0.0219819078125 0.031973684722222215
2 0.625285353125 0.5071381604166667 0.12189967187499998 0.12967105416666666
2 0.08672860664062501 0.5240131611111111 0.17185855390625 0.1811842111111111
2 0.44293543398437496 0.4618421069444444 0.014987664843750003 0.017763155555555542
2 0.47521882499999996 0.46704127013888885 0.008773270312499993 0.019062909722222247
2 0.46595815039062505 0.46444178263888886 0.007798463281250001 0.017329918055555598