7 0.41770516289062504 0.5363609388888889 0.010722886718749968 0.012130941666666612
6 0.476193631640625 0.5450258979166667 0.004874038281250037 0.019062909722222247
6 0.42550362539062503 0.5406934194444445 0.0068236554687500115 0.017329916666666632
2 0.466445554296875 0.5788192354166667 0.026319811718749975 0.0415918013888889
2 0.4893535390625 0.5701542763888889 0.013647310937500023 0.024261883333333383
2 0.501538637109375 0.57968573125 0.010722885156249973 0.032926840277777814
2 0.509824503125 0.5796857333333334 0.009748078124999981 0.029460858333333402
2 0.522009600390625 0.5831517159722223 0.026319811718749975 0.04332479305555555
2 0.557102683203125 0.5883506902777778 0.04581596953124993 0.06412069166666667
2 0.598044613671875 0.6048141125 0.06921135703125003 0.09011556944444439
2 0.6662811628906249 0.62994249375 0.11405251796874998 0.14037233194444437
2 0.82371262890625 0.6741337833333334 0.25929888749999996 0.24261884166666667
2 0.36798996171875 0.57621975 0.022420579687500018 0.04679077499999996
2 0.33874572656249996 0.5796857333333334 0.03411827500000002 0.05372274166666663
2 0.31340072304687505 0.5874841958333333 0.028269427343749997 0.05545573611111105
2 0.274895812109375 0.5892171881944445 0.06238770078124998 0.09011557083333328
2 0.20665926406250001 0.5926831715277777 0.089682321875 0.12130942083333333
2 0.088220110546875 0.6004816333333333 0.17644022109375 0.1784981472222222
2 0.393334965625 0.5788192368055556 0.04191673750000002 0.05545573472222224
2 0.97297034609375 0.7045307680555556 0.05241539062499996 0.2249998444444445