2 0.47802784140625 0.46221627986111113 0.009465896875000013 0.014958454166666652
2 0.45278544765625 0.46315118333333327 0.01156943125000005 0.02056787777777779
2 0.29389359335937504 0.5157996201388889 0.26624715546875005 0.34778409861111115
6 0.335273097265625 0.3665890173611111 0.009195444531250008 0.02371983749999996
6 0.4574132296875 0.40743094375 0.009465898437500009 0.01682825972222225
2 0.38720030976562503 0.4388704131944444 0.016828263281249978 0.03365652638888893
6 0.403502689453125 0.42578176388888883 0.009465896093749971 0.014958455555555616
6 0.4702898578125 0.4295213777777778 0.010517664062499942 0.014958455555555616
6 0.5239299449218751 0.44261002638888886 0.008414130468749993 0.022437686111111077
2 0.46530146914062503 0.47006947986111114 0.016828263281249978 0.03365652361111107
7 0.7934075238281251 0.27406028055555554 0.06205421953124999 0.127146875