2 0.050797179687500006 0.6070406875000001 0.10159435937500001 0.11938773055555553
2 0.27792085976562503 0.5583672263888889 0.04132652109374999 0.051428561111111055
2 0.306332843359375 0.5436733534722222 0.011364792968749971 0.01469387638888888
2 0.31614789023437495 0.5482651895833333 0.010331630468750009 0.016530609722222225
2 0.3404272234375 0.5491835555555555 0.019630096875000013 0.025714280555555608
2 0.41119889257812503 0.5372447847222221 0.016530608593749996 0.01653061111111111
2 0.467506277734375 0.5703060013888889 0.08161988046875006 0.12306119722222222
7 0.220063728515625 0.5133672354166667 0.015497446093749988 0.03122448472222222
7 0.56565676640625 0.43071419375 0.028928564062499974 0.020204076388888915
7 0.5656567671875 0.4490815388888889 0.014464281250000077 0.02755101388888887
7 0.566173349609375 0.47387744861111114 0.01136479296875006 0.025714280555555608
7 0.6010978546875 0.4722356409722222 0.010422801562499995 0.021176484722222236