2 0.15887225234375 0.5924093284722223 0.0745609859375 0.08157099027777785
2 0.21221203515624998 0.5791540416666666 0.055060418749999986 0.07953171666666665
2 0.252360256640625 0.5679380319444445 0.04588368359374999 0.05302114444444447
2 0.27874337460937504 0.5608005708333333 0.036706946093750005 0.06321751944444445
2 0.303979400390625 0.5597809319444444 0.01835347265624998 0.03262839444444449
2 0.317170959375 0.55672201875 0.012618012499999987 0.026510568055555614
2 0.329788972265625 0.5536631062499999 0.010323828906250032 0.020392743055555544
2 0.3418334390625 0.5506041944444444 0.011470920312499988 0.0224320222222222
2 0.35387790468749997 0.5475452847222223 0.010323829687499985 0.016314202777777828
2 0.36477528046874996 0.539388188888889 0.009176735937499991 0.016314202777777828
2 0.37395201640625003 0.536329273611111 0.009176735937500036 0.01427492499999998
2 0.41085015078125 0.5424470958333334 0.00802964687499994 0.02039274444444443
2 0.41773270234375 0.5455060083333333 0.010323828125000035 0.022432019444444427
2 0.4274829859375 0.5536631076388889 0.016059289062500072 0.026510568055555538
2 0.45099837421875 0.5658987583333334 0.04244240781249999 0.050981869444444466
2 0.06402860625 0.6023565881944445 0.12618012968749998 0.16314197916666673
2 0.592838049609375 0.6196904194444445 0.15141615234375 0.16925980833333337
2 0.7901378890624999 0.5564728993055555 0.1537103374999999 0.11216011249999995
2 0.65248683984375 0.5625907222222223 0.029824393749999966 0.03466766944444441
2 0.83258029609375 0.7573414645833332 0.33036251875 0.47719029861111106
2 0.5122585449218751 0.5479822909722223 0.050472050781250034 0.05302114583333335
2 0.476043212109375 0.5473413715277778 0.02523602578124997 0.03262839583333338