7 0.769706978515625 0.52653085 0.06629467265624997 0.11326535833333334
7 0.7064256992187501 0.5762757673611112 0.020663273437499984 0.041326545833333325
7 0.36031585078125 0.5349492194444444 0.032716851562499996 0.059693905555555524
2 0.534446987109375 0.630229875 0.012053575781250015 0.026020419444444404
2 0.515505651953125 0.6271686472222222 0.010331636718749948 0.013775516666666713
2 0.51033983359375 0.6394135527777778 0.012053576562500012 0.02295919444444452
2 0.503021590234375 0.649362536111111 0.018080366406250013 0.021428580555555576
2 0.4987167417968751 0.6684951993055555 0.023246183593750035 0.029081648611111097
2 0.559322886328125 0.6934770083333334 0.09384570546875004 0.13622455277777779
2 0.464616211328125 0.6781708784722222 0.057684974218750004 0.07806125972222225
2 0.280676146484375 0.7599493201388889 0.25915190390625004 0.2831633902777778