7 0.5432373605468751 0.27205691597222226 0.01788002890625 0.033656526388888885
7 0.547970309765625 0.30384363472222226 0.023138861718750015 0.022437683333333347
4 0.5826786015625001 0.4384697381944444 0.01682826249999998 0.08227150694444442
7 0.318685228125 0.3636774583333333 0.012621196875000028 0.014958455555555616
2 0.433853651171875 0.44501406319444453 0.011569428906250057 0.020567879166666674
2 0.43963836718750005 0.4412744486111112 0.010517664062500032 0.035526333333333326
2 0.459621929296875 0.44314425555555553 0.042070657031250035 0.0617036305555556
2 0.47645019296874996 0.461842325 0.05469185624999993 0.061703630555555514
2 0.3675923671875 0.45062348333333335 0.022087095312499992 0.041135752777777805
2 0.354971170703125 0.45903761527777776 0.019983563281249995 0.05048478888888886
2 0.33603937500000003 0.46184232569444444 0.04522595781250001 0.05609420972222223
2 0.4128183234375 0.44314425486111114 0.02839769375000003 0.05609420972222223
2 0.39914536015625 0.4618423256944444 0.04101889062499997 0.059833823611111114
2 0.1693343953125 0.5188714381944444 0.1577649640625 0.16267320694444443
2 0.015322920703125001 0.6263853402777777 0.030645841406250002 0.15706378611111116