2 0.215683519140625 0.5215623138888889 0.02003905546875 0.02062499166666664
2 0.230449137890625 0.5253123083333334 0.011601558593750028 0.016874994444444506
2 0.25154288007812503 0.5271873097222222 0.017929680468750007 0.016874994444444427
6 0.22833976367187497 0.4428123395833333 0.017929680468750007 0.02437499305555551
6 0.32009754375000005 0.46718733125 0.011601557812499986 0.020624993055555527
6 0.30164051953125004 0.4953123236111111 0.012656245312500003 0.013124999999999984
6 0.215683518359375 0.4746873277777778 0.009492183593749991 0.00937499722222223
7 0.34066394296875 0.4762498333333334 0.014765618749999997 0.02249999166666667
7 0.41818344765625 0.4790623305555556 0.026367178125000022 0.0318749888888889
7 0.6586521136718749 0.3918748625 0.028476555468750053 0.056249980555555606
7 0.6771091378906251 0.4621873368055555 0.05062498203125001 0.054374981944444456
7 0.67499976484375 0.5090623208333334 0.03164061406250003 0.03562498888888888
7 0.67341773359375 0.5409373090277777 0.02214842968749995 0.020624993055555527
7 0.946581699609375 0.3012498895833333 0.10441402578125007 0.19499993194444443
7 0.416074073828125 0.5162498090277777 0.017929680468749966 0.04499998194444446
7 0.3248436359375 0.52562480625 0.012656248437499995 0.018749993055555574
2 0.184215124609375 0.4912403347222222 0.05444580390625 0.06113213055555554