2 0.0816909140625 0.31668832013888887 0.163381828125 0.1991008791666667
2 0.9343665984375 0.5339996458333333 0.12974942968749997 0.21124117777777773
2 0.98080323671875 0.3968142833333333 0.036876153124999964 0.0679856638888889
2 0.1859172546875 0.3336847368055556 0.04507085468750001 0.04370507083333336
2 0.44814768203125005 0.3336847375 0.028681453125000013 0.03884895277777775
2 0.401028151953125 0.33004264791666665 0.07102074140625003 0.1335432736111111
2 0.49253564453125004 0.3446110048611111 0.06828917343750004 0.09469432083333335
2 0.8913444195312501 0.3603933916666667 0.04643663749999991 0.02913671388888892
2 0.8257868128906249 0.35796533333333336 0.04643663828125 0.02913671388888892
2 0.7807159578125 0.34703906458333333 0.019120968749999977 0.08012596527777778
2 0.6946715984375 0.3276145875 0.15023618124999993 0.11411879722222219
2 0.58950627109375 0.34825309374999996 0.016389401562499996 0.019424476388888855
2 0.575165544921875 0.34096891458333334 0.012292050781250018 0.014568356944444479
2 0.56287349375 0.34096891458333334 0.012292051562499929 0.014568356944444479
7 0.468634433984375 0.2256360888888889 0.017755185156249985 0.04127701111111111
7 0.44063587265625 0.2450605645833333 0.051899771875000056 0.05098924861111109
7 0.8715405593749999 0.2729832486111111 0.020486753125000055 0.014568355555555594
7 0.880418151171875 0.23413429652777776 0.013657833593750012 0.019424476388888893
7 0.8845155019531251 0.24506056527777775 0.021852535156249964 0.012140297222222192
2 0.24859538359375 0.3259539486111111 0.06394736874999998 0.062171052777777784