2 0.460687463671875 0.4896428159722222 0.018562499218749993 0.0329999986111111
2 0.434531215234375 0.49639281597222223 0.03712499765624999 0.02849999583333332
2 0.4142812171875 0.49264281458333337 0.018562498437499998 0.0329999986111111
2 0.4016249679687499 0.49639281597222223 0.02531249999999998 0.03749999861111111
2 0.37378121953125 0.5005713888888889 0.04218749687500001 0.041999997222222245
2 0.090703118359375 0.5390356770833333 0.12740624140624998 0.12449999027777778
2 0.0206718734375 0.5658213868055555 0.041343746875 0.11249999305555557
9 0.491966488671875 0.4553571076388889 0.051468746093750004 0.1289999902777778
2 0.524571394140625 0.5155713888888889 0.07762499609375002 0.11399999166666666
2 0.600629419921875 0.4945713902777778 0.018562499218749993 0.04799999722222223
2 0.61919191875 0.4968213895833334 0.03543749843750001 0.07049999583333333
2 0.644082542578125 0.5110713902777778 0.05484374609375005 0.07799999444444441
2 0.6828950382812501 0.5133213875 0.059906245312499974 0.11549998888888895
2 0.7406919089843751 0.5313213875 0.13162498828125005 0.13649998888888887
2 0.890517801171875 0.5834999534722223 0.21599998203124998 0.24299998194444447
2 0.9921896671875 0.7184999430555556 0.012656250000000036 0.1409999861111112
6 0.43453121562499997 0.42342853541666664 0.008437500000000053 0.014999998611111131
6 0.55838165703125 0.40467853888888894 0.005906248437499961 0.022499997222222214
6 0.5883347796875 0.42792853680555554 0.008437500000000053 0.014999998611111131
7 0.5916495136718749 0.4015713965277778 0.024468747656249956 0.011999998611111175
7 0.5891182640625 0.4466785333333334 0.016031249999999986 0.022499997222222214
7 0.7000713800781251 0.3364285430555556 0.030374997656250003 0.056999994444444486
4 0.8436896796875001 0.4720713916666666 0.016031249999999986 0.04499999166666673
4 0.8187990566406249 0.48782139166666666 0.02868749765624994 0.08249999444444443