2 0.022475215625 0.6945532597222223 0.04495043125 0.21593210277777777
9 0.0832435625 0.5460495715277778 0.057308646875000015 0.044743429166666716
2 0.30030714609375 0.6027396097222223 0.08224972656249996 0.13431997222222228
2 0.245792791015625 0.5598082277777777 0.01530227421874999 0.013602022222222211
2 0.257747694921875 0.5742603791666666 0.029648158593749984 0.04590683055555552
7 0.6316970402343751 0.36512928333333333 0.04208125390625002 0.09351390277777775
7 0.40933585703124997 0.4900978638888889 0.014345882812499955 0.030604550000000015
7 0.058100826171874995 0.49179811597222217 0.015302275781249996 0.034005054166666646
7 0.2814184015625 0.4679945798611111 0.02677898281250002 0.027204051388888848
7 0.22690404765625 0.4662943236111111 0.0784241578125 0.05100758055555556
2 0.209598387890625 0.5613081569444445 0.012012708593749987 0.01677965555555553
2 0.16026047421874998 0.5597827319444444 0.018019065624999997 0.01983050555555555