2 0.50736605625 0.34753168333333334 0.023909804687500015 0.04080606666666671
2 0.52219013515625 0.35008206249999996 0.01912784374999994 0.042506319444444426
2 0.5446653515625 0.35433269444444443 0.018171451562499996 0.05440808888888892
2 0.5618804109375001 0.35433269444444443 0.029648157812499944 0.07141061666666665
2 0.5891375882812501 0.36623445833333335 0.024866196875000045 0.05780860555555556
2 0.6173511578124999 0.3679347166666667 0.05833992343750003 0.07481112222222228
2 0.66851813984375 0.38408711250000005 0.06120909999999995 0.09351391388888892
2 0.40015450039062495 0.3551828097222222 0.030604550781250017 0.04590682500000002
2 0.37337551874999997 0.3704850847222222 0.034430118750000016 0.059508847222222196
2 0.32517334453125 0.3699750083333333 0.061209101562500035 0.10541567222222217
2 0.09994298359375 0.3793263986111111 0.048776001562500004 0.04250631944444447
2 0.0468632171875 0.4286337291666666 0.093726434375 0.12751895833333332
2 0.9777197527343751 0.4660392972222222 0.04303764921874986 0.14452148611111112
2 0.46002464296875 0.3733755138888889 0.07077302187500001 0.10541567222222221
2 0.19366941835937498 0.42693347708333335 0.24388000859374998 0.2499371708333333
2 0.7701826468749999 0.3725253840277778 0.15015357343749997 0.15812350972222222
6 0.3916426015625 0.3074057041666667 0.006694745312500005 0.017002527777777762
6 0.36821099296875 0.3057054513888889 0.005738353125000017 0.013602022222222211
6 0.31321844218750006 0.30400519861111114 0.006694745312500005 0.013602022222222211
7 0.5255375078125001 0.2734006527777778 0.010520314062500003 0.023803538888888868