7 0.740439550390625 0.4223434527777778 0.01713866015624994 0.028124980555555606
7 0.737802833203125 0.38484347847222217 0.025048810156249955 0.05156246527777779
7 0.7654883613281249 0.42468720069444443 0.009228508593750018 0.01874998750000003
7 0.95467280078125 0.39656221875 0.01054686718750002 0.023437484722222183
7 0.6217872882812501 0.25945294027777777 0.09624016875 0.12421866388888887
7 0.379209330078125 0.2840622965277778 0.11469718671874998 0.1218749152777778
7 0.4998391296875 0.4528121833333333 0.015820301562500028 0.023437483333333297
7 0.607944525390625 0.4446090618055556 0.010546867968750017 0.02578123194444441
7 0.017319930859375002 0.46453092430555554 0.02900388671875 0.04687496527777771
7 0.2645121421875 0.43523406736111114 0.0250488109375 0.02578123194444441
7 0.41941926328125 0.4293746979166667 0.01054686718750002 0.01874998750000003
7 0.40755403671875 0.4317184451388889 0.013183584375000024 0.018749987499999954
2 0.25330609648437497 0.48914028125 0.021093735156249994 0.03046872916666664
2 0.193320786328125 0.51023401875 0.05141598046875 0.058593709722222165
2 0.11751517421874999 0.5324996270833334 0.050097621875 0.04218747083333333
2 0.41678254609375004 0.45632780416666663 0.015820301562500028 0.016406238888888917
2 0.42205598046875004 0.48796840625 0.015820301562499937 0.02812497916666664