7 0.506055346875 0.3605549520833333 0.024571473437500036 0.012480748611111083
7 0.503130171484375 0.3740757631944444 0.021061263281249954 0.01456087361111113
7 0.49318457539062505 0.3948770104166667 0.015210911718749998 0.018721123611111147
7 0.48382401406250003 0.36783538819444445 0.019891193749999925 0.02704162083333333
7 0.524191435546875 0.42295869444444445 0.009360563281249946 0.02080124722222223
7 0.5417424875 0.4229586951388889 0.011700701562500004 0.01664099861111118
7 0.7369492046875 0.4448000041666666 0.008190490624999925 0.0228813722222222
7 0.5503230136718751 0.4572807527777778 0.011700702343750003 0.01872112222222218
2 0.5050802953125 0.4021574472222222 0.011700703125 0.016640997222222214
2 0.4957197335937501 0.4208785694444444 0.011700701562500004 0.024961497222222247
2 0.47933875078125004 0.41879844513888886 0.014040840625000061 0.012480748611111083
2 0.47524350546875 0.4291990708333333 0.01287077187500003 0.020801252777777772
2 0.49045441757812497 0.44063975347222223 0.015210911718749998 0.018721120833333296
2 0.47875371601562494 0.47912206250000006 0.043292596093750024 0.06656399166666671
2 0.60161108359375 0.43127919305555557 0.015210912499999996 0.02080124722222223
2 0.658359486328125 0.37719595138888895 0.03276196328124996 0.02496150000000002
2 0.65543431171875 0.4375195680555556 0.0269116140625 0.016640997222222214
2 0.70223711796875 0.4448000041666666 0.019891192187500017 0.0228813722222222
2 0.720373204296875 0.45208044027777783 0.02106126328125004 0.024961494444444475
2 0.7426045386718749 0.4572807527777778 0.018721122656249988 0.022881372222222276
2 0.75723041640625 0.4614410020833333 0.02457147500000003 0.018721123611111147
2 0.771856291796875 0.46872143819444445 0.023401403906250007 0.02496149583333336
2 0.7929175562499999 0.47392175138888887 0.025741543749999974 0.03120187222222223
2 0.8180740640625 0.4843223743055555 0.03861231406250001 0.031201870833333267
2 0.8321149066406249 0.47808199930555556 0.02223133359374998 0.022881370833333314
2 0.85668637890625 0.49992330972222226 0.03861231406249992 0.024961497222222247
2 0.880672819140625 0.49888324791666666 0.04446266796875005 0.0395223708333333
2 0.9163599585937501 0.5144841833333333 0.05031301718750001 0.037442244444444446
2 0.9871392160156252 0.5342453687500001 0.02572156796874996 0.03536212083333328
2 0.6367131890625 0.3782360125 0.019891193750000015 0.027041622222222214