2 0.134369148828125 0.5813948645833333 0.26873829765625 0.26417584305555564
2 0.018928316015625 0.535632120138889 0.03627217421875 0.12688760972222224
2 0.9029163265625 0.7259635340277778 0.1918915078125 0.4160249486111111
2 0.8549434507812499 0.5595535548611111 0.18721122656250005 0.17057022916666667
2 0.35122824414062503 0.5304318090277778 0.059673578906250004 0.07904474027777779
2 0.269323332421875 0.5054703125 0.06201371953125001 0.0457627444444444
2 0.57120143515625 0.5158709361111111 0.06435385937499997 0.08320499166666669
2 0.53785443515625 0.5096305624999999 0.014040842187499968 0.04992299444444441
9 0.45536448749999997 0.48258894097222227 0.16263975312500004 0.3078584625
2 0.6478410308593749 0.5564333680555555 0.12636757890625 0.1684901055555555
7 0.21198989375000005 0.24753484305555556 0.04095245625000001 0.029121744444444413
7 0.231296051953125 0.3276196472222222 0.10062603515624999 0.1352081083333333
7 0.315541104296875 0.31825908611111114 0.06552392890625 0.08736524166666666
7 0.43137805117187505 0.2901774006944444 0.08658519453124999 0.09360561250000003
7 0.5191333128906249 0.30369821180555556 0.08424505234374999 0.08736523749999997
7 0.52078477578125 0.2506550326388889 0.05712615312500002 0.031201870833333346
7 0.68235810078125 0.35986157986111117 0.04095245624999997 0.07072424027777775
7 0.580561996875 0.4285056965277778 0.00819049218750001 0.0166409986111111
7 0.554820453125 0.4482668826388889 0.010530631249999978 0.018721120833333296
7 0.63965053984375 0.4493069444444444 0.014040842187499968 0.008320499999999953
7 0.640820609765625 0.45866750625 0.016380982031249935 0.01456087361111113
2 0.30910571718749996 0.5075504368055556 0.019891192187499972 0.033281995833333314
2 0.228370875390625 0.5054703118055556 0.01989119296874997 0.029121745833333375
2 0.359418734765625 0.4825889402777777 0.022231333593750024 0.008320499999999953