6 0.6755506304687501 0.3822459277777778 0.016389401562499996 0.04856118888888885
6 0.66189279609375 0.38588801736111117 0.013657835937500007 0.05584536805555555
6 0.7561318546875 0.5036489027777777 0.010926268750000023 0.02913671388888888
6 0.019974562890625 0.27905339791666667 0.019120969531250004 0.07526984583333333
6 0.0049509449218750005 0.27662533819444446 0.00819470078125 0.08012596527777778
7 0.6694046039062499 0.47208412847222225 0.01502361875 0.03399283472222218
7 0.813494760546875 0.34096891597222223 0.01638940234374999 0.03399283472222226
7 0.8162263289062501 0.3980283145833334 0.019120968750000068 0.06070148750000005
6 0.56901951875 0.5218593479166667 0.010926268750000023 0.016996415277777763
6 0.543069633203125 0.5279294986111112 0.010926267968750025 0.01942447777777782
6 0.18591725390625 0.5291435277777777 0.009560484374999989 0.02185253611111114
6 0.16816206914062498 0.5274092125000001 0.015023619531249999 0.021852536111111064
2 0.5601419265625 0.5449259131944444 0.012292051562500017 0.01456835694444444
2 0.5840431374999999 0.5437118826388889 0.01365783437500001 0.026708654166666672
2 0.5471669828125 0.5546381506944444 0.024584103125000034 0.029136715277777763
2 0.523948665234375 0.5558521798611111 0.021852535156249964 0.03156477361111109
2 0.502096129296875 0.5679924798611111 0.035510369531249975 0.08012596527777778
2 0.48775540234375 0.5995572513888889 0.05326555625000005 0.13839939166666665
2 0.610675914453125 0.5789187465277778 0.058728689843750015 0.11654685416666671
2 0.22893943398437502 0.6068414319444445 0.14204148046875 0.1675361083333333
2 0.38463874921874996 0.6456903847222223 0.21033065468749998 0.2889390805555556
2 0.692622923046875 0.6517605326388889 0.19257546953125004 0.2670865458333333
2 0.56970241015625 0.5461399444444445 0.012292051562500017 0.02185253611111114
2 0.960316485546875 0.7124620187499999 0.07784965859375 0.19910087916666663
2 0.9808032378906251 0.5947011347222222 0.036876153906249876 0.07041372777777775