6 0.185636774609375 0.2112881888888889 0.013672963281250006 0.04861498333333335
6 0.36391118515625 0.22624664444444445 0.00841413124999999 0.03739613888888888
6 0.561643273046875 0.23372587291666666 0.008414133593750072 0.026177298611111115
6 0.628430441796875 0.25148903819444446 0.007362366406250054 0.02430749027777775
7 0.597929215625 0.23466077569444443 0.03681182500000002 0.01682826250000002
7 0.44857838203125 0.2739267236111111 0.013672964062500004 0.024307488888888902
6 0.637896339453125 0.3010389256944444 0.007362364843750057 0.02243768194444446
2 0.581626834375 0.3365652583333333 0.01682826249999998 0.029916911111111114
2 0.6342151574218751 0.3580680388888889 0.02944946015624996 0.061703630555555514
2 0.667345798828125 0.35619822986111116 0.03470829296874998 0.09162054305555556
2 0.699950558203125 0.35993784236111115 0.06415775078124994 0.11031860972222225
2 0.7488576984374999 0.3786359152777778 0.07362364999999996 0.10283938333333333
2 0.8366801945312501 0.40200850416666667 0.14198846718750008 0.1608034027777778
2 0.5563844417968751 0.3403048722222222 0.02734592734375001 0.03739613888888892
2 0.51483966640625 0.33656525625 0.015776496874999955 0.02243768194444446
2 0.46540664453125 0.34123977499999997 0.01577649531249996 0.02056787777777775
2 0.59740333125 0.3459142923611111 0.031552992187500004 0.04113575416666669
2 0.41912892187500006 0.33469545 0.01998356249999995 0.01869806944444446
2 0.340772322265625 0.3393699680555555 0.02524239453125001 0.02804710555555556
2 0.22718154960937503 0.34310958402777775 0.03365652578125 0.04300556249999998
2 0.174593227734375 0.3524586152777778 0.03996712421875 0.04674517499999998
2 0.12831550351562498 0.3515237131944444 0.046277722656249985 0.052354595833333344
2 0.044174190234375 0.3618076520833333 0.08834838046875 0.07292247361111114
2 0.9323909390624999 0.45997251874999995 0.13357433749999997 0.23185606805555553
7 0.47645019218750007 0.30384363541666665 0.010517664062499942 0.01682826250000002
6 0.47592430937499997 0.32534641527777775 0.0052588312500000175 0.014958455555555576