4 0.6409034859375 0.41882783055555556 0.04482418749999999 0.18984361944444444
2 0.50577174375 0.40945283750000006 0.01186522656250002 0.030468730555555525
2 0.4939065167968749 0.41296845833333334 0.022412094531250037 0.028124983333333374
2 0.49061062031249997 0.42234345208333335 0.015820301562500028 0.02812497916666672
2 0.353501341015625 0.4282028215277778 0.03955075390624998 0.05859370972222225
2 0.22232467265625 0.4504684340277778 0.025048810937500044 0.02812497916666664
2 0.20518601328125002 0.4481246847222222 0.0250488109375 0.03281247777777775
2 0.179478022265625 0.4492965590277778 0.015820300781250008 0.03046872916666664
2 0.534775629296875 0.4211715791666667 0.04877926328125 0.0773436972222222
2 0.46819852656250005 0.4176559541666667 0.03427732031249997 0.06093745833333328
2 0.296811926171875 0.4422653145833334 0.08437494296874996 0.1054686791666666
1 0.08842065273437501 0.4035934659722222 0.17684130546875002 0.3093747875