6 0.38826793515625 0.5028812687499999 0.011154657812500001 0.018305081944444388
6 0.47364397890625 0.4967795743055556 0.008580509374999944 0.015254234722222215
7 0.527272146484375 0.48483042013888894 0.009438557031250027 0.013728812500000014
2 0.369819845703125 0.5422880333333333 0.025741521093749987 0.025932200000000055
2 0.336784894140625 0.5567795555555556 0.036896180468749984 0.0396610111111111
2 0.5224098667968751 0.5468643013888889 0.026599571093750017 0.028983044444444456
2 0.43445967265625 0.5461015930555555 0.025741520312499943 0.024406775000000006
2 0.47264292695312504 0.5514405743055556 0.028315672656249992 0.03203389305555551
2 0.29645651171875 0.5659320958333334 0.055773293749999994 0.06711863333333336
2 0.195206530859375 0.6155083583333334 0.09524362578125004 0.09610167500000004
1 0.072622293359375 0.3901032097222222 0.14524458671875 0.7802064194444444
7 0.9570697289062501 0.2982202826388889 0.03775423124999992 0.04423727916666667
7 0.9592148558593749 0.3416948513888889 0.055773294531249996 0.024406775000000006
7 0.968871160546875 0.2620739416666667 0.05964099140624999 0.11652996111111114
2 0.258659413671875 0.5547984451388889 0.022087094531249997 0.033656523611111155