6 0.44346094296875 0.41927861875 0.006026787500000008 0.01989797083333337
6 0.678751675 0.3603500180555556 0.0060267874999999195 0.024489805555555577
6 0.7067331937500001 0.39631942361111105 0.005165818750000018 0.016836741666666672
2 0.753061580859375 0.44260224791666664 0.018941335156250006 0.03520409861111118
2 0.67098247890625 0.4525512319444444 0.03271685312500008 0.033673486111111116
2 0.5656571414062499 0.46147979999999994 0.01721939531250003 0.03520409722222229
2 0.5320793203124999 0.4829083791666667 0.05510206562500004 0.06887758333333333
1 0.38011815507812496 0.47040838958333336 0.09556764296874998 0.07653064583333331
2 0.6154499281250001 0.5038267638888889 0.12139673906250001 0.16377558333333328
2 0.4656411609375001 0.5084186020833333 0.10934315937500001 0.1270408736111111
4 0.348692759375 0.49005125 0.006887757812499995 0.03520409722222221
4 0.381696608984375 0.48928594027777783 0.006887758593749993 0.03673471111111116
4 0.275797326171875 0.5030614583333334 0.015497457031249962 0.05816329166666666
4 0.16774561953124997 0.5168369756944444 0.014636485937499999 0.06734697083333335
2 0.132302353125 0.6556125520833334 0.26345675156250004 0.42551039305555555