7 0.623075701953125 0.05412196805555555 0.09204547734375002 0.046245069444444446
7 0.6906090683593751 0.09058442777777778 0.07903905234375 0.06225298055555556
7 0.69711228203125 0.16617733333333332 0.07603756874999998 0.09960476944444442
7 0.6991132703125 0.23999158194444448 0.07603756874999998 0.04090910277777778
7 0.75013848203125 0.09947771180555556 0.0240118640625 0.06936760694444444
7 0.8696975531250001 0.09414174166666667 0.031015325000000083 0.023122536111111112
7 0.8772012605468749 0.1181536076388889 0.048023727343750086 0.021343879166666666
7 0.8621938449218749 0.1341615138888889 0.022010874218750053 0.021343880555555552
7 0.842684206640625 0.17595994444444443 0.031015324218749994 0.03735178888888887
7 0.67960363203125 0.2693394145833333 0.013006426562500017 0.021343879166666666
7 0.5315304718749999 0.3360390361111111 0.023011370312500022 0.04446641388888884
7 0.071160143359375 0.3547149298611111 0.02501235703125001 0.05335969583333334
6 0.09079486015625 0.2169961034722222 0.019009392187499995 0.058695668055555573
6 0.074786949609375 0.21521744513888888 0.01500741484375 0.05869566527777776
6 0.535014340234375 0.07559290416666667 0.018008897656250068 0.08181820277777778
6 0.515504700390625 0.08181820277777777 0.023011369531250027 0.08359685833333333
6 0.61305289765625 0.17697632847222222 0.01400692187499999 0.05335969583333336
6 0.60004647109375 0.18142297083333334 0.014006920312499994 0.05158104166666667
6 0.86117548984375 0.26590915833333334 0.02201087500000014 0.049802383333333346
6 0.824657446484375 0.2703557993055556 0.031015324218749994 0.04802372638888887
2 0.39394464101562504 0.38418982152777775 0.025012358593750016 0.023122537500000026
2 0.4194572457031249 0.39130444652777785 0.020009886718750015 0.019565220833333383
2 0.39494513476562504 0.39930840208333335 0.023011369531250027 0.010671940277777816
2 0.413954526171875 0.4250989222222223 0.03301631171875004 0.05513835555555562
9 0.45497479374999994 0.3913044472222222 0.05102520937500001 0.10494073888888893
2 0.37393475351562505 0.3957510875 0.019009392968749993 0.01067193888888893
2 0.35692635 0.39397243125 0.017008403125000005 0.01778656527777779
2 0.35192387929687496 0.40375504166666665 0.017008405468749998 0.023122536111111064
2 0.331413744921875 0.39041511875 0.022010875781250005 0.007114626388888863
2 0.330913498046875 0.4055337 0.03301631328125003 0.023122536111111144
2 0.30890262265625 0.3993084013888889 0.023011370312500022 0.03557313055555558
2 0.37593574296875004 0.4411068305555555 0.06103015312500002 0.0835968583333333
2 0.21985862812499998 0.4455534722222222 0.043021256250000015 0.07114626388888894
2 0.26137914179687505 0.45266809930555557 0.08404152421875 0.11739133472222225
2 0.307401881640625 0.49535585625000006 0.14207019453125 0.16719371805555558
2 0.19734750546875 0.44110683125 0.0240118640625 0.05158104027777778
2 0.16433119296875 0.4322135479166666 0.060029659375 0.09426879861111112
2 0.09229560117187499 0.4891305569444444 0.18409095546875 0.23656132499999996
2 0.775132978125 0.4215416076388889 0.12005932031249991 0.07648223472222221
2 0.863676725390625 0.4117589972222222 0.021010380468749902 0.07470357499999997
2 0.9382135527343749 0.3975297458333333 0.12206030859374994 0.10316208333333331
4 0.567548266796875 0.41341059791666673 0.015007414843749966 0.06047432361111105
4 0.6325803984375 0.42763985000000004 0.023011370312500022 0.08893282777777776
4 0.7026150015624999 0.42052522430555556 0.015007414062500057 0.08537551805555554
4 0.8782017542968749 0.4347544756944444 0.030014828906250023 0.12450596250000001
7 0.010862324609375 0.2176853777777778 0.01777471328125 0.045643708333333345