7 0.37250416132812497 0.45182425694444445 0.024628372656249998 0.01094594166666667
7 0.42227400039062496 0.4475674965277778 0.023602192968750036 0.010945943055555555
7 0.4525463773437499 0.4886147861111111 0.006157092187500002 0.01641891666666666
7 0.41868236328124997 0.46641885 0.03489019687499999 0.025540536111111106
7 0.394225023828125 0.5396958638888888 0.007183275781249998 0.0273648611111111
2 0.396790480078125 0.5387836986111111 0.008209458593749951 0.0072972972222222175
2 0.40140829999999994 0.5369593743055555 0.015392732812499954 0.01459459583333332
2 0.411670120703125 0.5351350486111112 0.009235639843750042 0.02189188611111111
2 0.38447629296875 0.5433445083333333 0.016418915624999995 0.031013508333333325
2 0.3516384609375 0.5476012687499999 0.010261823437499994 0.023716212499999993
2 0.24115283203125 0.5710134159722222 0.03899492656250003 0.054729720833333315
2 0.4207347265625 0.5396958736111112 0.020523645312499995 0.02736486111111118
2 0.36839943203125 0.54790533125 0.03283783124999999 0.05108107361111117
2 0.299645220703125 0.5697972201388889 0.09235640390624997 0.13864862361111116
2 0.086199309765625 0.6245269416666667 0.16624152734375 0.15324321666666663
2 0.020523645312499998 0.6166215180555555 0.041047290624999996 0.10581079166666664
7 0.37358060234375 0.4750475965277778 0.040117960937500016 0.033113237500000045