2 0.3640573515625 0.42327413750000004 0.019502392187499985 0.030337055555555516
1 0.33236596484375 0.42652453611111113 0.036566985937500004 0.049839447222222256
2 0.28970448007812505 0.44169306388888885 0.02925358828125 0.049839447222222256
2 0.25923199140625003 0.4546946604166667 0.036566985937500004 0.04983944861111114
2 0.019305587890625 0.4644458555555556 0.03861117578125 0.06934183888888891
7 0.219008307421875 0.38535282083333333 0.014626792968749979 0.015168527777777758
2 0.382340843359375 0.4351922659722222 0.01462679453125002 0.02383625694444444
2 0.400014887890625 0.41352294027777775 0.010970096093749947 0.015168524999999988
9 0.41464168242187505 0.41460640694444445 0.02315909140625001 0.030337055555555516
1 0.439629123828125 0.4135229409722222 0.021940191406250076 0.028170123611111108
2 0.44511417070312503 0.4481938652777778 0.018283492968750002 0.041171716666666684
2 0.468273260546875 0.4514442597222222 0.035348086718750074 0.060674111111111116
9 0.51824814296875 0.41189275138888887 0.049974881250000006 0.04443209999999998
2 0.5535962281250001 0.46011199444444445 0.03778588593750003 0.06500797500000001
7 0.5980860625 0.35393229930555553 0.017064593749999978 0.017335459722222248
2 0.4140322328125 0.4882821131944444 0.08288516874999993 0.11701435416666668
2 0.5188575914062501 0.4731135847222222 0.07069617343750005 0.12134821944444446
2 0.65903103984375 0.4980333083333333 0.09994976249999991 0.11051355833333329
2 0.7510579546875 0.5251199645833333 0.1450490453125 0.12134822083333334
7 0.7693414457031251 0.3084267145833333 0.02315909140625001 0.026003190277777775
2 0.87038914453125 0.6719230208333333 0.2569458734375001 0.4604863999999999