7 0.104304439453125 0.28802322013888887 0.031193850781249997 0.0311938513888889
7 0.088220109765625 0.25422988125 0.022420580468749996 0.025994876388888914
7 0.072135780078125 0.23863295486111108 0.04679077578125 0.025994876388888876
7 0.928504473046875 0.3183505743055556 0.024370196093749998 0.02946085972222221
7 0.9285044734374999 0.2741592854166666 0.02631981093749989 0.05198975138888891
7 0.692113570703125 0.38767024375 0.007798463281250001 0.015596926388888871
7 0.930941492578125 0.4647883756944444 0.02144577265625003 0.06238770138888891
6 0.4074696796874999 0.29668817847222223 0.007798462500000003 0.038125818055555524
6 0.692113570703125 0.20483961666666667 0.015596925781250003 0.055455736111111105
6 0.4191673734375 0.29582168263888886 0.007798462500000003 0.032926843055555544
6 0.398696408984375 0.2958216826388889 0.00974807890624998 0.03639282638888888
6 0.706735687890625 0.20830559999999998 0.009748077343749984 0.051989752777777794
6 0.67944106875 0.20743910416666667 0.011697693750000049 0.05372274444444448
6 0.078959435546875 0.3712068229166667 0.017546541406250005 0.045057784722222195
6 0.9582361128906249 0.3824712687499999 0.02144577265625003 0.04679077638888892
6 0.05946327890624999 0.37207331805555555 0.019496157812499998 0.04332479166666666
6 0.976270056640625 0.3790052861111111 0.01852134921875006 0.04332479166666666
6 0.303165240234375 0.4153981111111111 0.00974807890624998 0.015596924999999985
6 0.7081979 0.42146358194444444 0.008773270312499993 0.017329916666666632
2 0.48740392304687497 0.4673878638888889 0.011697694531250047 0.015596927777777835
2 0.477655844140625 0.47085384722222223 0.009748077343749984 0.022528894444444506
2 0.467907766015625 0.4725868381944444 0.011697694531249959 0.02946085972222221
2 0.461571515234375 0.47431982986111115 0.012672502343749947 0.032926843055555585
2 0.45377305234375004 0.4760528215277778 0.014622117187500016 0.039858809722222256
2 0.44743680078125003 0.47778581319444446 0.017546540624999985 0.04332479305555555
2 0.43525170351562503 0.47951880555555554 0.022420580468750017 0.053722741666666705
2 0.51859777421875 0.46912085486111105 0.007798462500000003 0.02252889305555554
2 0.530295468359375 0.46825435902777773 0.017546541406249984 0.02426188472222219
2 0.542967969921875 0.4673878631944444 0.011697692968750052 0.025994876388888834
2 0.555640472265625 0.4673878638888889 0.015596925781250003 0.022528894444444426
2 0.578061052734375 0.47258683888888886 0.02924423515625003 0.019062911111111133
2 0.3021904328125 0.50031470625 0.12477540312499999 0.08838257916666663
2 0.8685537906250002 0.5159116312500001 0.033143467187499984 0.03985880972222217
2 0.9338659164062498 0.5384405243055556 0.12477540468750004 0.14037232916666662
2 0.155969255078125 0.6242236145833333 0.31193851015625 0.2738126930555555
2 0.42111698906249995 0.48731726805555553 0.04094192812499999 0.06585368611111109
2 0.56051451171875 0.5705008708333333 0.13842271406250006 0.18369712222222223
2 0.789106951171875 0.5037806895833333 0.11210290234374991 0.08145061249999996
2 0.0394797171875 0.7784598777777777 0.078959434375 0.38472416388888886
2 0.911445336328125 0.7576639777777777 0.17351579765624994 0.39512211388888885