6 0.763680191015625 0.36275526527777774 0.014636486718750064 0.04591838611111108
6 0.507111198046875 0.5211737027777777 0.0060267898437500024 0.016836744444444444
7 0.5398280480468751 0.5219390076388889 0.012914547656249997 0.02142857916666669
7 0.5178733199218749 0.5181124770833333 0.012053580468750002 0.022959195833333328
2 0.442968950390625 0.5716839319444444 0.044770432031249995 0.05357145277777775
2 0.5200257445312501 0.5716839305555556 0.05596303750000002 0.07193880833333337
2 0.3684950640625 0.5915819006944444 0.08867988750000003 0.10561229305555551
2 0.6130104808593749 0.5227043138888889 0.019802308593750075 0.03520409722222221
2 0.560060837109375 0.5357145270833333 0.013775517968749984 0.021428579166666614
2 0.48558695312500005 0.5448982041666667 0.01808036406250002 0.024489808333333307
2 0.668973513671875 0.5755104624999999 0.12656255546874995 0.15918374444444447
2 0.58373750703125 0.5418369777777777 0.030133940625000032 0.030612261111111077
7 0.8411674687499999 0.4905614465277777 0.06629467031249998 0.10867351805555556
7 0.9208071730468749 0.4836736826388889 0.06371176328124992 0.11632658194444442