6 0.31293511796875 0.24506056319444444 0.006828917187500005 0.031564773611111124
6 0.519168422265625 0.23170623680555555 0.009560483593749947 0.038848951388888865
6 0.53009468984375 0.23170623541666666 0.012292051562500017 0.04856119027777777
6 0.35595729765625 0.32761458680555555 0.010926267187500028 0.0169964152777778
7 0.341616570703125 0.3094041430555556 0.009560483593749992 0.024280594444444463
7 0.32044692812500003 0.27662533958333335 0.016389401562499996 0.012140298611111117
7 0.310886442578125 0.29362175486111114 0.01638940234374999 0.012140298611111077
7 0.672136171484375 0.20985370069444442 0.02321831953125004 0.05341730972222223
7 0.670087496484375 0.26205697916666665 0.019120969531250066 0.04613313055555557
7 0.6154561578125 0.3543232423611111 0.016389401562499996 0.012140298611111117
7 0.70150051640625 0.34339697291666665 0.02731566875000002 0.01456835694444444
6 0.5819944625 0.35796533194444446 0.009560484375000034 0.01942447777777774
7 0.0052070390625 0.15036624375000002 0.010414078125 0.01699641527777778
2 0.678282196484375 0.439305325 0.054631338281249955 0.04613313055555553
2 0.721304376953125 0.4150247291666667 0.03414458671874998 0.04127701111111111
2 0.7103781101562501 0.45630174236111115 0.042339287500000024 0.036420893055555584
2 0.5956522976562499 0.4356632354166666 0.05326555625000005 0.07769790694444446
2 0.42766092890625007 0.37496174722222225 0.009560484375000034 0.024280594444444463
2 0.4351727390624999 0.37981786666666667 0.01365783437500001 0.02913671388888888
2 0.4385871984375 0.38224592777777777 0.012292051562499929 0.02913671388888888
2 0.44678189843750005 0.3846739881944444 0.01775518437499999 0.03399283472222226
2 0.45497660039062493 0.39074413611111114 0.02048675234375006 0.0461331305555556
2 0.37439537421875 0.3871020451388889 0.01775518437500003 0.06312954583333333
1 0.2876681234375 0.3458250354166667 0.030047235937500007 0.03399283472222222
2 0.287668123828125 0.3895301048611111 0.04643663828125 0.08255402361111111
2 0.26581558828125 0.3676775708333333 0.013657834374999966 0.02913671388888888
2 0.24464594531249997 0.36160742083333336 0.025949885937499983 0.026708655555555558
2 0.21937895 0.36282145208333333 0.030047235937500007 0.03399283472222222
2 0.12855434882812503 0.36160742083333336 0.05053398828125 0.04613313055555553
2 0.41263731249999996 0.38953010624999995 0.028681453124999968 0.04370507083333332
2 0.40171104296875004 0.39560025416666666 0.042339287500000024 0.05098925000000002
2 0.17908833828124998 0.3919581645833333 0.08604435937500002 0.08741014305555553
2 0.334787653515625 0.41502472986111116 0.08877592578124997 0.13354327361111112
2 0.5102908316406249 0.43809129375 0.12565208046874998 0.2039569986111111
3 0.6236508578125 0.4672280083333334 0.06555760624999998 0.06798566666666667
4 0.6455033925781251 0.4210948770833333 0.02458410234374995 0.07769790416666669
2 0.861980075390625 0.5000068125 0.2745224789062499 0.25494624999999993
2 0.9862663703125 0.6238378472222222 0.025949885937500028 0.1675361083333333
6 0.64755206953125 0.3348987666666667 0.015023617187500005 0.026708652777777786
6 0.0670940921875 0.28876563541666667 0.012292051562499995 0.016996415277777763