2 0.40493007499999994 0.43005560694444445 0.010517664062499987 0.011218841666666653
2 0.390731228515625 0.4328603173611111 0.015776496093750002 0.013088648611111135
2 0.37653238164062497 0.43005560694444445 0.01472473046874998 0.014958455555555538
2 0.364437067578125 0.4309905104166667 0.015776496093750002 0.01682826250000002
2 0.35023822109375 0.4375348347222222 0.012621196875000028 0.011218841666666732
2 0.33814290703125 0.4375348347222222 0.0178800296875 0.0186980694444445
2 0.317107578515625 0.4450140625 0.01788002890625 0.0186980694444445
2 0.301856965234375 0.44220935208333334 0.016828263281249978 0.020567876388888903
2 0.29396871679687503 0.4496885798611111 0.015776496093750002 0.01682826250000002
2 0.2839769359375 0.44875367638888886 0.01893179531250002 0.02617729722222227
2 0.262941607421875 0.45436309722222223 0.018931796093749974 0.018698069444444423
2 0.252949826171875 0.44875367638888897 0.015776496093750002 0.018698069444444423
2 0.235595680078125 0.4496885798611111 0.023138861718750015 0.020567876388888826
2 0.153032015625 0.45342819375 0.024190628124999992 0.024307490277777788
2 0.112013124609375 0.45249329027777774 0.019983561718749997 0.02617729722222219
2 0.09020868710937499 0.45660686736111117 0.040453575781249994 0.026925223611111052
2 0.49801140429687496 0.4375348347222222 0.011569430468749965 0.0186980694444445
2 0.51799496640625 0.45062348333333335 0.013672964062500004 0.022437683333333305
2 0.517469083203125 0.461842325 0.012621197656249982 0.02617729722222227
2 0.50537376875 0.46371213263888883 0.028397692187500035 0.033656526388888844
2 0.4822349078125 0.45903761458333336 0.0178800296875 0.028047104166666673
2 0.45699251328125 0.45623290416666673 0.015776496874999955 0.02617729722222219
7 0.555332675 0.42818579999999995 0.010517665625000028 0.014958455555555538
7 0.5663762222656249 0.43005560694444445 0.00946589765625001 0.007479227777777769
7 0.6005586308593751 0.4309905104166667 0.016828263281249978 0.01682826250000002
7 0.6026621640625 0.44407915902777784 0.00841413124999999 0.013088648611111135
7 0.60371393046875 0.4599725180555555 0.00841413124999999 0.014958455555555538
7 0.7078388066406249 0.43192541388888894 0.01893179609375002 0.018698069444444423
7 0.7073129234375 0.4552980006944444 0.013672964062500004 0.024307490277777708
6 0.4927525722656251 0.38891985277777774 0.007362364843749969 0.014958455555555538
6 0.45383721445312497 0.4225763791666667 0.007362364843750057 0.014958458333333308
6 0.56269503984375 0.4207065722222222 0.00841413124999999 0.014958458333333308
6 0.58162683515625 0.4150971513888889 0.00841413124999999 0.011218844444444424
2 0.031552992578125 0.45810271111111106 0.02734592734375 0.018698069444444423