4 0.84149332265625 0.45179249652777775 0.023218318749999866 0.1286871541666667
4 0.7998369265625 0.44572234722222215 0.024584103125000034 0.12625909444444441
4 0.5574103593749999 0.4285524951388889 0.009560484375000034 0.029483587500000002
2 0.164320813671875 0.5692065083333333 0.32864162734375 0.6264393527777778
2 0.347079705859375 0.5145751694444444 0.15706510078124997 0.20638505833333332
2 0.41400309453124995 0.47815427777777775 0.09150749218749996 0.14811163055555557
2 0.4597568410156249 0.46358591944444444 0.03277880234374999 0.10440655833333336
2 0.479560701953125 0.45023159305555555 0.028681453906250008 0.07769790555555557
2 0.49663299570312497 0.44658950416666665 0.01638940234374999 0.0655576055555555
2 0.5048276953124999 0.4332351770833333 0.02731566875000002 0.04856119027777781
2 0.5963351890624999 0.45508771388888886 0.03551037187499997 0.06798566666666667
2 0.574482653125 0.439305325 0.019120968749999977 0.04127701111111111
2 0.712426783984375 0.5097190520833333 0.17755185234375004 0.23066565416666668
2 0.54170385 0.4308071173611111 0.019120968749999977 0.033992831944444406
7 0.605895672265625 0.38710204583333335 0.01365783515625001 0.02913671388888888
6 0.5143881792968751 0.38744891944444443 0.008194700781249953 0.024280594444444383
6 0.55809325078125 0.38744891944444443 0.008194700000000044 0.024280594444444383
7 0.8032513847656251 0.2846032625 0.023218317968750048 0.03642089444444443