7 0.530863066015625 0.5293421076388889 0.018984375781249962 0.014210526388888825
7 0.5143766359375 0.5257894770833333 0.01199013124999997 0.014210526388888903
2 0.5636610691406251 0.5594125875 0.006994242968749997 0.015986841666666703
2 0.47923055859375 0.5540836395833334 0.011990132812499965 0.008881579166666617
2 0.455749884765625 0.5576362715277778 0.006994244531249994 0.015986843055555512
2 0.432269210546875 0.5523073243055555 0.00999177734375003 0.012434209722222218
2 0.420279078125 0.5549717979166667 0.009991776562499943 0.010657895833333302
2 0.40229388046875003 0.5549717979166667 0.011990132812500054 0.010657895833333302
2 0.38930457226562504 0.5514191666666667 0.011990132031250012 0.010657894444444416
2 0.35932924296874996 0.5469783756944444 0.011990132812500009 0.012434212499999988
2 0.366823075390625 0.5647415347222222 0.012989310156250022 0.026644736111111123
2 0.5052091773437499 0.5540836402777778 0.009991776562500032 0.012434211111111104
2 0.5236939640625 0.5531954819444445 0.010990954687499953 0.0071052638888888155
2 0.49539226015625 0.5657565826388888 0.01199013124999997 0.012434212499999988
2 0.5373577210937499 0.5613157930555556 0.009991776562500032 0.010657897222222266
2 0.55584250703125 0.5630921090277777 0.008992598437499933 0.01065789305555561
2 0.521870467578125 0.5693092152777778 0.012989310156249979 0.015986841666666626
2 0.466915698046875 0.56575658125 0.014987664843750003 0.01953947361111111
2 0.44593296718750003 0.5639802666666667 0.020982731250000074 0.03730263333333331
2 0.4269485921875001 0.5701973722222222 0.014987665625000002 0.017763155555555542
2 0.39047860859375005 0.5790789520833334 0.0399671046875 0.05328947361111113
9 0.203509581640625 0.547993423611111 0.04396381640624998 0.05506578888888885
2 0.292935980078125 0.6181578972222221 0.16686266640624997 0.21315789444444444
2 0.046180543359375 0.6408413631944444 0.09236108671875 0.19457745694444448