6 0.41175883437500005 0.31107201458333333 0.007798462500000003 0.015596926388888911
6 0.39226267734375 0.3448653534722222 0.007798462500000003 0.010397951388888889
6 0.386413830078125 0.3569962958333333 0.007798463281250001 0.010397950000000005
6 0.37715315546875 0.3569962958333333 0.006823654687500014 0.013863933333333339
6 0.286983430078125 0.3084725270833333 0.009748078906250023 0.01732991805555556
6 0.355707383203125 0.3535303118055556 0.0068236554687500115 0.013863931944444493
2 0.383976810546875 0.3847241631944444 0.00877327109374999 0.013863934722222224
2 0.3878760421875 0.3847241631944444 0.008773270312499993 0.013863934722222224
2 0.39323748515625 0.3847241631944445 0.009748078124999981 0.020795901388888892
2 0.400548544140625 0.3847241631944444 0.012672502343749992 0.027727868055555563
2 0.411758833984375 0.38819014652777784 0.01949615703125005 0.031193851388888937
2 0.429792779296875 0.3907896340277778 0.026319811718749975 0.03639282638888888
2 0.450751148046875 0.3925226256944444 0.04289154453124997 0.046790776388888844
2 0.46586066953125 0.39858809652777777 0.04386635312500005 0.045057784722222195
2 0.499978944140625 0.39772160208333335 0.06141289453124994 0.06065471249999995
2 0.5267861597656249 0.4055200638888889 0.06433731796875 0.07625163611111105
2 0.570165109375 0.41418502152777775 0.08285866718749997 0.08664958472222221
2 0.675066611328125 0.4150515180555555 0.21662665859374997 0.1195764277777778
2 0.71162190546875 0.44364588194444443 0.23319839218750005 0.13517335555555554
2 0.375690944140625 0.39148283125 0.017546541406249984 0.02252889305555562
2 0.359119210546875 0.3880168486111111 0.017546541406249984 0.02599487777777772
2 0.3269505515625 0.38888334375 0.031193851562500007 0.038125818055555524
2 0.270899100390625 0.39061633611111113 0.05166481640625 0.05198975277777783
2 0.227520151953125 0.39754830208333336 0.04289154609374997 0.05198975138888894
2 0.2004498984375 0.40890370416666666 0.03269473437499999 0.05043867222222218
2 0.146233354296875 0.4166112104166667 0.053395114843749994 0.06238770138888891
2 0.046451880859375 0.4257309048611111 0.09234701796874999 0.09208671249999993
7 0.25113485664062496 0.3100817243055556 0.02729461953125001 0.015596926388888911
7 0.315472174609375 0.3473410465277778 0.01559692578124996 0.010397951388888889
7 0.435860943359375 0.32047967499999996 0.022420580468750017 0.015596925000000025
7 0.5435772101562499 0.29708428680555554 0.019496156249999962 0.04852376805555557
7 0.8495276269531249 0.10558870069444445 0.031193850781250098 0.032926843055555544
6 0.8124849292968751 0.26663316319444447 0.017546541406249894 0.038125818055555566
6 0.8612253210937499 0.2545022215277778 0.025345003124999897 0.034659834722222234
6 0.331476057421875 0.34706346666666665 0.0068894914062499705 0.009526211111111137