2 0.544680908203125 0.4272006958333334 0.055502452343749994 0.0784883166666667
2 0.137494712109375 0.5382056013888888 0.27498942421875 0.39692663333333333
6 0.53051328828125 0.04896373194444444 0.017049870312500028 0.09326424999999998
6 0.3545061640625 0.1725388638888889 0.014426814062499993 0.0699481888888889
6 0.4686172984375 0.3498336388888889 0.013875612500000046 0.033637847222222246
6 0.503937041796875 0.3498336416666667 0.01387561484374995 0.029152802777777768
7 0.603589172265625 0.15249158819444444 0.026489807031249944 0.06951822361111112
7 0.6023277539062499 0.21752476319444444 0.029012646875000048 0.020182709722222192
7 0.616203365234375 0.25676892361111114 0.02144413046875 0.017940186111111107
7 0.605481301953125 0.29601308402777776 0.03279690390625003 0.020182709722222233
7 0.5537631050781251 0.36216751875 0.02018271015624995 0.040365423611111124
7 0.28674819453125 0.21528223958333337 0.07649715625000005 0.03363784861111113
7 0.6216695097656251 0.3337622138888889 0.021444128906250005 0.03363785000000002
7 0.9199951933593751 0.1487540375 0.06559380859374997 0.08521588888888891
2 0.39386243671875 0.5673584041666666 0.3418446515625 0.43504952777777767
6 0.334833236328125 0.17370466666666667 0.017049871093750023 0.05829015555555556
6 0.5175291640624999 0.047797928472222216 0.01573834218750001 0.08160621805555555