2 0.040916397656250006 0.7231606361111111 0.08070989218749999 0.13475043055555563
2 0.20619622070312502 0.6838584291666666 0.17264898671875 0.18590568611111113
2 0.31989189453125 0.6564092659722222 0.0505314109375 0.07111828194444449
2 0.362352316015625 0.6482992868055556 0.03298578203125002 0.0474121875
2 0.866683877734375 0.7056929888888889 0.26458808203124995 0.3443622055555556
2 0.728424317578125 0.6651430902777778 0.13404860234374993 0.2008779527777778
2 0.66210184296875 0.6458039090277777 0.06597156406250004 0.13475042916666666
2 0.61788685859375 0.6389416187500001 0.0364949078125 0.11104433472222226
2 0.596481191015625 0.6320793298611111 0.03579308359375002 0.08983362083333332
2 0.570864572265625 0.6283362618055557 0.026669355468749954 0.062384459722222216
2 0.524895025 0.6283362618055557 0.030178481249999934 0.06737521527777778
2 0.48524190390625 0.6314554826388888 0.029476656249999955 0.036182981944444415
2 0.50489300859375 0.6327031722222223 0.011229201562500003 0.03867836111111108
2 0.5403351789062499 0.6270885729166668 0.010527378124999931 0.03992605138888889
6 0.545879593359375 0.5776800784722221 0.007018252343750042 0.01247689305555555
6 0.44446585859375 0.5733131666666667 0.006316424999999981 0.013724580555555595