6 0.71341320234375 0.15867175833333333 0.02373045312500004 0.08671868888888887
6 0.82679203046875 0.44695281041666673 0.02373045312500004 0.03046872916666664
6 0.1689311546875 0.33796851111111115 0.015820303125 0.028124980555555564
6 0.140586447265625 0.33445288819444446 0.017138660156250006 0.035156226388888906
6 0.9223730191406251 0.4364059430555555 0.019775377343749945 0.037499974999999984
7 0.9138036894531251 0.37898410763888885 0.02373045390624995 0.03515622638888887
7 0.66529311796875 0.4504684333333333 0.009228509375000016 0.018749986111111148
6 0.630356618359375 0.41531220694444443 0.010546867968749929 0.032812477777777835
6 0.565757053515625 0.4387496916666666 0.007910150781250014 0.023437483333333297
7 0.165635258203125 0.2617966875 0.03295896171874999 0.030468727777777756
2 0.5492775722656249 0.4750777909722222 0.03823239453125007 0.05859370972222225
2 0.23550825703125003 0.4692184201388889 0.14633779062500002 0.1687498847222222
2 0.64947281640625 0.4938277784722222 0.009228509375000016 0.03046872916666664
2 0.661338042578125 0.49851527430555553 0.019775377343750032 0.0351562236111111
2 0.682431777734375 0.5020308979166667 0.03295896171874997 0.04218747083333333
2 0.7114356640625 0.5184371361111111 0.04086911250000007 0.06093745833333336
2 0.739121191796875 0.5289840041666666 0.03295896171874997 0.07265620000000005
2 0.49390651679687503 0.49031215486111107 0.06459956484375003 0.0890624375
2 0.60398944921875 0.5067183944444444 0.08437494218749997 0.11249992222222226
2 0.792514710546875 0.5407027458333333 0.09492181015624998 0.1289061611111111
2 0.371299179296875 0.48328091111111116 0.15952137421875 0.20156236111111106
2 0.9797216125 0.8043744402777779 0.03955075468749989 0.29531229722222224