2 0.042468072265625004 0.6154172034722223 0.08493614453125001 0.2513905791666667
2 0.431261377734375 0.4532648444444444 0.016528114843750073 0.02285368888888889
2 0.41243769257812507 0.4581620652777777 0.019282800781250043 0.019588877777777784
2 0.44953847929687496 0.44914495902777785 0.018364571093750025 0.026118501388888878
2 0.46606659492187497 0.4458801465277778 0.012855200781249998 0.019588876388888822
2 0.5069277664062499 0.44751255347222224 0.01744634218750001 0.02611850416666665
2 0.47387153671875 0.44424774027777775 0.011936971875000068 0.02285368888888889
2 0.48764496679687497 0.44506394166666663 0.022955716406249937 0.04407497222222219
2 0.726384411328125 0.41684663611111106 0.12947023046875 0.1844619222222222
7 0.020660143750000002 0.10365780416666666 0.0385656015625 0.050604600000000007
7 0.37853973359375 0.39014512361111114 0.01974191406250001 0.011426844444444445
7 0.514667121875 0.3844317020833333 0.02020102968750006 0.01305924861111115
7 0.41136640625 0.42524185902777784 0.01193697187499998 0.009794437499999968
7 0.987933646484375 0.2129684479166667 0.02085663359374994 0.03773027638888892
7 0.679277529296875 0.26693032361111113 0.022955713281249946 0.08978234722222224
6 0.19591534843749997 0.09551895416666666 0.02579011718749997 0.06367930277777778