2 0.48179869218750004 0.4775512347222222 0.017219396875000025 0.021428580555555576
2 0.496865662890625 0.47678592847222223 0.014636486718750064 0.016836743055555558
2 0.46371832578125005 0.4783165423611111 0.022385214062499957 0.02908164583333333
2 0.441763596484375 0.4821430736111111 0.023246183593750035 0.02755103333333327
2 0.42385542304687507 0.48367368888888884 0.023246185156250033 0.027551033333333346
2 0.40792748124999995 0.4875002201388889 0.02066327499999998 0.032142870833333365
2 0.385345472265625 0.4899054770833333 0.027551032031249978 0.041326551388888945
2 0.360807833984375 0.4922013958333333 0.03357782109374998 0.048979613888888926
2 0.32766049765625 0.5036809923611112 0.032716851562499996 0.050510226388888906
2 0.29149976640624997 0.5098034451388889 0.04304848906249999 0.06275513194444444
2 0.232523336328125 0.5077261888888889 0.09556764609374999 0.091836775
2 0.5602043515625 0.4772961506944445 0.02066327499999998 0.022959195833333328
2 0.585172473828125 0.48188798958333334 0.030994911718750018 0.035204098611111095
2 0.6110015679687499 0.4918369722222222 0.036160731250000036 0.052040838888888885
2 0.6342477507812501 0.5010206486111112 0.039604610937499986 0.05510206666666669
2 0.6712694515625 0.5017859562500001 0.044770428125000004 0.06275513194444444
2 0.7852044332031249 0.5326533006944445 0.10417734296874989 0.12397964861111113
2 0.894547595703125 0.5087418173611111 0.20835468515624997 0.2755103263888889
7 0.5505901707031249 0.44591856875 0.011192607031250024 0.012244904166666654
7 0.7636801890625 0.39923487500000004 0.018941334375000007 0.05051022500000002