7 0.11777751875 0.39206134097222217 0.03239038281250002 0.1087677013888889
7 0.41288988203125 0.4848337902777778 0.010796793749999978 0.02132700000000006
7 0.4500788375 0.49976269027777775 0.010796793749999978 0.017061600000000017
7 0.46747367265625 0.49229823888888896 0.01439572499999997 0.01919430000000004
7 0.502863163671875 0.4645731402777778 0.01319608203125 0.01919429999999996
2 0.325915709765625 0.5434830402777778 0.06478076328125 0.11729850000000003
2 0.430284716015625 0.5402839909722222 0.016795011718749996 0.055450201388888905
2 0.45787652265625 0.5456157402777778 0.02399287500000007 0.036255900000000056
2 0.489067261328125 0.5509474909722223 0.04798575234375004 0.07251180138888892
2 0.381099323046875 0.5658763902777778 0.11756508828125005 0.14075819999999994
2 0.084787315234375 0.6117294409722223 0.16795012578125 0.27511830138888893
7 0.87775183671875 0.5178906402777778 0.026392162500000003 0.05758290000000004