0 0.035001642578125006 0.6642714972222222 0.06839403671875 0.284304625
0 0.08881165625000001 0.6186754729166666 0.13578227968749998 0.34688740416666664
0 0.15569700195312502 0.6043708375 0.15690396796875 0.28609270277777765
0 0.217050476171875 0.5811258062500001 0.12270694921875 0.2896688625
0 0.2618083390625 0.5757615680555556 0.09756208281250003 0.26463575277777784
0 0.303548817578125 0.5677152118055555 0.09856787734374998 0.24139071805555562
0 0.342774808984375 0.5587748152777777 0.09655628671874998 0.21993376666666672
0 0.37445734140625 0.5516224972222221 0.07342301093749999 0.2020529722222222
0 0.3960819265625 0.5507284569444445 0.07845198437499996 0.1895364166666667
0 0.417706511328125 0.5391059416666667 0.09353890390624997 0.18059601944444445
0 0.428267355859375 0.5373178611111111 0.10259105546875005 0.16629138333333338
2 0.9301588929687501 0.5775496479166667 0.13678807343750013 0.5757615680555556
2 0.5645525320312499 0.5158609083333333 0.09756208281249998 0.11622516111111113
2 0.610316189453125 0.4988741541666667 0.07644039453125 0.10013244444444448
2 0.6636233070312499 0.5024503125 0.05230132187500001 0.0858278111111111
2 0.68826527734375 0.4899337562500001 0.035202812500000034 0.06794701527777779
2 0.706872478125 0.48278143958333336 0.030173840625000014 0.06794701527777779
2 0.73453183125 0.4765231625 0.025144867187499996 0.05543046111111115
2 0.85925036953125 0.5310595840277779 0.06738824218749997 0.1645033041666667
2 0.83209391484375 0.4881456770833333 0.043249170312499884 0.09298012916666668
2 0.814492507421875 0.4747350819444444 0.03017383984374993 0.06615893888888896