7 0.5716896664062501 0.5735152243055555 0.01186522656250002 0.02578123472222218
7 0.54466331796875 0.5114058909722222 0.018457018750000033 0.014062490277777803
7 0.5314797328124999 0.5395308722222222 0.04746090624999999 0.037499974999999984
7 0.48599636640625 0.5817183430555556 0.02504880937499996 0.028124980555555526
7 0.518955327734375 0.6039839527777778 0.011865225781250021 0.016406238888888917
7 0.40359896054687494 0.5114058916666667 0.010546864843750026 0.03749997500000006
7 0.580918176171875 0.5957808340277778 0.017138658593749946 0.02812498194444449
2 0.46688016835937507 0.6297651847222222 0.010546867968750017 0.021093736111111067
2 0.461606734375 0.6321089340277778 0.01054686718750002 0.02578123472222218
2 0.526865477734375 0.6297651868055556 0.01713866015624994 0.02578123472222218
2 0.429306951953125 0.6321089340277778 0.011865225781249933 0.02578123472222218
2 0.482700469921875 0.6285933104166668 0.010546867968749929 0.018749987499999954
2 0.5084084597656251 0.64499955 0.030322244531250053 0.04687496944444452
2 0.41084993320312496 0.6473432979166667 0.03559567890624997 0.0609374569444444
2 0.54632135546875 0.6262625791666667 0.020414376562500003 0.023463516666666667
2 0.45252131484374997 0.6309549395833334 0.019358345312500004 0.023464659722222177