2 0.4731659242187501 0.3786253548611111 0.01988292812500001 0.028549845833333306
2 0.45978318359375 0.37930511458333327 0.014529832812499954 0.03262839583333338
2 0.447929898046875 0.37794559583333337 0.01529456171875001 0.035347427777777794
2 0.435311887109375 0.3861026965277778 0.020647658593749972 0.04622355972222228
2 0.41963496093749997 0.39425979513888887 0.024471296875000003 0.05438066250000004
2 0.400899123828125 0.3949395534722222 0.026765482031250044 0.06661630972222217
2 0.37244964375 0.40536252222222224 0.04939823906249998 0.08293051111111112
2 0.51981433515625 0.37318728888888886 0.021412385937500035 0.03942597777777775
2 0.5328147121093749 0.3772658368055556 0.02905966484375 0.05302114583333335
2 0.546270733984375 0.38157098194444444 0.03211857890624996 0.07069485833333336
2 0.28396901289062504 0.41351961875 0.15141615390625002 0.1509063375
2 0.5656980179687501 0.3982023916666667 0.048942595312500004 0.09652567222222225
2 0.6372369765625 0.4199935041666667 0.12847431250000002 0.14818730277777775
2 0.1183938140625 0.5010011562500001 0.23553624062500003 0.25151055972222225
2 0.8350989472656251 0.5533232291666668 0.3273036054687499 0.5003020833333334
7 0.628132641796875 0.2845191201388889 0.014327842968750027 0.0331132375