6 0.08976735390625 0.32593736875 0.013817373437500002 0.055879073611111114
6 0.484966903515625 0.318350575 0.012672502343749947 0.07451864444444445
6 0.68382770390625 0.3356804923611111 0.014622117187499927 0.02946085972222221
6 0.973345634375 0.03656612361111111 0.039967121874999914 0.07313224722222222
7 0.9514124578125 0.13898593125 0.04484116093749986 0.09011557083333331
7 0.969933806640625 0.20657260833333335 0.02144577265625003 0.03812581666666668
7 0.9553116890624999 0.24903090555555557 0.06238770156250002 0.036392825
7 0.691626166796875 0.2888897152777778 0.01852134921875006 0.01906290833333336
7 0.547842009765625 0.3070861284722222 0.01949615703125005 0.0415918013888889
7 0.68723953203125 0.41453161527777777 0.027294620312500052 0.017329916666666632
7 0.68772693515625 0.4448589708333333 0.02047096406249995 0.022528891666666655
6 0.5005638289062501 0.3148845909722222 0.016571732812499997 0.05718872638888889
6 0.7003994375 0.4396599958333334 0.008773270312499993 0.01906290833333336
7 0.682852895703125 0.37207331875 0.02047096484375004 0.039858809722222215
6 0.977732269921875 0.2992876652777778 0.03509308359375005 0.05025675833333333
4 0.8383347472656251 0.5358410368055555 0.03314346640625008 0.11091147083333336
2 0.9855307324218749 0.5453724909722223 0.027294619531249963 0.06758667638888885
2 0.237853114453125 0.5852312993055555 0.17546541171875 0.16463421250000007
2 0.4060074679687499 0.538440523611111 0.057513662499999986 0.07105266111111111
7 0.38504909921874997 0.4725868381944445 0.031193851562500007 0.04679077638888892
2 0.491790558203125 0.5315085569444444 0.026319811718749975 0.036392825
2 0.5819602835937501 0.5297755652777778 0.03704269687500004 0.057188727777777774
2 0.5629515312500001 0.5297755659722223 0.018521350000000058 0.03985880972222217
2 0.5488168171875 0.5358410368055555 0.013647309374999939 0.02426188472222227
2 0.540043546484375 0.5315085576388889 0.011697694531249959 0.019062909722222247
2 0.5307828718750001 0.5271760777777778 0.010722885937499971 0.02079590000000001
2 0.5234718132812499 0.5150451361111111 0.007798462500000003 0.010397949999999965
2 0.440125742578125 0.5297755659722222 0.026319811718750065 0.04332479305555555
2 0.46205891914062497 0.5271760777777778 0.015596925781250003 0.02079590000000001
2 0.083917502734375 0.552404048611111 0.04110998515625001 0.04005799166666664
2 0.15938108281250002 0.5471054833333333 0.032168659375 0.046790777777777806
9 0.14670858085937502 0.5141786395833333 0.053614432031250006 0.05372274305555559
9 0.23297907499999998 0.4899167555555555 0.048740392187499995 0.0329268416666667
9 0.19106233828125002 0.50811316875 0.027294620312499983 0.034659834722222234
2 0.3104762984375 0.5063801777777779 0.022420579687499977 0.020795902777777778
2 0.34069534218749997 0.4951157305555555 0.016571732812499997 0.015596924999999985
9 0.4952023859375 0.5011812020833333 0.027294620312500052 0.05892171805555554