7 0.302250246875 0.5313482736111111 0.008264057812499993 0.00816203055555557
7 0.30867784726562497 0.5378778993055555 0.011936972656249979 0.008162031944444455
7 0.607255180859375 0.38524790416666665 0.027546858593749945 0.10773881944444447
2 0.31908443359375005 0.5982769368055555 0.024792171875000026 0.03428053472222222
2 0.307147462109375 0.6015417486111111 0.02846508515624997 0.04733978333333329
2 0.286487318359375 0.6064389694444444 0.03305622890625002 0.04407497222222219
2 0.25113551875 0.6105199840277777 0.06152131562500003 0.05876662916666662
2 0.427664962109375 0.5835852791666667 0.01101874296875005 0.019588875000000013
2 0.45291625 0.5811366701388889 0.013773429687499927 0.02122128472222218
2 0.4699034796875 0.5819528708333334 0.0257104 0.035912938888888926
2 0.393231392578125 0.6031741555555555 0.06794891484374999 0.09467956944444451
2 0.578943124609375 0.5933797173611112 0.05050257265624998 0.06856106805555555
2 0.50617350703125 0.5958283263888889 0.055093715624999984 0.07998791111111112
6 0.5086986367187499 0.5380411513888889 0.005509371875000025 0.02285368888888889
2 0.076463405859375 0.6151435888888889 0.11753326015625001 0.11753325833333332
2 0.092988576953125 0.7860355534722222 0.18364571640625 0.42279325138888885
2 0.20186200703125 0.5980466222222223 0.05360297812500001 0.045000030555555605