7 0.12984990429687499 0.12680171527777778 0.020663274218750007 0.027551033333333346
7 0.093689173828125 0.13445477986111112 0.03960461015625 0.024489806944444442
7 0.12080972148437501 0.17425071597222222 0.04907527734375 0.030612259722222233
7 0.540979596875 0.3079593173611111 0.006887757812499995 0.009183676388888885
7 0.5379662019531251 0.3209695270833333 0.007748725781249988 0.007653065277777789
4 0.630089968359375 0.36535730208333334 0.01808036484375002 0.04744900138888886
2 0.43737264804687503 0.36209929097222215 0.010331636718750037 0.033673484722222195
2 0.430484890234375 0.36669112916666663 0.012053575781250015 0.03367348333333331
2 0.414987433984375 0.35903806388888887 0.029272971093750044 0.04591838611111111
2 0.41541791953124996 0.3697523555555556 0.018080365625000018 0.048979613888888884
2 0.39992046328124997 0.37051766180555556 0.030133942187499985 0.050510226388888864
2 0.3732304 0.37664011319444446 0.033577820312499986 0.06581635694444445
2 0.36289876328125004 0.38505848472222226 0.03185588125000001 0.061224516666666694
2 0.34740130742187497 0.38888501666666664 0.02324618359374999 0.09030616388888887
2 0.53982805234375 0.3643952097222222 0.030994912500000017 0.03826532222222221
2 0.5424109613281249 0.3728135819444444 0.025829092968750002 0.04285716388888889
2 0.542841445703125 0.38965032291666674 0.024968122656250015 0.06428574305555554
2 0.5716839332031249 0.38888501666666664 0.05854594453124999 0.09030616388888887
2 0.28073764375000004 0.38986898194444447 0.12484061718750002 0.1377551638888889
2 0.48263505625 0.4105322569444444 0.10503831249999998 0.1698980361111111
2 0.6053232488281249 0.4204812402777778 0.08867988671875002 0.10102045277777781
6 0.09189776328124999 0.24443887916666668 0.025829092187499993 0.044387772222222246
6 0.127197524609375 0.24826541250000003 0.012053577343749988 0.048979613888888884
6 0.743864175 0.27136091944444446 0.0352129578125 0.048991941666666684