6 0.456534559375 0.39522370138888885 0.01287077187500003 0.058243491666666675
2 0.24962105976562504 0.49922993958333334 0.17471829609375003 0.19137147916666666
2 0.46779405585937506 0.46802806736111113 0.011700702343750003 0.01664099861111118
2 0.6347630656250001 0.5075504347222222 0.07605456093749999 0.1289677333333333
2 0.5370622062500001 0.4836290013888889 0.14274856093750002 0.24753484166666664
2 0.44404162812500003 0.47634856597222225 0.0269116140625 0.03328199583333339
2 0.40367420820312494 0.47318582500000006 0.03744224609374998 0.03527701666666666
2 0.073421903125 0.4815488777777778 0.0702042125 0.04992299444444449
2 0.1208097453125 0.4815488777777778 0.02925175468750001 0.04160249444444446
4 0.7049672746093749 0.4836290034722222 0.024571471093749953 0.12272735972222222
2 0.360230001953125 0.4796054916666667 0.019983561718750043 0.03365652499999996