6 0.245763087890625 0.26900381180555555 0.013710932031249979 0.03749998749999999
6 0.0174233234375 0.26712881388888887 0.010546871874999999 0.04499998611111108
6 0.00634910859375 0.2680663138888889 0.0116015578125 0.04312498611111108
4 0.40605454609375 0.47049090416666667 0.01687499374999999 0.09937496388888892
4 0.42398422617187503 0.47424090208333336 0.012656244531249961 0.08437496805555555
4 0.41291001210937495 0.47330340138888893 0.013710933593749974 0.09374996666666667
4 0.4329490671875 0.4761159020833333 0.02003905625 0.08812496805555554
4 0.4624803070312501 0.4686159041666667 0.03058592656250001 0.12187495833333337
4 0.291620991796875 0.4639284055555556 0.01582030703124997 0.07499997499999998
4 0.23677725976562503 0.4733034034722223 0.01582030703124997 0.06374997916666669
4 0.5146873281250001 0.4742409020833333 0.016874993750000032 0.08062497083333334
2 0.6444138374999999 0.4690623319444444 0.09914059062500007 0.08437497222222222
2 0.484101393359375 0.46156233333333335 0.10335933828124996 0.06562497777777783
2 0.100551232421875 0.4918123277777778 0.20039055390625 0.39187486388888887
7 0.352265501953125 0.3599998756944444 0.016874994531249986 0.02812499027777776
6 0.367176137890625 0.35718737500000003 0.023203116406249967 0.043124986111111124